label
normal
normal
neptune
normal
normal
neptune
neptune
neptune
neptune
neptune
neptune
neptune
normal
warezclient
neptune
neptune
normal
ipsweep
normal
normal
neptune
neptune
normal
normal
neptune
normal
neptune
normal
normal
normal
ipsweep
neptune
normal
portsweep
normal
normal
normal
neptune
normal
neptune
neptune
neptune
normal
normal
normal
neptune
teardrop
normal
warezclient
neptune
normal
neptune
teardrop
normal
normal
normal
nmap
neptune
neptune
normal
normal
neptune
satan
normal
neptune
normal
portsweep
neptune
neptune
neptune
normal
neptune
normal
normal
neptune
normal
neptune
normal
normal
neptune
normal
neptune
neptune
ipsweep
normal
neptune
normal
neptune
neptune
normal
normal
normal
normal
neptune
neptune
normal
normal
normal
normal
neptune
normal
normal
normal
normal
teardrop
normal
normal
normal
normal
normal
normal
normal
normal
normal
normal
portsweep
neptune
normal
normal
normal
neptune
neptune
neptune
normal
neptune
normal
normal
normal
normal
normal
neptune
neptune
normal
normal
neptune
neptune
normal
normal
smurf
neptune
normal
neptune
neptune
normal
normal
normal
nmap
normal
warezclient
neptune
neptune
normal
neptune
neptune
neptune
normal
normal
neptune
ipsweep
neptune
normal
normal
normal
normal
neptune
portsweep
normal
normal
normal
normal
neptune
normal
smurf
neptune
neptune
neptune
normal
satan
satan
neptune
normal
normal
normal
normal
teardrop
neptune
neptune
neptune
normal
normal
warezclient
normal
neptune
neptune
normal
normal
normal
normal
portsweep
normal
normal
neptune
normal
normal
normal
normal
neptune
normal
normal
neptune
satan
pod
neptune
normal
neptune
neptune
normal
normal
normal
normal
normal
neptune
warezclient
neptune
ipsweep
normal
normal
neptune
normal
normal
normal
normal
normal
teardrop
normal
neptune
neptune
neptune
normal
normal
normal
ipsweep
neptune
neptune
neptune
normal
neptune
ipsweep
neptune
normal
ipsweep
normal
normal
portsweep
nmap
smurf
normal
normal
portsweep
normal
neptune
normal
normal
neptune
normal
normal
normal
normal
ipsweep
neptune
normal
neptune
normal
normal
normal
normal
neptune
neptune
normal
normal
normal
neptune
normal
normal
neptune
normal
neptune
neptune
normal
portsweep
normal
neptune
neptune
normal
normal
normal
normal
nmap
normal
neptune
normal
neptune
neptune
warezclient
normal
ipsweep
normal
normal
portsweep
normal
neptune
normal
neptune
neptune
normal
smurf
ipsweep
satan
normal
neptune
normal
neptune
neptune
neptune
normal
neptune
normal
normal
normal
normal
portsweep
portsweep
normal
normal
neptune
normal
normal
normal
neptune
neptune
normal
neptune
normal
normal
neptune
normal
neptune
normal
neptune
ipsweep
portsweep
normal
neptune
normal
satan
normal
neptune
normal
neptune
normal
normal
normal
neptune
normal
normal
ipsweep
back
normal
neptune
neptune
normal
normal
normal
neptune
normal
neptune
normal
normal
normal
neptune
normal
neptune
normal
neptune
neptune
normal
neptune
normal
normal
normal
normal
normal
neptune
neptune
neptune
neptune
portsweep
neptune
ipsweep
normal
normal
neptune
normal
normal
ipsweep
normal
normal
normal
neptune
neptune
normal
neptune
normal
normal
neptune
normal
normal
neptune
neptune
neptune
normal
neptune
neptune
satan
teardrop
normal
smurf
normal
normal
ipsweep
normal
smurf
neptune
normal
normal
normal
normal
normal
normal
normal
neptune
normal
neptune
neptune
normal
normal
smurf
teardrop
neptune
normal
normal
normal
neptune
neptune
neptune
normal
neptune
normal
neptune
neptune
normal
normal
neptune
normal
normal
neptune
back
neptune
normal
normal
neptune
normal
neptune
normal
neptune
normal
normal
neptune
ipsweep
normal
neptune
neptune
neptune
normal
portsweep
normal
normal
satan
neptune
normal
neptune
normal
normal
normal
normal
neptune
normal
normal
normal
normal
normal
normal
neptune
normal
normal
normal
warezclient
ipsweep
normal
portsweep
normal
normal
normal
normal
normal
normal
neptune
neptune
normal
normal
neptune
normal
neptune
normal
normal
normal
neptune
normal
portsweep
neptune
satan
neptune
neptune
normal
neptune
normal
neptune
normal
neptune
normal
neptune
neptune
normal
normal
normal
normal
normal
neptune
normal
neptune
warezclient
ipsweep
normal
neptune
normal
normal
ipsweep
neptune
neptune
neptune
normal
neptune
normal
normal
neptune
neptune
normal
smurf
neptune
normal
ipsweep
neptune
neptune
neptune
normal
normal
normal
neptune
normal
normal
normal
warezclient
neptune
normal
normal
normal
ipsweep
normal
normal
neptune
normal
portsweep
neptune
normal
normal
neptune
normal
neptune
normal
neptune
neptune
normal
neptune
ipsweep
normal
portsweep
neptune
back
normal
neptune
normal
neptune
normal
normal
normal
neptune
ipsweep
normal
normal
back
normal
portsweep
portsweep
normal
neptune
neptune
neptune
neptune
normal
neptune
normal
portsweep
normal
normal
neptune
normal
normal
normal
neptune
normal
neptune
normal
normal
portsweep
normal
neptune
neptune
neptune
neptune
normal
portsweep
normal
ipsweep
normal
normal
normal
normal
normal
normal
neptune
normal
satan
satan
normal
normal
neptune
teardrop
neptune
normal
normal
normal
neptune
normal
neptune
back
normal
normal
normal
neptune
neptune
normal
normal
normal
normal
normal
normal
normal
neptune
neptune
guess_passwd
normal
normal
normal
neptune
normal
portsweep
neptune
normal
normal
normal
normal
normal
normal
neptune
normal
teardrop
neptune
normal
neptune
satan
neptune
normal
neptune
neptune
normal
neptune
normal
warezclient
neptune
normal
normal
normal
normal
normal
neptune
neptune
normal
normal
normal
normal
normal
normal
neptune
neptune
normal
normal
normal
neptune
neptune
normal
smurf
neptune
neptune
normal
neptune
normal
normal
normal
smurf
normal
neptune
neptune
normal
neptune
neptune
back
portsweep
neptune
teardrop
ipsweep
neptune
neptune
normal
neptune
normal
neptune
neptune
normal
warezclient
neptune
neptune
neptune
normal
normal
normal
neptune
portsweep
warezclient
portsweep
normal
neptune
ipsweep
normal
normal
normal
portsweep
normal
smurf
neptune
normal
neptune
normal
neptune
neptune
neptune
neptune
neptune
normal
neptune
normal
normal
normal
normal
normal
normal
normal
neptune
portsweep
neptune
normal
neptune
normal
neptune
normal
normal
neptune
normal
normal
normal
neptune
normal
normal
normal
portsweep
neptune
normal
neptune
normal
normal
ipsweep
normal
normal
satan
normal
neptune
normal
neptune
normal
neptune
normal
normal
normal
portsweep
normal
neptune
normal
neptune
neptune
normal
neptune
normal
satan
neptune
neptune
normal
neptune
neptune
normal
smurf
teardrop
neptune
normal
normal
neptune
neptune
normal
normal
normal
normal
normal
neptune
neptune
normal
neptune
ipsweep
neptune
neptune
neptune
neptune
normal
normal
neptune
neptune
neptune
satan
normal
normal
portsweep
normal
normal
normal
nmap
normal
neptune
neptune
normal
smurf
nmap
portsweep
neptune
satan
normal
portsweep
normal
normal
neptune
normal
neptune
normal
portsweep
smurf
neptune
neptune
neptune
nmap
neptune
neptune
neptune
normal
neptune
ipsweep
normal
normal
neptune
normal
neptune
normal
neptune
neptune
neptune
neptune
neptune
normal
normal
neptune
normal
normal
normal
normal
normal
neptune
neptune
normal
normal
normal
normal
neptune
neptune
neptune
neptune
normal
neptune
normal
normal
normal
normal
smurf
normal
neptune
neptune
normal
normal
normal
satan
normal
neptune
neptune
neptune
normal
normal
normal
normal
normal
smurf
normal
smurf
normal
normal
normal
normal
normal
normal
normal
normal
neptune
normal
neptune
normal
ipsweep
neptune
normal
neptune
portsweep
neptune
neptune
normal
normal
neptune
neptune
normal
neptune
normal
normal
neptune
neptune
normal
normal
neptune
normal
neptune
neptune
normal
neptune
neptune
normal
neptune
portsweep
normal
neptune
smurf
satan
warezclient
ipsweep
portsweep
neptune
normal
normal
neptune
normal
neptune
normal
normal
neptune
normal
neptune
normal
neptune
normal
portsweep
satan
normal
neptune
neptune
normal
normal
neptune
normal
normal
normal
neptune
normal
neptune
neptune
normal
neptune
neptune
normal
portsweep
normal
neptune
warezclient
normal
neptune
normal
normal
neptune
normal
neptune
normal
normal
neptune
neptune
ipsweep
neptune
normal
ipsweep
normal
normal
neptune
normal
ipsweep
normal
normal
neptune
normal
ipsweep
normal
normal
neptune
neptune
normal
ipsweep
normal
neptune
teardrop
satan
normal
normal
normal
normal
neptune
normal
normal
normal
normal
neptune
ipsweep
normal
normal
normal
normal
smurf
normal
neptune
normal
smurf
normal
neptune
neptune
normal
normal
normal
neptune
warezclient
normal
nmap
normal
normal
normal
normal
normal
normal
neptune
normal
normal
neptune
neptune
satan
normal
neptune
ipsweep
portsweep
neptune
pod
satan
normal
neptune
normal
neptune
neptune
neptune
neptune
normal
normal
neptune
neptune
portsweep
ipsweep
neptune
teardrop
neptune
normal
neptune
neptune
neptune
ipsweep
neptune
normal
neptune
nmap
neptune
smurf
normal
normal
satan
normal
normal
smurf
normal
normal
neptune
normal
neptune
neptune
neptune
smurf
normal
normal
normal
normal
neptune
neptune
normal
normal
normal
neptune
normal
normal
ipsweep
normal
normal
neptune
neptune
satan
normal
normal
normal
portsweep
normal
neptune
normal
neptune
normal
neptune
normal
neptune
neptune
normal
normal
normal
neptune
satan
normal
neptune
smurf
neptune
normal
neptune
nmap
normal
normal
normal
ipsweep
normal
neptune
portsweep
neptune
normal
neptune
normal
normal
normal
normal
normal
normal
neptune
normal
normal
normal
normal
neptune
normal
normal
normal
neptune
normal
normal
neptune
neptune
neptune
normal
normal
neptune
neptune
pod
normal
neptune
teardrop
normal
neptune
normal
neptune
neptune
neptune
normal
nmap
normal
warezclient
neptune
neptune
nmap
portsweep
normal
satan
normal
nmap
neptune
normal
normal
neptune
normal
neptune
normal
neptune
normal
neptune
normal
normal
teardrop
normal
normal
neptune
ipsweep
neptune
nmap
normal
neptune
normal
neptune
neptune
normal
normal
neptune
neptune
normal
normal
normal
normal
satan
normal
neptune
neptune
neptune
normal
neptune
neptune
ipsweep
neptune
normal
neptune
neptune
normal
neptune
normal
normal
normal
normal
normal
normal
normal
normal
normal
normal
neptune
neptune
normal
normal
ipsweep
neptune
normal
normal
normal
satan
nmap
neptune
neptune
normal
ipsweep
neptune
warezclient
normal
neptune
smurf
neptune
normal
normal
normal
neptune
neptune
normal
nmap
normal
normal
satan
normal
normal
neptune
normal
normal
smurf
neptune
portsweep
smurf
normal
normal
neptune
neptune
neptune
portsweep
normal
neptune
ipsweep
normal
normal
neptune
satan
neptune
normal
satan
normal
normal
normal
normal
normal
satan
nmap
neptune
normal
warezclient
normal
satan
neptune
neptune
normal
normal
neptune
neptune
normal
neptune
ipsweep
back
normal
normal
normal
teardrop
teardrop
neptune
neptune
normal
normal
neptune
neptune
neptune
smurf
neptune
neptune
neptune
neptune
normal
neptune
normal
neptune
neptune
neptune
smurf
neptune
satan
normal
neptune
normal
neptune
normal
normal
smurf
normal
normal
normal
satan
neptune
normal
normal
neptune
normal
normal
neptune
neptune
normal
normal
teardrop
normal
neptune
neptune
neptune
normal
neptune
neptune
smurf
normal
normal
normal
normal
neptune
back
normal
neptune
normal
neptune
neptune
normal
neptune
normal
normal
normal
normal
portsweep
neptune
normal
smurf
neptune
neptune
normal
normal
normal
normal
normal
normal
normal
normal
normal
neptune
normal
normal
neptune
normal
neptune
normal
normal
nmap
normal
normal
normal
neptune
normal
neptune
neptune
neptune
normal
normal
normal
normal
neptune
normal
normal
neptune
neptune
neptune
normal
neptune
neptune
normal
back
normal
satan
back
neptune
normal
neptune
neptune
neptune
neptune
normal
normal
satan
normal
normal
neptune
normal
normal
normal
normal
neptune
normal
normal
neptune
normal
neptune
normal
neptune
normal
normal
normal
normal
portsweep
normal
normal
normal
neptune
normal
normal
nmap
normal
neptune
neptune
normal
normal
normal
normal
neptune
neptune
normal
normal
normal
neptune
normal
normal
neptune
normal
normal
neptune
neptune
normal
neptune
neptune
neptune
normal
neptune
neptune
neptune
normal
normal
normal
ipsweep
neptune
neptune
normal
normal
neptune
normal
neptune
ipsweep
neptune
neptune
neptune
normal
ipsweep
neptune
neptune
normal
normal
normal
normal
normal
normal
ipsweep
normal
normal
normal
neptune
neptune
neptune
normal
neptune
normal
normal
normal
satan
neptune
normal
normal
ipsweep
portsweep
normal
normal
normal
normal
normal
neptune
normal
normal
ipsweep
neptune
normal
normal
neptune
neptune
portsweep
normal
normal
normal
normal
normal
normal
neptune
normal
normal
normal
neptune
neptune
neptune
normal
normal
normal
teardrop
normal
normal
normal
normal
neptune
neptune
neptune
normal
normal
normal
ipsweep
neptune
normal
normal
normal
normal
normal
normal
nmap
normal
normal
neptune
normal
normal
normal
normal
normal
normal
smurf
normal
neptune
normal
normal
neptune
warezclient
satan
normal
neptune
normal
neptune
normal
neptune
normal
neptune
neptune
normal
normal
normal
normal
normal
normal
teardrop
normal
normal
normal
neptune
neptune
nmap
satan
normal
normal
warezclient
neptune
normal
normal
neptune
neptune
neptune
normal
normal
normal
normal
neptune
normal
normal
normal
normal
normal
normal
neptune
neptune
neptune
normal
normal
neptune
neptune
normal
teardrop
neptune
neptune
normal
normal
normal
normal
nmap
back
neptune
normal
neptune
neptune
neptune
neptune
normal
normal
neptune
normal
satan
ipsweep
neptune
normal
normal
normal
portsweep
normal
normal
satan
normal
satan
ipsweep
neptune
normal
normal
normal
normal
normal
nmap
normal
neptune
normal
normal
neptune
portsweep
neptune
ipsweep
normal
neptune
neptune
normal
normal
normal
normal
neptune
nmap
ipsweep
normal
normal
normal
normal
normal
warezclient
neptune
normal
neptune
neptune
normal
normal
neptune
normal
normal
normal
smurf
neptune
neptune
neptune
normal
normal
neptune
normal
normal
normal
neptune
neptune
neptune
normal
normal
normal
normal
neptune
neptune
ipsweep
neptune
ipsweep
neptune
normal
neptune
neptune
normal
normal
normal
neptune
neptune
normal
normal
neptune
neptune
smurf
normal
normal
normal
normal
normal
normal
normal
smurf
ipsweep
neptune
ipsweep
satan
ipsweep
normal
neptune
normal
neptune
normal
neptune
normal
normal
normal
normal
neptune
neptune
neptune
normal
normal
normal
normal
neptune
normal
normal
normal
normal
normal
normal
warezclient
normal
normal
neptune
normal
normal
neptune
normal
portsweep
normal
normal
normal
neptune
neptune
normal
ipsweep
normal
smurf
normal
neptune
neptune
neptune
neptune
neptune
normal
normal
smurf
neptune
normal
normal
normal
normal
normal
neptune
normal
neptune
normal
normal
normal
normal
smurf
neptune
normal
normal
smurf
normal
normal
neptune
neptune
normal
normal
neptune
normal
normal
normal
normal
normal
neptune
teardrop
normal
normal
normal
neptune
normal
neptune
normal
neptune
normal
neptune
normal
normal
normal
normal
normal
normal
neptune
neptune
normal
normal
normal
portsweep
normal
normal
neptune
normal
normal
neptune
neptune
satan
neptune
normal
neptune
normal
neptune
normal
normal
back
neptune
normal
normal
neptune
normal
normal
back
normal
neptune
back
normal
normal
neptune
neptune
normal
normal
portsweep
normal
normal
satan
neptune
normal
normal
normal
normal
normal
neptune
normal
neptune
normal
normal
normal
neptune
normal
normal
normal
normal
normal
neptune
neptune
neptune
normal
normal
normal
normal
normal
normal
normal
neptune
normal
neptune
normal
normal
neptune
normal
normal
normal
neptune
normal
normal
normal
normal
normal
neptune
normal
normal
neptune
normal
neptune
portsweep
normal
normal
satan
neptune
neptune
neptune
normal
neptune
neptune
normal
neptune
normal
normal
normal
neptune
normal
neptune
normal
normal
normal
normal
normal
normal
normal
smurf
normal
neptune
normal
normal
normal
normal
normal
satan
portsweep
normal
neptune
portsweep
normal
normal
normal
neptune
smurf
normal
neptune
neptune
normal
normal
normal
normal
normal
normal
normal
neptune
portsweep
normal
normal
neptune
neptune
neptune
neptune
warezclient
normal
normal
normal
normal
normal
normal
normal
normal
normal
ipsweep
normal
normal
neptune
normal
satan
normal
normal
normal
portsweep
neptune
neptune
neptune
normal
neptune
neptune
normal
normal
normal
neptune
normal
neptune
neptune
neptune
normal
neptune
neptune
normal
neptune
normal
normal
normal
neptune
normal
neptune
normal
normal
normal
neptune
normal
neptune
normal
neptune
ipsweep
neptune
normal
ipsweep
normal
neptune
neptune
neptune
normal
normal
normal
normal
normal
back
normal
neptune
normal
normal
normal
normal
smurf
normal
neptune
normal
normal
normal
neptune
normal
normal
normal
normal
neptune
neptune
neptune
satan
normal
normal
neptune
portsweep
normal
normal
normal
normal
normal
neptune
normal
ipsweep
warezclient
neptune
neptune
normal
neptune
normal
neptune
normal
neptune
neptune
neptune
neptune
portsweep
ipsweep
normal
smurf
neptune
smurf
normal
teardrop
back
normal
smurf
neptune
normal
satan
normal
normal
normal
satan
portsweep
satan
normal
neptune
neptune
normal
normal
ipsweep
normal
neptune
normal
normal
normal
back
back
neptune
normal
normal
normal
neptune
smurf
ftp_write
normal
nmap
normal
smurf
neptune
normal
normal
neptune
portsweep
normal
neptune
normal
normal
normal
normal
normal
normal
normal
normal
neptune
neptune
normal
neptune
neptune
normal
neptune
normal
normal
normal
smurf
neptune
neptune
smurf
normal
normal
neptune
teardrop
normal
neptune
neptune
neptune
neptune
neptune
satan
normal
normal
satan
neptune
neptune
normal
normal
normal
normal
neptune
normal
nmap
smurf
neptune
ipsweep
neptune
smurf
neptune
normal
neptune
neptune
normal
normal
neptune
normal
neptune
normal
normal
normal
back
normal
neptune
neptune
normal
normal
portsweep
neptune
normal
neptune
smurf
normal
pod
neptune
normal
neptune
normal
portsweep
normal
normal
normal
neptune
neptune
neptune
normal
neptune
normal
normal
normal
normal
neptune
neptune
neptune
normal
ipsweep
neptune
neptune
ipsweep
normal
normal
neptune
nmap
normal
neptune
normal
neptune
neptune
normal
ipsweep
normal
normal
neptune
normal
ipsweep
neptune
normal
normal
normal
normal
neptune
normal
normal
neptune
normal
neptune
neptune
neptune
nmap
normal
normal
normal
normal
normal
neptune
neptune
ipsweep
normal
ipsweep
normal
neptune
normal
normal
normal
normal
normal
normal
neptune
neptune
normal
normal
normal
ipsweep
normal
normal
normal
normal
neptune
neptune
normal
normal
normal
neptune
neptune
normal
neptune
neptune
ipsweep
normal
nmap
normal
normal
normal
neptune
neptune
neptune
normal
ipsweep
normal
normal
neptune
normal
neptune
neptune
normal
normal
normal
normal
neptune
normal
smurf
neptune
neptune
normal
normal
normal
normal
neptune
normal
normal
satan
normal
normal
neptune
normal
normal
neptune
neptune
neptune
neptune
normal
normal
normal
normal
nmap
normal
neptune
neptune
neptune
normal
neptune
neptune
neptune
normal
normal
neptune
normal
neptune
neptune
normal
neptune
normal
nmap
normal
normal
neptune
neptune
neptune
warezclient
neptune
normal
neptune
neptune
normal
normal
neptune
normal
neptune
ipsweep
neptune
neptune
neptune
normal
portsweep
normal
nmap
normal
normal
normal
normal
neptune
neptune
neptune
portsweep
neptune
neptune
normal
normal
neptune
normal
normal
normal
nmap
normal
normal
back
smurf
normal
neptune
neptune
ipsweep
neptune
normal
normal
normal
normal
neptune
normal
neptune
normal
normal
normal
satan
normal
neptune
normal
neptune
normal
normal
neptune
normal
neptune
normal
normal
normal
normal
normal
normal
normal
normal
normal
neptune
normal
ipsweep
normal
smurf
normal
neptune
neptune
normal
neptune
neptune
neptune
neptune
neptune
neptune
neptune
normal
normal
portsweep
normal
neptune
normal
smurf
normal
normal
normal
normal
neptune
smurf
neptune
neptune
normal
normal
normal
normal
normal
portsweep
neptune
normal
normal
neptune
normal
neptune
normal
neptune
neptune
neptune
normal
normal
satan
normal
neptune
neptune
normal
neptune
normal
normal
neptune
neptune
neptune
normal
normal
normal
neptune
neptune
neptune
neptune
normal
normal
normal
normal
normal
neptune
back
normal
normal
normal
neptune
neptune
neptune
neptune
neptune
neptune
normal
teardrop
normal
neptune
neptune
normal
normal
normal
normal
neptune
neptune
satan
nmap
normal
normal
normal
normal
normal
neptune
normal
normal
normal
neptune
normal
normal
normal
normal
portsweep
neptune
normal
normal
normal
neptune
satan
satan
neptune
neptune
neptune
normal
normal
normal
normal
satan
normal
smurf
satan
normal
normal
normal
normal
nmap
normal
normal
neptune
neptune
neptune
normal
normal
normal
neptune
neptune
neptune
neptune
satan
normal
ipsweep
normal
neptune
neptune
normal
neptune
normal
smurf
normal
normal
normal
normal
neptune
smurf
normal
normal
normal
neptune
normal
normal
neptune
ipsweep
neptune
normal
neptune
normal
neptune
normal
neptune
ipsweep
neptune
neptune
guess_passwd
normal
back
normal
normal
neptune
normal
neptune
normal
normal
neptune
neptune
neptune
normal
neptune
normal
normal
normal
normal
normal
normal
ipsweep
normal
normal
normal
normal
normal
normal
warezclient
neptune
normal
normal
neptune
neptune
normal
neptune
normal
ipsweep
neptune
normal
normal
neptune
normal
normal
normal
portsweep
normal
normal
neptune
neptune
normal
neptune
normal
smurf
neptune
normal
neptune
neptune
normal
normal
normal
neptune
normal
neptune
neptune
neptune
normal
normal
normal
neptune
normal
normal
normal
neptune
neptune
normal
neptune
neptune
neptune
normal
normal
neptune
neptune
normal
normal
neptune
neptune
normal
smurf
normal
normal
satan
normal
normal
nmap
smurf
portsweep
normal
normal
normal
neptune
normal
neptune
ipsweep
normal
normal
satan
normal
normal
neptune
normal
neptune
normal
portsweep
normal
normal
neptune
normal
normal
smurf
normal
normal
neptune
normal
normal
normal
normal
normal
neptune
normal
smurf
neptune
normal
normal
normal
normal
pod
neptune
normal
neptune
ipsweep
normal
neptune
satan
neptune
normal
normal
portsweep
neptune
ipsweep
satan
neptune
normal
normal
normal
normal
normal
normal
normal
neptune
normal
neptune
normal
normal
neptune
neptune
normal
normal
neptune
neptune
nmap
ipsweep
normal
nmap
ipsweep
normal
normal
neptune
neptune
normal
portsweep
neptune
normal
normal
neptune
neptune
normal
normal
normal
neptune
normal
normal
neptune
normal
normal
normal
normal
normal
neptune
satan
neptune
normal
normal
normal
neptune
neptune
neptune
multihop
normal
neptune
neptune
portsweep
normal
normal
normal
nmap
neptune
normal
neptune
normal
normal
normal
normal
normal
normal
normal
portsweep
neptune
normal
neptune
normal
normal
normal
back
nmap
normal
normal
portsweep
normal
normal
neptune
neptune
normal
normal
normal
neptune
normal
neptune
neptune
normal
normal
satan
normal
normal
normal
satan
normal
normal
normal
neptune
neptune
normal
smurf
portsweep
normal
normal
normal
normal
normal
neptune
normal
nmap
normal
normal
normal
normal
normal
back
neptune
neptune
neptune
neptune
neptune
neptune
satan
normal
normal
neptune
neptune
neptune
normal
ipsweep
normal
normal
normal
normal
normal
normal
normal
normal
neptune
normal
normal
neptune
normal
normal
normal
neptune
normal
normal
normal
neptune
neptune
neptune
normal
neptune
neptune
normal
normal
normal
ipsweep
teardrop
normal
neptune
neptune
neptune
normal
normal
neptune
neptune
neptune
normal
neptune
normal
normal
normal
normal
normal
normal
normal
neptune
normal
normal
smurf
normal
normal
normal
neptune
normal
normal
neptune
normal
normal
normal
neptune
neptune
neptune
neptune
neptune
neptune
smurf
normal
normal
normal
smurf
normal
neptune
pod
neptune
neptune
nmap
normal
normal
neptune
normal
rootkit
normal
normal
back
ipsweep
normal
normal
neptune
neptune
normal
normal
normal
normal
neptune
normal
normal
neptune
neptune
teardrop
neptune
normal
nmap
neptune
normal
neptune
normal
normal
neptune
normal
neptune
normal
normal
normal
normal
neptune
normal
normal
neptune
normal
normal
neptune
neptune
neptune
normal
normal
normal
neptune
normal
neptune
neptune
normal
neptune
neptune
normal
normal
neptune
normal
normal
satan
smurf
neptune
neptune
neptune
normal
normal
normal
normal
neptune
neptune
normal
neptune
neptune
normal
normal
normal
neptune
normal
neptune
neptune
normal
normal
neptune
normal
neptune
normal
normal
satan
normal
normal
normal
normal
back
normal
portsweep
neptune
normal
warezclient
normal
neptune
normal
normal
normal
normal
neptune
neptune
normal
neptune
satan
normal
neptune
normal
neptune
normal
normal
normal
neptune
normal
neptune
neptune
normal
normal
normal
neptune
normal
normal
normal
neptune
neptune
normal
neptune
neptune
neptune
normal
normal
neptune
neptune
back
normal
neptune
neptune
normal
normal
neptune
normal
neptune
normal
normal
neptune
neptune
normal
neptune
normal
normal
smurf
neptune
neptune
normal
normal
smurf
normal
neptune
neptune
normal
normal
normal
normal
normal
neptune
normal
neptune
normal
normal
normal
neptune
portsweep
neptune
neptune
normal
neptune
teardrop
normal
teardrop
normal
neptune
neptune
ipsweep
neptune
neptune
normal
normal
normal
neptune
normal
normal
neptune
neptune
normal
neptune
neptune
normal
normal
normal
smurf
normal
normal
normal
ipsweep
normal
ipsweep
neptune
normal
neptune
normal
normal
neptune
ipsweep
neptune
normal
smurf
ipsweep
normal
neptune
neptune
portsweep
normal
normal
normal
teardrop
portsweep
normal
neptune
normal
neptune
neptune
normal
neptune
normal
neptune
normal
neptune
normal
neptune
normal
normal
normal
normal
neptune
normal
neptune
normal
pod
warezclient
normal
neptune
nmap
normal
normal
normal
neptune
normal
normal
neptune
satan
neptune
nmap
smurf
normal
normal
neptune
normal
normal
satan
normal
normal
normal
normal
normal
normal
normal
neptune
normal
normal
neptune
normal
portsweep
normal
neptune
normal
neptune
normal
normal
normal
portsweep
neptune
normal
normal
satan
neptune
neptune
neptune
normal
normal
neptune
normal
neptune
neptune
neptune
neptune
normal
normal
neptune
ipsweep
satan
portsweep
normal
neptune
normal
neptune
normal
neptune
normal
neptune
normal
normal
normal
normal
normal
normal
normal
normal
neptune
portsweep
neptune
neptune
normal
neptune
neptune
normal
normal
neptune
neptune
normal
portsweep
normal
neptune
normal
neptune
normal
neptune
normal
ipsweep
normal
neptune
neptune
normal
normal
normal
ipsweep
neptune
portsweep
normal
normal
normal
neptune
neptune
nmap
normal
normal
normal
neptune
normal
neptune
normal
satan
normal
neptune
neptune
neptune
normal
normal
normal
portsweep
normal
ipsweep
neptune
normal
neptune
neptune
portsweep
neptune
ipsweep
neptune
neptune
normal
normal
normal
smurf
neptune
neptune
neptune
neptune
normal
normal
normal
neptune
normal
normal
normal
normal
neptune
neptune
teardrop
normal
neptune
normal
normal
satan
neptune
normal
satan
neptune
neptune
normal
normal
normal
normal
normal
normal
normal
portsweep
neptune
normal
back
normal
normal
neptune
normal
normal
normal
neptune
satan
normal
normal
warezclient
neptune
normal
normal
normal
normal
neptune
normal
normal
normal
normal
normal
neptune
portsweep
normal
normal
neptune
neptune
normal
portsweep
normal
teardrop
normal
normal
neptune
neptune
normal
neptune
smurf
normal
normal
smurf
normal
normal
portsweep
neptune
neptune
normal
neptune
neptune
normal
normal
neptune
normal
normal
portsweep
normal
normal
normal
normal
neptune
normal
normal
normal
normal
normal
neptune
normal
neptune
neptune
normal
normal
normal
normal
neptune
portsweep
neptune
normal
normal
normal
warezclient
normal
normal
normal
normal
normal
normal
normal
neptune
neptune
normal
neptune
normal
normal
normal
back
normal
normal
satan
ipsweep
normal
normal
neptune
neptune
normal
neptune
normal
neptune
neptune
normal
normal
normal
normal
normal
normal
normal
ipsweep
teardrop
neptune
neptune
normal
neptune
normal
normal
normal
normal
neptune
normal
neptune
normal
normal
neptune
normal
normal
neptune
normal
normal
normal
normal
normal
normal
normal
normal
neptune
neptune
normal
normal
normal
smurf
normal
neptune
normal
neptune
neptune
portsweep
neptune
neptune
normal
normal
satan
neptune
normal
portsweep
neptune
normal
normal
normal
neptune
normal
normal
normal
normal
normal
normal
normal
nmap
teardrop
satan
normal
satan
neptune
ipsweep
neptune
normal
neptune
neptune
normal
normal
portsweep
normal
neptune
normal
normal
neptune
normal
normal
neptune
normal
normal
normal
normal
normal
neptune
normal
normal
normal
neptune
portsweep
neptune
normal
satan
neptune
neptune
normal
neptune
back
neptune
normal
normal
normal
satan
smurf
neptune
normal
normal
ipsweep
normal
neptune
neptune
neptune
normal
normal
normal
neptune
normal
neptune
normal
normal
neptune
normal
neptune
normal
normal
neptune
normal
neptune
normal
normal
neptune
normal
normal
portsweep
normal
normal
normal
normal
normal
neptune
normal
neptune
neptune
neptune
neptune
normal
portsweep
normal
neptune
normal
neptune
normal
neptune
normal
normal
normal
neptune
normal
nmap
normal
normal
normal
neptune
normal
satan
normal
neptune
neptune
normal
neptune
normal
neptune
neptune
neptune
satan
normal
normal
normal
normal
normal
normal
neptune
normal
normal
nmap
neptune
neptune
normal
neptune
normal
normal
neptune
neptune
neptune
normal
normal
normal
normal
neptune
normal
normal
neptune
neptune
neptune
normal
neptune
normal
neptune
normal
neptune
normal
nmap
ipsweep
nmap
normal
normal
normal
normal
neptune
neptune
ipsweep
neptune
neptune
normal
ipsweep
normal
normal
normal
normal
smurf
normal
neptune
normal
neptune
neptune
ipsweep
normal
normal
nmap
neptune
normal
portsweep
neptune
normal
ipsweep
normal
satan
normal
normal
neptune
normal
satan
normal
portsweep
neptune
neptune
normal
normal
normal
normal
teardrop
smurf
normal
normal
normal
neptune
neptune
normal
teardrop
normal
normal
normal
portsweep
ipsweep
neptune
neptune
neptune
neptune
normal
neptune
normal
normal
normal
neptune
normal
normal
neptune
normal
normal
neptune
neptune
neptune
neptune
normal
normal
normal
neptune
normal
nmap
neptune
normal
nmap
satan
normal
normal
neptune
normal
neptune
teardrop
normal
normal
neptune
normal
normal
normal
normal
normal
neptune
normal
neptune
normal
ipsweep
normal
normal
neptune
neptune
neptune
normal
normal
ipsweep
normal
neptune
normal
satan
normal
normal
neptune
normal
satan
neptune
neptune
neptune
neptune
neptune
neptune
normal
normal
normal
satan
neptune
normal
normal
satan
normal
normal
normal
neptune
neptune
neptune
normal
normal
normal
satan
teardrop
normal
normal
neptune
neptune
neptune
normal
normal
normal
normal
neptune
normal
normal
neptune
normal
neptune
neptune
normal
normal
neptune
normal
neptune
normal
ipsweep
normal
normal
neptune
neptune
neptune
normal
normal
neptune
neptune
normal
nmap
normal
neptune
normal
neptune
neptune
neptune
neptune
normal
normal
normal
smurf
neptune
neptune
normal
normal
normal
normal
normal
normal
normal
normal
smurf
neptune
neptune
neptune
ipsweep
normal
normal
normal
normal
neptune
normal
smurf
normal
smurf
neptune
normal
normal
normal
neptune
neptune
normal
neptune
normal
neptune
neptune
neptune
normal
neptune
neptune
neptune
normal
normal
neptune
normal
normal
neptune
neptune
satan
neptune
normal
neptune
neptune
normal
normal
neptune
normal
neptune
neptune
neptune
neptune
normal
normal
neptune
neptune
neptune
nmap
neptune
normal
normal
satan
normal
ipsweep
ipsweep
normal
normal
neptune
normal
neptune
normal
normal
normal
normal
neptune
normal
normal
normal
normal
ipsweep
satan
neptune
neptune
neptune
normal
neptune
normal
neptune
portsweep
neptune
neptune
nmap
neptune
neptune
neptune
portsweep
normal
neptune
teardrop
neptune
normal
normal
normal
warezclient
neptune
normal
normal
normal
neptune
normal
teardrop
neptune
normal
neptune
warezclient
normal
neptune
normal
satan
normal
neptune
warezclient
warezclient
normal
neptune
normal
normal
normal
neptune
neptune
teardrop
normal
normal
normal
portsweep
normal
neptune
normal
neptune
neptune
neptune
ipsweep
neptune
normal
normal
neptune
neptune
neptune
neptune
normal
neptune
back
normal
normal
back
neptune
neptune
normal
neptune
normal
normal
normal
normal
normal
normal
normal
normal
neptune
normal
normal
normal
normal
neptune
normal
satan
neptune
neptune
neptune
neptune
neptune
satan
normal
normal
neptune
normal
normal
normal
neptune
normal
normal
normal
neptune
normal
neptune
normal
normal
normal
neptune
neptune
portsweep
normal
neptune
normal
normal
portsweep
normal
normal
normal
normal
normal
neptune
satan
normal
normal
neptune
neptune
normal
normal
neptune
neptune
neptune
neptune
normal
neptune
warezclient
neptune
neptune
normal
normal
normal
neptune
neptune
normal
neptune
normal
neptune
neptune
normal
normal
neptune
neptune
normal
normal
normal
neptune
normal
normal
satan
neptune
neptune
neptune
normal
neptune
normal
neptune
normal
neptune
normal
normal
ipsweep
neptune
neptune
normal
warezclient
neptune
normal
normal
neptune
normal
normal
normal
neptune
neptune
neptune
neptune
neptune
normal
satan
neptune
neptune
neptune
neptune
neptune
normal
normal
normal
normal
normal
neptune
normal
normal
normal
neptune
neptune
normal
neptune
normal
smurf
satan
neptune
neptune
normal
normal
normal
normal
smurf
neptune
portsweep
normal
neptune
neptune
neptune
normal
normal
normal
normal
normal
neptune
neptune
neptune
normal
teardrop
normal
neptune
normal
normal
normal
normal
neptune
neptune
normal
neptune
normal
normal
portsweep
neptune
normal
normal
normal
normal
normal
neptune
neptune
normal
normal
normal
normal
nmap
normal
normal
normal
normal
ipsweep
normal
neptune
neptune
normal
normal
neptune
neptune
normal
neptune
smurf
satan
neptune
normal
normal
normal
normal
nmap
normal
normal
normal
normal
normal
neptune
normal
normal
nmap
normal
neptune
portsweep
normal
neptune
normal
neptune
satan
normal
normal
normal
normal
portsweep
nmap
normal
normal
normal
neptune
normal
neptune
back
ipsweep
portsweep
smurf
normal
neptune
neptune
ipsweep
normal
normal
portsweep
neptune
neptune
normal
normal
normal
normal
normal
normal
normal
neptune
normal
portsweep
neptune
neptune
normal
neptune
normal
neptune
smurf
neptune
neptune
normal
neptune
neptune
normal
normal
neptune
normal
neptune
normal
neptune
normal
neptune
normal
neptune
ipsweep
normal
normal
ipsweep
neptune
normal
normal
normal
normal
normal
neptune
normal
normal
normal
normal
normal
neptune
neptune
portsweep
neptune
normal
normal
normal
normal
normal
normal
normal
normal
neptune
normal
satan
normal
neptune
normal
portsweep
normal
normal
normal
normal
neptune
normal
normal
normal
normal
normal
ipsweep
normal
normal
normal
normal
satan
normal
neptune
neptune
normal
neptune
normal
normal
normal
normal
neptune
normal
neptune
normal
normal
neptune
normal
neptune
normal
warezclient
normal
normal
normal
neptune
normal
neptune
neptune
normal
pod
neptune
normal
neptune
ipsweep
neptune
neptune
normal
normal
normal
neptune
normal
normal
normal
satan
ipsweep
normal
back
neptune
ipsweep
normal
normal
satan
ipsweep
normal
neptune
normal
ipsweep
normal
normal
neptune
normal
neptune
neptune
normal
neptune
normal
normal
normal
normal
normal
normal
normal
normal
normal
neptune
normal
normal
neptune
normal
neptune
normal
neptune
neptune
portsweep
normal
normal
ipsweep
nmap
neptune
neptune
normal
normal
neptune
neptune
normal
normal
normal
normal
normal
normal
neptune
neptune
teardrop
neptune
normal
normal
nmap
normal
normal
neptune
normal
normal
neptune
neptune
normal
smurf
normal
normal
normal
normal
normal
normal
neptune
neptune
satan
normal
normal
normal
normal
nmap
normal
normal
warezclient
portsweep
normal
ipsweep
normal
normal
normal
neptune
neptune
normal
neptune
normal
teardrop
normal
smurf
normal
normal
normal
neptune
neptune
neptune
normal
neptune
ipsweep
normal
neptune
normal
neptune
normal
smurf
neptune
normal
normal
neptune
normal
normal
normal
normal
normal
neptune
normal
normal
neptune
satan
normal
nmap
normal
normal
neptune
normal
neptune
normal
normal
normal
normal
neptune
normal
normal
normal
normal
neptune
neptune
neptune
normal
neptune
satan
normal
normal
normal
portsweep
neptune
normal
ipsweep
normal
normal
normal
normal
neptune
neptune
portsweep
normal
neptune
normal
normal
normal
normal
normal
neptune
normal
neptune
normal
normal
normal
neptune
neptune
normal
normal
normal
portsweep
normal
normal
neptune
normal
neptune
neptune
normal
portsweep
normal
normal
neptune
normal
neptune
normal
normal
normal
normal
normal
ipsweep
normal
neptune
normal
normal
normal
neptune
neptune
neptune
neptune
normal
normal
normal
neptune
neptune
normal
normal
normal
normal
normal
normal
ipsweep
normal
normal
normal
back
normal
neptune
neptune
neptune
normal
normal
ipsweep
neptune
normal
normal
neptune
normal
neptune
neptune
normal
normal
normal
smurf
neptune
normal
normal
normal
normal
normal
normal
normal
normal
teardrop
neptune
neptune
neptune
normal
neptune
portsweep
satan
neptune
normal
normal
neptune
normal
normal
normal
normal
normal
neptune
neptune
normal
neptune
satan
normal
normal
normal
normal
normal
smurf
smurf
normal
normal
ipsweep
warezclient
ipsweep
normal
normal
normal
normal
normal
neptune
neptune
smurf
neptune
normal
normal
normal
normal
neptune
normal
normal
normal
neptune
neptune
neptune
normal
smurf
normal
normal
normal
neptune
normal
smurf
normal
neptune
normal
normal
normal
normal
neptune
normal
portsweep
normal
back
normal
neptune
normal
neptune
normal
neptune
neptune
neptune
neptune
normal
normal
warezclient
normal
ipsweep
normal
normal
normal
normal
normal
neptune
warezclient
neptune
neptune
neptune
normal
normal
normal
satan
neptune
normal
normal
teardrop
neptune
normal
normal
neptune
neptune
normal
normal
nmap
neptune
normal
neptune
normal
normal
normal
neptune
neptune
normal
neptune
neptune
neptune
neptune
neptune
normal
normal
normal
normal
normal
normal
normal
normal
normal
normal
neptune
neptune
normal
normal
normal
normal
normal
neptune
neptune
neptune
normal
neptune
normal
neptune
neptune
warezclient
neptune
neptune
normal
normal
normal
normal
normal
normal
normal
neptune
neptune
neptune
neptune
normal
neptune
normal
normal
neptune
normal
normal
normal
neptune
neptune
normal
normal
portsweep
satan
smurf
normal
neptune
normal
normal
normal
neptune
neptune
normal
satan
portsweep
satan
smurf
neptune
normal
normal
normal
normal
normal
neptune
normal
normal
normal
normal
neptune
nmap
neptune
normal
neptune
neptune
neptune
normal
neptune
ipsweep
neptune
normal
normal
normal
normal
normal
normal
neptune
normal
normal
neptune
normal
neptune
normal
normal
normal
normal
neptune
neptune
neptune
ipsweep
normal
normal
normal
neptune
normal
portsweep
normal
neptune
neptune
satan
neptune
normal
normal
normal
normal
neptune
neptune
normal
back
normal
neptune
neptune
normal
portsweep
normal
satan
normal
normal
neptune
neptune
neptune
neptune
normal
neptune
normal
normal
neptune
normal
neptune
normal
normal
normal
normal
neptune
normal
neptune
satan
normal
normal
normal
neptune
neptune
normal
normal
neptune
normal
normal
neptune
neptune
normal
normal
normal
normal
neptune
normal
neptune
satan
neptune
satan
normal
neptune
neptune
ipsweep
ipsweep
satan
neptune
normal
normal
neptune
normal
neptune
normal
normal
neptune
nmap
normal
neptune
neptune
neptune
warezclient
ipsweep
teardrop
ipsweep
normal
normal
neptune
normal
neptune
normal
teardrop
normal
normal
normal
normal
normal
normal
normal
neptune
back
ipsweep
smurf
smurf
normal
neptune
neptune
normal
normal
normal
satan
neptune
normal
normal
normal
normal
neptune
normal
neptune
normal
ipsweep
neptune
neptune
normal
neptune
neptune
normal
satan
back
neptune
normal
normal
normal
neptune
satan
neptune
neptune
normal
normal
normal
neptune
smurf
smurf
neptune
normal
normal
normal
neptune
normal
normal
normal
neptune
neptune
neptune
normal
normal
neptune
neptune
neptune
neptune
neptune
neptune
neptune
normal
normal
neptune
ipsweep
neptune
neptune
normal
neptune
neptune
neptune
satan
normal
normal
neptune
neptune
neptune
normal
normal
neptune
neptune
neptune
neptune
normal
normal
ipsweep
normal
neptune
neptune
normal
neptune
normal
normal
normal
ipsweep
neptune
normal
normal
neptune
neptune
portsweep
normal
normal
normal
normal
normal
ipsweep
normal
normal
neptune
normal
normal
normal
neptune
neptune
neptune
normal
normal
normal
normal
normal
neptune
normal
normal
neptune
portsweep
smurf
normal
neptune
normal
normal
neptune
normal
satan
portsweep
satan
normal
normal
neptune
neptune
normal
normal
teardrop
normal
neptune
normal
smurf
normal
smurf
normal
normal
normal
normal
normal
normal
normal
normal
normal
normal
smurf
normal
neptune
normal
ipsweep
neptune
normal
normal
normal
normal
normal
normal
normal
neptune
normal
normal
back
neptune
nmap
neptune
normal
normal
normal
normal
neptune
normal
normal
normal
neptune
normal
neptune
normal
normal
neptune
neptune
neptune
normal
normal
warezclient
neptune
neptune
normal
portsweep
normal
normal
normal
normal
neptune
normal
normal
normal
normal
normal
normal
normal
normal
normal
normal
normal
normal
neptune
neptune
normal
normal
normal
normal
neptune
normal
normal
normal
normal
normal
portsweep
normal
neptune
normal
normal
normal
neptune
neptune
nmap
normal
neptune
normal
pod
normal
neptune
normal
normal
normal
normal
normal
normal
normal
normal
portsweep
normal
normal
normal
normal
neptune
normal
neptune
normal
normal
neptune
normal
normal
smurf
neptune
normal
normal
normal
portsweep
normal
normal
neptune
neptune
back
normal
normal
neptune
back
normal
normal
satan
neptune
normal
normal
neptune
neptune
normal
normal
normal
normal
normal
neptune
ipsweep
buffer_overflow
nmap
normal
neptune
normal
neptune
neptune
normal
normal
normal
normal
neptune
normal
normal
normal
normal
normal
neptune
neptune
normal
normal
neptune
normal
normal
smurf
normal
neptune
normal
normal
ipsweep
neptune
neptune
satan
normal
neptune
neptune
portsweep
portsweep
normal
neptune
normal
normal
neptune
portsweep
normal
normal
pod
normal
neptune
normal
normal
normal
neptune
normal
normal
normal
neptune
normal
normal
normal
normal
normal
satan
normal
normal
teardrop
smurf
neptune
normal
normal
satan
normal
normal
normal
normal
normal
normal
normal
normal
normal
neptune
smurf
normal
normal
normal
normal
neptune
normal
normal
neptune
neptune
normal
normal
normal
normal
neptune
neptune
neptune
normal
neptune
neptune
normal
normal
normal
satan
neptune
smurf
normal
neptune
normal
normal
neptune
neptune
neptune
portsweep
smurf
normal
normal
normal
normal
normal
neptune
normal
neptune
satan
normal
normal
neptune
normal
normal
neptune
normal
neptune
normal
normal
neptune
normal
normal
normal
normal
neptune
teardrop
neptune
normal
normal
neptune
normal
normal
neptune
neptune
neptune
normal
normal
normal
neptune
neptune
normal
normal
normal
neptune
neptune
normal
normal
back
normal
neptune
normal
normal
neptune
normal
normal
neptune
neptune
neptune
normal
neptune
neptune
normal
neptune
neptune
normal
normal
normal
normal
normal
neptune
normal
normal
neptune
portsweep
normal
neptune
normal
normal
normal
ipsweep
normal
normal
normal
normal
normal
normal
neptune
neptune
normal
neptune
neptune
normal
neptune
neptune
neptune
neptune
satan
neptune
teardrop
normal
teardrop
neptune
normal
normal
normal
smurf
normal
normal
normal
normal
normal
normal
neptune
neptune
neptune
neptune
neptune
normal
neptune
normal
neptune
normal
normal
normal
normal
portsweep
normal
back
normal
neptune
ipsweep
neptune
normal
normal
normal
normal
buffer_overflow
neptune
teardrop
normal
normal
normal
teardrop
neptune
neptune
portsweep
neptune
neptune
normal
neptune
normal
portsweep
normal
normal
normal
normal
normal
satan
neptune
ipsweep
normal
normal
nmap
ipsweep
normal
neptune
smurf
normal
normal
ipsweep
neptune
neptune
neptune
normal
normal
neptune
normal
normal
normal
neptune
normal
normal
normal
normal
neptune
normal
neptune
normal
normal
normal
neptune
neptune
normal
neptune
normal
normal
satan
normal
nmap
neptune
neptune
neptune
smurf
normal
normal
neptune
normal
normal
neptune
normal
smurf
neptune
neptune
neptune
normal
neptune
ipsweep
smurf
normal
normal
neptune
normal
normal
normal
normal
neptune
portsweep
normal
normal
satan
normal
normal
neptune
normal
normal
normal
warezclient
normal
neptune
neptune
neptune
nmap
normal
normal
normal
neptune
neptune
neptune
normal
normal
normal
nmap
neptune
nmap
normal
normal
neptune
normal
normal
neptune
normal
normal
neptune
normal
normal
ipsweep
normal
normal
neptune
normal
normal
neptune
normal
neptune
normal
neptune
neptune
normal
neptune
normal
neptune
neptune
normal
neptune
neptune
normal
portsweep
neptune
normal
normal
neptune
neptune
portsweep
neptune
normal
normal
neptune
neptune
normal
normal
normal
smurf
normal
neptune
normal
normal
normal
neptune
normal
satan
neptune
normal
satan
normal
neptune
normal
neptune
normal
normal
neptune
normal
normal
neptune
normal
neptune
ipsweep
normal
neptune
satan
normal
normal
neptune
smurf
neptune
neptune
neptune
normal
normal
neptune
normal
normal
normal
neptune
neptune
normal
teardrop
neptune
neptune
ipsweep
normal
neptune
normal
normal
neptune
normal
neptune
normal
neptune
normal
normal
neptune
neptune
normal
neptune
normal
neptune
neptune
normal
ipsweep
normal
normal
normal
normal
normal
neptune
normal
neptune
normal
normal
neptune
portsweep
normal
normal
normal
neptune
satan
normal
normal
normal
neptune
neptune
imap
nmap
normal
neptune
neptune
neptune
normal
normal
normal
normal
neptune
neptune
normal
neptune
nmap
neptune
normal
normal
normal
neptune
neptune
satan
normal
normal
normal
normal
normal
normal
normal
normal
normal
normal
neptune
normal
normal
normal
satan
neptune
normal
neptune
normal
neptune
normal
normal
neptune
normal
normal
normal
normal
neptune
neptune
normal
normal
normal
smurf
neptune
nmap
normal
normal
neptune
normal
normal
satan
normal
neptune
neptune
normal
neptune
normal
neptune
portsweep
normal
normal
normal
neptune
neptune
normal
neptune
normal
neptune
normal
neptune
nmap
normal
nmap
satan
normal
neptune
smurf
neptune
portsweep
neptune
normal
normal
normal
neptune
normal
neptune
normal
normal
portsweep
normal
neptune
neptune
neptune
warezclient
normal
normal
neptune
normal
normal
neptune
normal
normal
neptune
neptune
normal
normal
neptune
neptune
normal
normal
normal
neptune
normal
normal
normal
normal
normal
normal
back
normal
neptune
neptune
satan
normal
portsweep
neptune
normal
normal
neptune
normal
normal
neptune
normal
smurf
neptune
normal
neptune
smurf
normal
neptune
neptune
neptune
neptune
normal
normal
neptune
normal
normal
neptune
portsweep
normal
normal
neptune
neptune
neptune
normal
normal
normal
normal
neptune
normal
normal
normal
neptune
neptune
neptune
normal
neptune
satan
normal
neptune
normal
normal
smurf
normal
normal
normal
normal
neptune
neptune
normal
normal
normal
normal
normal
normal
normal
normal
normal
neptune
normal
satan
normal
normal
smurf
normal
neptune
neptune
normal
neptune
normal
normal
neptune
normal
neptune
normal
normal
normal
normal
neptune
normal
normal
normal
normal
neptune
normal
neptune
neptune
normal
normal
neptune
neptune
neptune
ipsweep
neptune
normal
normal
neptune
normal
satan
normal
neptune
neptune
neptune
normal
neptune
neptune
normal
normal
normal
normal
neptune
normal
smurf
normal
normal
satan
neptune
normal
normal
normal
normal
normal
normal
normal
neptune
portsweep
neptune
neptune
neptune
normal
neptune
neptune
normal
normal
normal
normal
neptune
normal
neptune
neptune
normal
normal
normal
neptune
neptune
neptune
normal
normal
normal
neptune
neptune
neptune
normal
normal
normal
neptune
normal
satan
normal
neptune
neptune
normal
portsweep
neptune
neptune
normal
normal
normal
satan
normal
neptune
teardrop
neptune
normal
neptune
normal
normal
normal
normal
normal
neptune
normal
ipsweep
neptune
portsweep
normal
normal
neptune
normal
neptune
satan
normal
normal
neptune
normal
neptune
normal
normal
normal
normal
normal
neptune
normal
neptune
normal
normal
normal
warezclient
neptune
neptune
neptune
normal
normal
normal
normal
normal
nmap
neptune
neptune
normal
normal
normal
back
normal
neptune
normal
neptune
neptune
normal
neptune
neptune
neptune
neptune
normal
normal
neptune
neptune
normal
neptune
satan
normal
normal
neptune
normal
back
ipsweep
neptune
neptune
warezclient
ipsweep
normal
normal
ipsweep
normal
neptune
neptune
smurf
normal
satan
neptune
normal
normal
neptune
normal
neptune
normal
nmap
neptune
normal
ipsweep
neptune
teardrop
normal
normal
normal
neptune
normal
neptune
normal
neptune
normal
neptune
neptune
neptune
normal
normal
neptune
neptune
neptune
normal
normal
normal
neptune
normal
teardrop
normal
normal
normal
normal
neptune
normal
normal
normal
neptune
normal
normal
neptune
neptune
neptune
normal
neptune
neptune
smurf
neptune
normal
portsweep
neptune
neptune
nmap
normal
portsweep
normal
normal
ipsweep
neptune
smurf
neptune
normal
smurf
normal
neptune
normal
normal
normal
normal
normal
normal
normal
neptune
normal
normal
neptune
normal
normal
normal
neptune
normal
normal
normal
normal
neptune
normal
portsweep
normal
neptune
normal
neptune
normal
neptune
neptune
normal
neptune
normal
neptune
normal
normal
neptune
normal
normal
neptune
normal
normal
normal
neptune
normal
portsweep
normal
neptune
neptune
satan
ipsweep
normal
normal
neptune
normal
normal
neptune
normal
normal
normal
normal
normal
normal
normal
warezclient
neptune
portsweep
neptune
smurf
normal
normal
neptune
normal
neptune
portsweep
neptune
normal
guess_passwd
normal
normal
neptune
neptune
ipsweep
normal
neptune
neptune
normal
neptune
normal
normal
satan
normal
normal
normal
neptune
normal
normal
neptune
normal
neptune
normal
normal
normal
neptune
neptune
neptune
normal
back
neptune
normal
neptune
ipsweep
normal
neptune
neptune
normal
normal
neptune
normal
neptune
neptune
neptune
neptune
normal
ipsweep
normal
normal
neptune
normal
normal
normal
normal
neptune
warezclient
warezclient
normal
normal
ipsweep
normal
normal
normal
normal
nmap
smurf
neptune
satan
normal
neptune
normal
normal
normal
normal
normal
smurf
normal
neptune
ipsweep
neptune
normal
satan
neptune
neptune
neptune
normal
neptune
neptune
portsweep
neptune
normal
normal
normal
ipsweep
smurf
neptune
normal
neptune
neptune
smurf
ipsweep
normal
neptune
neptune
normal
normal
smurf
neptune
normal
neptune
normal
normal
neptune
normal
neptune
normal
warezclient
normal
normal
normal
portsweep
neptune
neptune
normal
normal
satan
neptune
neptune
neptune
normal
portsweep
normal
smurf
normal
neptune
normal
normal
normal
normal
normal
portsweep
normal
neptune
neptune
normal
neptune
normal
normal
normal
neptune
normal
normal
neptune
normal
neptune
normal
normal
normal
normal
neptune
normal
neptune
normal
normal
normal
normal
neptune
normal
neptune
portsweep
normal
normal
neptune
neptune
neptune
normal
normal
neptune
neptune
normal
normal
normal
neptune
neptune
neptune
normal
neptune
neptune
normal
portsweep
neptune
neptune
normal
normal
neptune
normal
neptune
satan
normal
normal
smurf
normal
normal
normal
neptune
normal
normal
normal
satan
normal
normal
normal
normal
normal
neptune
normal
neptune
normal
warezclient
normal
neptune
normal
neptune
neptune
normal
neptune
normal
teardrop
neptune
neptune
normal
neptune
normal
normal
ipsweep
normal
neptune
normal
normal
normal
neptune
neptune
satan
normal
normal
normal
normal
normal
satan
normal
neptune
satan
neptune
neptune
normal
normal
normal
normal
normal
portsweep
normal
normal
normal
nmap
neptune
normal
normal
normal
normal
neptune
neptune
neptune
normal
normal
normal
normal
normal
neptune
neptune
normal
normal
normal
normal
ipsweep
normal
satan
normal
portsweep
normal
neptune
normal
normal
neptune
satan
normal
neptune
neptune
normal
normal
normal
normal
normal
normal
normal
satan
neptune
normal
normal
neptune
normal
portsweep
neptune
normal
neptune
normal
normal
neptune
normal
normal
normal
normal
normal
neptune
neptune
normal
normal
normal
neptune
normal
normal
normal
normal
neptune
neptune
normal
normal
neptune
neptune
neptune
normal
normal
normal
normal
neptune
normal
normal
smurf
neptune
normal
normal
normal
neptune
normal
normal
teardrop
neptune
smurf
normal
neptune
normal
normal
normal
neptune
normal
neptune
normal
ipsweep
nmap
neptune
normal
normal
neptune
portsweep
normal
satan
neptune
normal
smurf
neptune
normal
normal
normal
normal
normal
nmap
normal
neptune
normal
normal
neptune
ipsweep
normal
neptune
normal
satan
normal
portsweep
satan
normal
neptune
smurf
neptune
neptune
warezmaster
neptune
normal
neptune
neptune
neptune
neptune
normal
normal
smurf
normal
normal
normal
normal
normal
neptune
normal
normal
neptune
satan
neptune
neptune
neptune
satan
neptune
neptune
neptune
back
portsweep
neptune
neptune
normal
neptune
neptune
normal
normal
normal
normal
normal
normal
neptune
normal
normal
neptune
neptune
neptune
nmap
neptune
smurf
normal
normal
neptune
normal
portsweep
neptune
normal
normal
neptune
satan
normal
normal
ipsweep
normal
normal
portsweep
normal
neptune
normal
neptune
neptune
normal
ipsweep
normal
neptune
portsweep
smurf
neptune
neptune
normal
normal
neptune
neptune
normal
neptune
normal
neptune
normal
normal
neptune
neptune
neptune
neptune
normal
neptune
neptune
neptune
normal
normal
normal
warezclient
ipsweep
normal
normal
neptune
normal
normal
neptune
neptune
normal
normal
neptune
normal
normal
neptune
normal
neptune
neptune
ipsweep
normal
neptune
normal
normal
normal
normal
neptune
back
neptune
neptune
neptune
normal
normal
neptune
normal
neptune
normal
ipsweep
teardrop
normal
neptune
satan
normal
neptune
neptune
neptune
smurf
normal
normal
neptune
normal
neptune
normal
neptune
normal
portsweep
normal
normal
normal
neptune
normal
neptune
neptune
portsweep
normal
neptune
neptune
normal
normal
neptune
satan
satan
normal
neptune
normal
neptune
normal
normal
neptune
normal
neptune
neptune
normal
normal
neptune
neptune
normal
normal
smurf
normal
normal
normal
normal
normal
neptune
normal
neptune
neptune
neptune
neptune
normal
neptune
normal
neptune
neptune
normal
normal
normal
normal
normal
normal
normal
normal
neptune
neptune
normal
normal
neptune
neptune
normal
normal
neptune
neptune
satan
normal
neptune
normal
normal
neptune
portsweep
neptune
neptune
normal
normal
normal
normal
neptune
normal
neptune
neptune
neptune
normal
neptune
normal
normal
normal
neptune
normal
normal
portsweep
normal
normal
neptune
normal
neptune
neptune
normal
normal
normal
back
neptune
normal
normal
normal
nmap
neptune
normal
normal
normal
warezmaster
neptune
ipsweep
normal
neptune
ipsweep
normal
neptune
normal
normal
neptune
normal
neptune
normal
normal
normal
normal
neptune
neptune
neptune
normal
neptune
normal
normal
normal
neptune
normal
normal
normal
normal
normal
normal
normal
neptune
normal
normal
normal
ipsweep
neptune
normal
normal
neptune
normal
normal
neptune
neptune
normal
normal
neptune
normal
ipsweep
neptune
normal
neptune
neptune
neptune
neptune
normal
normal
normal
normal
neptune
normal
normal
ipsweep
satan
normal
normal
smurf
normal
normal
normal
neptune
neptune
normal
normal
normal
neptune
normal
neptune
normal
normal
normal
neptune
normal
normal
normal
neptune
neptune
normal
normal
neptune
satan
neptune
normal
normal
normal
normal
neptune
normal
normal
normal
satan
normal
neptune
normal
normal
neptune
neptune
normal
normal
normal
normal
neptune
ipsweep
back
normal
normal
normal
normal
normal
neptune
normal
normal
normal
normal
normal
neptune
neptune
normal
normal
normal
normal
normal
neptune
normal
neptune
normal
normal
normal
neptune
neptune
normal
normal
normal
neptune
normal
normal
normal
normal
neptune
neptune
neptune
normal
normal
normal
normal
normal
normal
neptune
ipsweep
normal
neptune
normal
neptune
neptune
neptune
normal
neptune
normal
satan
normal
normal
neptune
ipsweep
neptune
normal
normal
normal
normal
normal
normal
portsweep
neptune
neptune
neptune
normal
normal
normal
normal
normal
neptune
normal
neptune
normal
neptune
normal
neptune
neptune
normal
neptune
neptune
neptune
normal
ipsweep
ipsweep
normal
neptune
normal
normal
normal
normal
normal
neptune
neptune
normal
normal
nmap
normal
neptune
normal
normal
neptune
normal
normal
normal
normal
normal
neptune
normal
normal
satan
smurf
back
normal
neptune
normal
normal
neptune
neptune
normal
teardrop
normal
normal
normal
neptune
normal
neptune
normal
normal
neptune
normal
normal
normal
neptune
normal
neptune
normal
normal
satan
normal
neptune
neptune
normal
normal
neptune
normal
normal
neptune
neptune
ipsweep
normal
neptune
neptune
neptune
normal
normal
neptune
ipsweep
neptune
normal
neptune
neptune
neptune
normal
normal
normal
neptune
nmap
normal
portsweep
smurf
neptune
normal
normal
normal
neptune
normal
normal
neptune
ipsweep
normal
normal
normal
normal
normal
normal
satan
normal
normal
neptune
normal
normal
normal
neptune
normal
warezclient
neptune
normal
normal
neptune
nmap
normal
normal
normal
normal
neptune
normal
neptune
neptune
normal
normal
normal
normal
normal
neptune
normal
neptune
normal
neptune
normal
normal
normal
neptune
normal
satan
back
normal
smurf
neptune
normal
neptune
back
normal
normal
normal
neptune
neptune
normal
normal
normal
neptune
normal
normal
normal
neptune
normal
normal
neptune
neptune
satan
normal
smurf
normal
normal
normal
neptune
neptune
neptune
normal
normal
nmap
normal
normal
normal
normal
normal
neptune
neptune
neptune
satan
neptune
neptune
normal
normal
normal
normal
satan
normal
neptune
normal
neptune
neptune
neptune
normal
smurf
neptune
neptune
normal
normal
neptune
neptune
normal
normal
neptune
normal
neptune
normal
neptune
normal
teardrop
smurf
normal
neptune
normal
neptune
normal
neptune
neptune
neptune
normal
neptune
neptune
satan
neptune
normal
neptune
normal
normal
normal
normal
neptune
neptune
neptune
neptune
normal
satan
normal
neptune
normal
normal
neptune
normal
normal
neptune
normal
normal
neptune
normal
neptune
normal
normal
normal
neptune
normal
smurf
ipsweep
normal
neptune
neptune
normal
smurf
neptune
neptune
normal
neptune
normal
normal
normal
neptune
neptune
smurf
teardrop
normal
normal
normal
normal
portsweep
normal
neptune
normal
normal
neptune
normal
normal
neptune
normal
neptune
neptune
satan
normal
neptune
normal
neptune
ipsweep
normal
normal
normal
normal
normal
normal
neptune
normal
neptune
neptune
normal
neptune
normal
normal
normal
normal
normal
normal
normal
normal
satan
warezclient
neptune
normal
normal
normal
neptune
back
smurf
neptune
normal
normal
normal
teardrop
normal
normal
normal
neptune
normal
normal
teardrop
normal
normal
neptune
neptune
neptune
neptune
normal
warezclient
teardrop
normal
normal
smurf
neptune
neptune
normal
normal
normal
satan
normal
normal
neptune
normal
normal
neptune
neptune
normal
normal
neptune
normal
normal
normal
normal
neptune
neptune
teardrop
normal
normal
neptune
neptune
neptune
normal
portsweep
normal
normal
normal
normal
ipsweep
normal
neptune
normal
normal
neptune
normal
normal
normal
normal
neptune
normal
neptune
normal
normal
normal
normal
smurf
normal
neptune
normal
normal
nmap
neptune
normal
neptune
neptune
neptune
normal
smurf
smurf
neptune
normal
satan
normal
nmap
normal
normal
neptune
back
neptune
normal
normal
neptune
normal
normal
normal
neptune
neptune
neptune
normal
neptune
neptune
normal
normal
normal
normal
neptune
satan
teardrop
neptune
neptune
normal
normal
neptune
normal
normal
neptune
neptune
normal
neptune
normal
normal
normal
neptune
normal
normal
normal
normal
smurf
normal
neptune
normal
satan
normal
normal
neptune
normal
normal
neptune
normal
neptune
neptune
normal
normal
smurf
normal
neptune
normal
neptune
ipsweep
normal
normal
normal
normal
normal
normal
normal
neptune
normal
normal
normal
normal
normal
satan
normal
neptune
satan
neptune
neptune
normal
normal
neptune
normal
neptune
normal
neptune
neptune
normal
neptune
normal
normal
normal
neptune
neptune
neptune
satan
normal
neptune
neptune
normal
normal
neptune
neptune
normal
neptune
normal
nmap
normal
neptune
normal
neptune
portsweep
nmap
neptune
neptune
normal
normal
normal
satan
normal
neptune
normal
normal
normal
normal
normal
normal
normal
normal
normal
neptune
normal
smurf
smurf
normal
neptune
normal
neptune
normal
neptune
neptune
normal
normal
normal
normal
normal
neptune
normal
neptune
neptune
normal
normal
neptune
neptune
normal
neptune
normal
normal
normal
normal
normal
normal
normal
neptune
satan
neptune
smurf
normal
neptune
normal
neptune
normal
normal
normal
normal
normal
normal
normal
neptune
smurf
portsweep
normal
neptune
smurf
neptune
satan
ipsweep
neptune
neptune
neptune
neptune
neptune
neptune
neptune
warezclient
normal
normal
neptune
neptune
satan
normal
neptune
neptune
satan
neptune
neptune
normal
normal
neptune
normal
neptune
neptune
neptune
normal
neptune
normal
normal
normal
neptune
normal
warezclient
normal
normal
normal
normal
normal
neptune
normal
ipsweep
normal
normal
neptune
normal
normal
back
normal
neptune
neptune
portsweep
normal
ipsweep
neptune
neptune
neptune
satan
normal
neptune
neptune
neptune
neptune
neptune
normal
normal
neptune
normal
normal
normal
neptune
normal
normal
normal
satan
back
normal
normal
warezclient
normal
normal
normal
normal
normal
neptune
neptune
normal
normal
neptune
normal
normal
normal
neptune
normal
neptune
normal
normal
neptune
normal
normal
smurf
smurf
normal
normal
ipsweep
nmap
normal
neptune
satan
normal
neptune
nmap
neptune
ipsweep
normal
normal
normal
normal
portsweep
normal
normal
normal
neptune
neptune
normal
normal
warezclient
neptune
normal
portsweep
normal
neptune
normal
normal
neptune
neptune
neptune
normal
normal
normal
neptune
normal
normal
normal
neptune
portsweep
neptune
normal
normal
neptune
neptune
normal
normal
neptune
normal
back
normal
normal
normal
normal
normal
neptune
normal
normal
neptune
normal
neptune
neptune
neptune
neptune
neptune
neptune
normal
normal
neptune
normal
normal
normal
warezclient
back
normal
normal
normal
neptune
neptune
neptune
neptune
normal
normal
neptune
normal
neptune
neptune
neptune
normal
normal
normal
satan
satan
normal
normal
normal
normal
satan
neptune
normal
neptune
neptune
normal
normal
normal
neptune
neptune
neptune
normal
normal
neptune
ipsweep
neptune
normal
neptune
neptune
neptune
normal
normal
normal
normal
neptune
satan
normal
neptune
normal
normal
normal
normal
normal
normal
normal
normal
neptune
normal
normal
normal
neptune
normal
normal
normal
neptune
ipsweep
normal
normal
normal
neptune
neptune
normal
normal
neptune
normal
satan
smurf
ipsweep
normal
normal
neptune
normal
satan
normal
normal
normal
normal
normal
neptune
neptune
neptune
neptune
normal
neptune
normal
normal
neptune
portsweep
normal
normal
normal
normal
normal
neptune
satan
neptune
normal
normal
neptune
neptune
ipsweep
normal
neptune
normal
portsweep
normal
normal
neptune
neptune
neptune
normal
neptune
normal
normal
neptune
neptune
neptune
neptune
normal
normal
neptune
teardrop
normal
normal
neptune
normal
neptune
normal
normal
neptune
normal
normal
normal
normal
portsweep
neptune
normal
normal
normal
normal
neptune
normal
neptune
neptune
portsweep
normal
neptune
neptune
normal
neptune
neptune
neptune
normal
normal
neptune
neptune
normal
normal
normal
neptune
neptune
normal
normal
portsweep
neptune
normal
ipsweep
normal
neptune
normal
neptune
normal
warezmaster
neptune
neptune
neptune
neptune
normal
normal
neptune
normal
normal
neptune
portsweep
normal
neptune
normal
normal
neptune
normal
normal
normal
normal
neptune
normal
normal
normal
normal
ipsweep
satan
neptune
normal
normal
ipsweep
normal
neptune
normal
neptune
normal
normal
normal
normal
normal
neptune
back
neptune
neptune
normal
normal
normal
smurf
neptune
normal
normal
normal
normal
ipsweep
neptune
neptune
portsweep
normal
normal
ipsweep
normal
normal
smurf
normal
neptune
normal
normal
teardrop
normal
normal
normal
neptune
normal
neptune
normal
normal
normal
normal
neptune
neptune
neptune
neptune
normal
neptune
normal
neptune
neptune
normal
normal
normal
normal
neptune
normal
neptune
neptune
normal
normal
normal
normal
normal
normal
ipsweep
smurf
neptune
normal
neptune
normal
neptune
normal
neptune
portsweep
normal
normal
normal
normal
satan
neptune
normal
neptune
normal
normal
normal
normal
neptune
normal
nmap
normal
normal
neptune
normal
neptune
neptune
normal
neptune
normal
neptune
pod
normal
smurf
neptune
portsweep
normal
normal
normal
normal
normal
neptune
neptune
ipsweep
normal
portsweep
neptune
normal
normal
normal
neptune
normal
normal
normal
normal
neptune
neptune
ipsweep
normal
ipsweep
neptune
neptune
neptune
normal
normal
ipsweep
normal
normal
neptune
back
normal
normal
normal
smurf
neptune
smurf
normal
buffer_overflow
normal
smurf
neptune
normal
normal
neptune
normal
normal
neptune
neptune
normal
portsweep
ipsweep
neptune
normal
normal
portsweep
neptune
normal
normal
neptune
satan
smurf
normal
teardrop
neptune
normal
normal
neptune
portsweep
neptune
normal
normal
neptune
neptune
normal
neptune
ipsweep
normal
neptune
normal
normal
normal
normal
normal
normal
nmap
normal
satan
neptune
normal
normal
neptune
normal
normal
neptune
neptune
normal
normal
neptune
normal
ipsweep
smurf
normal
normal
normal
neptune
normal
neptune
normal
normal
neptune
satan
normal
normal
normal
normal
normal
normal
neptune
normal
neptune
normal
normal
normal
normal
neptune
neptune
neptune
normal
normal
ipsweep
normal
neptune
teardrop
normal
normal
normal
normal
normal
satan
normal
normal
neptune
normal
portsweep
normal
neptune
normal
normal
back
neptune
normal
neptune
normal
neptune
neptune
normal
normal
neptune
normal
neptune
normal
normal
neptune
neptune
normal
normal
normal
nmap
neptune
neptune
normal
normal
neptune
normal
normal
neptune
normal
normal
neptune
normal
neptune
neptune
back
neptune
neptune
neptune
neptune
normal
normal
neptune
normal
neptune
normal
normal
neptune
normal
normal
neptune
normal
neptune
neptune
normal
normal
ipsweep
normal
neptune
normal
normal
neptune
normal
normal
normal
teardrop
normal
normal
normal
normal
neptune
neptune
normal
neptune
normal
normal
satan
normal
satan
satan
smurf
normal
neptune
normal
portsweep
normal
neptune
neptune
normal
neptune
neptune
normal
normal
normal
satan
neptune
neptune
neptune
normal
neptune
normal
neptune
neptune
neptune
normal
normal
normal
neptune
neptune
normal
neptune
normal
neptune
normal
normal
neptune
neptune
neptune
ipsweep
neptune
portsweep
normal
normal
neptune
ipsweep
normal
normal
normal
portsweep
nmap
neptune
normal
normal
normal
neptune
normal
normal
neptune
satan
warezclient
portsweep
neptune
warezclient
neptune
normal
ipsweep
normal
satan
normal
teardrop
neptune
normal
normal
normal
nmap
neptune
normal
neptune
neptune
normal
neptune
neptune
normal
normal
satan
smurf
neptune
normal
normal
neptune
smurf
normal
neptune
normal
normal
neptune
neptune
normal
normal
normal
teardrop
neptune
normal
normal
normal
normal
normal
neptune
normal
neptune
normal
normal
normal
satan
normal
neptune
neptune
neptune
neptune
warezclient
normal
neptune
warezclient
neptune
normal
neptune
neptune
normal
normal
normal
neptune
neptune
normal
normal
normal
neptune
normal
neptune
neptune
neptune
neptune
normal
portsweep
normal
neptune
portsweep
normal
smurf
neptune
normal
normal
normal
normal
neptune
neptune
normal
normal
warezclient
neptune
normal
teardrop
normal
normal
normal
portsweep
neptune
normal
normal
normal
ipsweep
normal
normal
normal
normal
normal
normal
neptune
normal
satan
normal
normal
normal
normal
nmap
neptune
normal
normal
normal
normal
normal
normal
neptune
neptune
satan
neptune
smurf
normal
normal
normal
normal
normal
neptune
neptune
neptune
neptune
neptune
normal
neptune
neptune
normal
normal
neptune
neptune
neptune
neptune
neptune
portsweep
neptune
normal
neptune
neptune
normal
normal
normal
neptune
normal
normal
neptune
normal
normal
normal
normal
normal
neptune
normal
normal
normal
normal
neptune
normal
neptune
neptune
normal
normal
normal
neptune
normal
normal
ipsweep
normal
neptune
neptune
satan
normal
normal
normal
normal
normal
normal
normal
smurf
portsweep
neptune
normal
warezclient
neptune
normal
ipsweep
warezclient
normal
normal
normal
normal
normal
neptune
normal
normal
normal
neptune
neptune
smurf
neptune
normal
normal
portsweep
neptune
normal
neptune
neptune
normal
normal
neptune
neptune
normal
portsweep
normal
normal
normal
neptune
normal
neptune
normal
neptune
portsweep
neptune
normal
neptune
neptune
portsweep
neptune
neptune
neptune
normal
normal
neptune
normal
neptune
normal
normal
normal
neptune
normal
normal
normal
ipsweep
normal
normal
normal
neptune
normal
normal
normal
normal
normal
normal
normal
normal
neptune
neptune
neptune
normal
neptune
normal
neptune
normal
normal
neptune
normal
satan
neptune
normal
neptune
normal
neptune
neptune
smurf
normal
neptune
normal
normal
neptune
neptune
neptune
neptune
normal
neptune
neptune
normal
normal
normal
normal
neptune
normal
neptune
neptune
neptune
neptune
normal
normal
neptune
neptune
satan
nmap
neptune
portsweep
normal
nmap
satan
neptune
normal
neptune
neptune
neptune
normal
neptune
neptune
normal
neptune
normal
neptune
normal
normal
normal
normal
normal
normal
normal
neptune
normal
normal
neptune
neptune
normal
neptune
normal
normal
neptune
normal
normal
neptune
normal
neptune
ipsweep
portsweep
neptune
normal
normal
normal
normal
satan
neptune
neptune
normal
neptune
normal
ipsweep
neptune
normal
normal
neptune
normal
neptune
neptune
satan
normal
neptune
neptune
normal
normal
neptune
nmap
normal
neptune
normal
nmap
normal
normal
normal
normal
normal
normal
neptune
ipsweep
normal
normal
normal
normal
normal
normal
normal
pod
normal
normal
neptune
teardrop
neptune
neptune
neptune
normal
normal
normal
normal
normal
neptune
normal
teardrop
normal
normal
neptune
normal
normal
normal
neptune
neptune
normal
normal
normal
normal
normal
normal
smurf
normal
neptune
normal
normal
normal
neptune
neptune
neptune
portsweep
portsweep
nmap
neptune
normal
neptune
normal
neptune
normal
normal
neptune
normal
neptune
neptune
normal
normal
portsweep
portsweep
normal
normal
normal
normal
normal
normal
smurf
neptune
neptune
normal
neptune
portsweep
neptune
normal
neptune
smurf
normal
neptune
normal
normal
neptune
normal
satan
normal
neptune
portsweep
neptune
normal
neptune
smurf
neptune
normal
neptune
neptune
neptune
normal
normal
neptune
normal
neptune
normal
normal
ipsweep
normal
normal
neptune
neptune
normal
satan
normal
normal
neptune
normal
satan
pod
normal
neptune
normal
neptune
neptune
normal
neptune
teardrop
normal
normal
normal
normal
normal
normal
neptune
neptune
ipsweep
normal
normal
neptune
normal
portsweep
neptune
normal
neptune
normal
normal
normal
normal
neptune
normal
satan
normal
normal
normal
neptune
normal
normal
normal
normal
neptune
normal
neptune
normal
ipsweep
ipsweep
normal
normal
teardrop
smurf
neptune
normal
nmap
neptune
neptune
neptune
normal
satan
normal
normal
neptune
normal
neptune
smurf
teardrop
normal
normal
neptune
neptune
warezclient
normal
normal
neptune
neptune
neptune
nmap
normal
neptune
normal
ipsweep
normal
normal
neptune
normal
normal
ipsweep
neptune
neptune
normal
normal
satan
normal
portsweep
neptune
neptune
satan
neptune
smurf
smurf
neptune
ipsweep
normal
neptune
satan
normal
ipsweep
normal
neptune
normal
neptune
neptune
neptune
smurf
normal
nmap
normal
normal
satan
neptune
neptune
neptune
normal
neptune
normal
normal
satan
neptune
neptune
satan
normal
back
neptune
ipsweep
neptune
normal
normal
normal
normal
neptune
normal
satan
normal
normal
normal
normal
neptune
normal
normal
neptune
neptune
normal
neptune
neptune
normal
neptune
normal
portsweep
neptune
neptune
ipsweep
neptune
neptune
normal
normal
normal
satan
neptune
normal
neptune
normal
normal
nmap
smurf
teardrop
neptune
neptune
normal
normal
neptune
normal
neptune
normal
normal
neptune
ipsweep
normal
neptune
normal
neptune
normal
neptune
normal
satan
normal
neptune
normal
neptune
normal
normal
neptune
nmap
normal
normal
neptune
normal
neptune
normal
normal
satan
normal
normal
normal
neptune
neptune
normal
normal
neptune
normal
normal
normal
normal
portsweep
neptune
neptune
teardrop
ipsweep
normal
normal
portsweep
neptune
satan
normal
normal
teardrop
normal
neptune
normal
neptune
normal
neptune
neptune
normal
nmap
normal
normal
normal
smurf
normal
normal
normal
neptune
normal
neptune
normal
neptune
normal
normal
normal
neptune
nmap
normal
normal
normal
neptune
neptune
neptune
normal
normal
normal
normal
neptune
normal
normal
normal
neptune
neptune
normal
neptune
smurf
normal
normal
neptune
neptune
neptune
normal
normal
ipsweep
normal
neptune
nmap
neptune
normal
neptune
neptune
neptune
normal
neptune
neptune
normal
normal
normal
neptune
normal
normal
normal
normal
satan
normal
normal
normal
ipsweep
neptune
normal
normal
normal
normal
normal
neptune
neptune
normal
neptune
smurf
neptune
normal
normal
normal
normal
normal
smurf
normal
neptune
normal
normal
normal
ipsweep
neptune
neptune
neptune
neptune
neptune
neptune
normal
ipsweep
neptune
ipsweep
normal
normal
normal
satan
neptune
neptune
neptune
neptune
neptune
normal
neptune
neptune
normal
neptune
normal
portsweep
normal
neptune
normal
satan
normal
normal
normal
neptune
normal
normal
neptune
normal
neptune
normal
neptune
normal
normal
normal
neptune
normal
back
neptune
neptune
normal
normal
normal
normal
neptune
normal
normal
normal
neptune
neptune
normal
smurf
satan
neptune
neptune
ipsweep
normal
neptune
back
portsweep
normal
neptune
normal
nmap
normal
neptune
normal
neptune
satan
ipsweep
normal
normal
normal
normal
normal
ipsweep
normal
neptune
neptune
normal
normal
neptune
neptune
neptune
neptune
normal
nmap
normal
neptune
smurf
normal
neptune
neptune
normal
neptune
normal
normal
smurf
normal
normal
normal
neptune
normal
ipsweep
normal
neptune
warezclient
neptune
normal
neptune
normal
satan
normal
normal
neptune
neptune
neptune
neptune
warezclient
normal
normal
normal
satan
normal
normal
normal
normal
neptune
normal
normal
satan
neptune
ipsweep
normal
neptune
portsweep
normal
normal
normal
neptune
satan
neptune
normal
neptune
neptune
normal
normal
normal
neptune
neptune
neptune
normal
neptune
normal
normal
neptune
normal
normal
neptune
neptune
normal
normal
neptune
normal
neptune
normal
portsweep
satan
neptune
neptune
neptune
neptune
normal
normal
normal
normal
smurf
normal
normal
normal
normal
satan
normal
portsweep
normal
normal
neptune
neptune
neptune
normal
normal
neptune
normal
neptune
neptune
normal
neptune
normal
normal
back
normal
normal
portsweep
normal
neptune
normal
normal
neptune
ipsweep
normal
warezclient
normal
normal
normal
smurf
normal
normal
normal
neptune
neptune
neptune
nmap
neptune
neptune
ipsweep
neptune
normal
neptune
normal
neptune
neptune
normal
neptune
normal
neptune
normal
normal
normal
neptune
neptune
ipsweep
neptune
normal
normal
neptune
normal
normal
satan
normal
neptune
normal
neptune
normal
normal
normal
neptune
guess_passwd
normal
smurf
normal
neptune
normal
normal
normal
normal
normal
normal
normal
normal
neptune
normal
neptune
neptune
ipsweep
normal
normal
neptune
ipsweep
neptune
neptune
normal
neptune
nmap
neptune
neptune
neptune
neptune
normal
normal
normal
neptune
neptune
normal
normal
neptune
normal
normal
normal
normal
normal
normal
normal
nmap
normal
normal
nmap
portsweep
normal
normal
normal
normal
normal
normal
ipsweep
neptune
neptune
neptune
normal
neptune
normal
normal
smurf
normal
normal
neptune
normal
smurf
neptune
normal
neptune
normal
neptune
normal
nmap
normal
normal
normal
normal
normal
normal
normal
normal
normal
portsweep
neptune
neptune
neptune
satan
normal
neptune
normal
neptune
normal
normal
satan
normal
normal
normal
normal
normal
neptune
normal
nmap
smurf
neptune
normal
neptune
normal
satan
normal
normal
smurf
neptune
normal
neptune
neptune
neptune
normal
normal
neptune
normal
neptune
neptune
nmap
neptune
neptune
normal
normal
normal
neptune
neptune
neptune
normal
ipsweep
neptune
neptune
normal
normal
neptune
normal
normal
normal
neptune
normal
neptune
normal
normal
teardrop
neptune
normal
normal
normal
normal
neptune
normal
smurf
normal
neptune
normal
back
neptune
neptune
ipsweep
neptune
normal
warezclient
normal
normal
ipsweep
neptune
ipsweep
normal
neptune
ipsweep
normal
neptune
normal
neptune
neptune
neptune
normal
normal
neptune
normal
normal
neptune
smurf
normal
normal
normal
normal
portsweep
neptune
normal
neptune
normal
normal
normal
normal
neptune
normal
neptune
normal
normal
smurf
neptune
neptune
normal
neptune
ipsweep
normal
normal
neptune
normal
normal
normal
normal
normal
smurf
normal
normal
neptune
nmap
normal
normal
portsweep
neptune
warezclient
normal
normal
normal
neptune
normal
neptune
neptune
normal
nmap
normal
neptune
teardrop
neptune
normal
neptune
normal
nmap
neptune
normal
normal
normal
normal
normal
normal
neptune
normal
normal
normal
normal
ipsweep
neptune
normal
normal
smurf
neptune
normal
normal
normal
normal
neptune
normal
portsweep
normal
normal
normal
normal
neptune
normal
neptune
normal
normal
normal
neptune
nmap
normal
normal
neptune
neptune
ipsweep
neptune
neptune
neptune
normal
normal
neptune
neptune
normal
normal
back
normal
neptune
normal
normal
neptune
neptune
neptune
normal
normal
normal
neptune
neptune
smurf
neptune
neptune
normal
normal
normal
normal
normal
normal
normal
smurf
neptune
neptune
normal
normal
normal
normal
neptune
normal
normal
normal
portsweep
normal
normal
normal
neptune
neptune
neptune
satan
neptune
neptune
normal
normal
neptune
neptune
normal
neptune
normal
normal
neptune
normal
smurf
normal
neptune
normal
normal
neptune
normal
ipsweep
smurf
neptune
normal
neptune
normal
satan
neptune
normal
neptune
neptune
normal
normal
normal
neptune
neptune
neptune
normal
satan
normal
neptune
neptune
neptune
normal
normal
normal
smurf
neptune
neptune
normal
normal
normal
normal
normal
normal
neptune
neptune
nmap
normal
normal
neptune
normal
normal
normal
normal
normal
normal
normal
neptune
normal
normal
normal
normal
normal
normal
neptune
teardrop
normal
normal
neptune
normal
normal
neptune
normal
normal
neptune
portsweep
normal
normal
neptune
neptune
normal
normal
neptune
neptune
neptune
normal
neptune
normal
satan
neptune
neptune
normal
normal
normal
normal
normal
normal
neptune
neptune
normal
normal
neptune
normal
neptune
normal
normal
neptune
neptune
neptune
normal
normal
normal
normal
normal
normal
satan
normal
neptune
neptune
normal
normal
portsweep
normal
normal
portsweep
normal
neptune
satan
normal
neptune
normal
normal
normal
normal
normal
neptune
normal
neptune
normal
normal
neptune
normal
neptune
normal
neptune
normal
portsweep
normal
normal
normal
neptune
normal
neptune
normal
normal
normal
normal
neptune
normal
neptune
neptune
back
normal
neptune
ipsweep
normal
normal
satan
normal
normal
warezclient
neptune
normal
neptune
neptune
normal
normal
neptune
neptune
normal
warezclient
ipsweep
neptune
neptune
smurf
neptune
neptune
normal
neptune
normal
normal
neptune
normal
neptune
normal
neptune
neptune
neptune
ipsweep
ipsweep
ipsweep
neptune
normal
neptune
neptune
normal
normal
portsweep
normal
normal
neptune
normal
normal
normal
normal
neptune
normal
neptune
neptune
neptune
normal
normal
satan
neptune
neptune
normal
neptune
neptune
normal
satan
neptune
normal
neptune
satan
neptune
neptune
normal
normal
neptune
normal
normal
normal
normal
neptune
normal
normal
normal
normal
neptune
normal
normal
normal
normal
normal
normal
normal
normal
normal
normal
portsweep
normal
normal
nmap
neptune
neptune
normal
normal
back
normal
normal
neptune
neptune
neptune
normal
neptune
neptune
neptune
satan
satan
normal
normal
ipsweep
normal
neptune
normal
normal
normal
normal
normal
normal
nmap
neptune
normal
portsweep
normal
neptune
neptune
normal
neptune
normal
neptune
normal
normal
neptune
normal
neptune
normal
normal
normal
neptune
neptune
normal
satan
neptune
neptune
normal
normal
neptune
normal
normal
neptune
normal
neptune
neptune
normal
neptune
neptune
normal
normal
normal
portsweep
normal
neptune
normal
normal
normal
neptune
normal
normal
phf
neptune
satan
normal
normal
normal
normal
nmap
normal
neptune
normal
neptune
neptune
normal
nmap
normal
portsweep
normal
normal
neptune
neptune
normal
neptune
normal
normal
neptune
normal
normal
normal
normal
neptune
normal
normal
neptune
portsweep
normal
nmap
normal
normal
neptune
normal
normal
normal
normal
neptune
satan
normal
neptune
neptune
neptune
neptune
normal
neptune
normal
neptune
neptune
normal
normal
normal
normal
neptune
normal
normal
normal
neptune
neptune
neptune
normal
normal
neptune
normal
normal
normal
neptune
nmap
neptune
normal
normal
normal
normal
normal
normal
normal
smurf
neptune
neptune
normal
satan
neptune
normal
back
normal
satan
neptune
normal
normal
neptune
normal
neptune
neptune
normal
normal
nmap
neptune
normal
neptune
back
neptune
normal
normal
normal
smurf
normal
normal
satan
normal
normal
neptune
neptune
neptune
normal
normal
normal
neptune
neptune
normal
neptune
neptune
normal
ipsweep
ipsweep
normal
neptune
normal
normal
normal
neptune
normal
normal
neptune
normal
normal
neptune
normal
neptune
teardrop
neptune
neptune
neptune
normal
normal
normal
neptune
neptune
normal
neptune
neptune
normal
normal
neptune
neptune
neptune
neptune
normal
normal
neptune
normal
portsweep
normal
neptune
neptune
normal
neptune
neptune
neptune
neptune
neptune
normal
neptune
normal
normal
neptune
normal
neptune
neptune
neptune
portsweep
normal
normal
portsweep
normal
neptune
satan
normal
neptune
normal
neptune
neptune
neptune
smurf
normal
neptune
neptune
satan
neptune
neptune
normal
normal
normal
neptune
normal
neptune
normal
neptune
neptune
ipsweep
normal
normal
ipsweep
neptune
normal
normal
neptune
normal
back
neptune
normal
neptune
ipsweep
normal
neptune
normal
portsweep
normal
normal
normal
satan
normal
ipsweep
normal
normal
neptune
portsweep
back
neptune
normal
normal
neptune
normal
normal
normal
neptune
normal
normal
neptune
normal
ipsweep
neptune
normal
normal
normal
normal
normal
neptune
normal
normal
smurf
smurf
neptune
neptune
neptune
normal
neptune
normal
back
neptune
normal
normal
normal
normal
normal
neptune
normal
normal
neptune
normal
neptune
normal
normal
neptune
normal
normal
normal
satan
neptune
normal
neptune
normal
normal
neptune
normal
neptune
neptune
neptune
smurf
normal
neptune
normal
neptune
neptune
normal
neptune
normal
neptune
normal
neptune
warezclient
normal
normal
ipsweep
neptune
satan
normal
neptune
neptune
neptune
neptune
normal
neptune
neptune
neptune
normal
normal
smurf
normal
neptune
neptune
neptune
normal
satan
neptune
normal
nmap
nmap
neptune
normal
normal
normal
neptune
portsweep
normal
ipsweep
normal
normal
normal
ipsweep
normal
neptune
neptune
neptune
normal
normal
neptune
neptune
normal
normal
normal
ipsweep
neptune
normal
normal
normal
neptune
neptune
neptune
neptune
portsweep
normal
normal
normal
normal
normal
portsweep
neptune
ipsweep
normal
satan
neptune
normal
normal
normal
ipsweep
normal
back
neptune
satan
normal
normal
neptune
neptune
smurf
normal
normal
normal
normal
normal
neptune
normal
normal
normal
normal
normal
neptune
neptune
ipsweep
normal
normal
normal
neptune
normal
neptune
normal
normal
neptune
neptune
normal
neptune
normal
normal
normal
normal
normal
neptune
neptune
neptune
neptune
normal
normal
normal
neptune
normal
neptune
portsweep
neptune
normal
normal
warezclient
normal
normal
satan
neptune
normal
warezclient
neptune
normal
neptune
normal
neptune
portsweep
normal
neptune
neptune
normal
neptune
normal
normal
neptune
normal
normal
normal
normal
normal
neptune
portsweep
normal
smurf
neptune
ipsweep
normal
normal
neptune
neptune
neptune
neptune
neptune
warezclient
normal
smurf
normal
neptune
neptune
normal
smurf
ipsweep
normal
ipsweep
neptune
neptune
normal
neptune
neptune
smurf
normal
normal
neptune
neptune
normal
normal
normal
neptune
normal
normal
normal
ipsweep
normal
portsweep
normal
normal
normal
neptune
normal
normal
normal
neptune
teardrop
neptune
normal
nmap
normal
neptune
neptune
normal
neptune
neptune
normal
normal
smurf
normal
normal
normal
normal
normal
normal
neptune
normal
normal
ipsweep
normal
neptune
neptune
normal
ipsweep
normal
normal
nmap
neptune
normal
neptune
neptune
normal
normal
neptune
normal
normal
normal
normal
neptune
portsweep
neptune
normal
neptune
ipsweep
normal
normal
normal
neptune
normal
normal
normal
normal
normal
neptune
normal
neptune
normal
neptune
normal
normal
normal
neptune
neptune
normal
normal
normal
neptune
normal
normal
ipsweep
normal
satan
neptune
normal
normal
neptune
nmap
neptune
normal
ipsweep
normal
normal
normal
normal
neptune
normal
neptune
normal
neptune
normal
portsweep
normal
satan
satan
normal
neptune
normal
neptune
neptune
normal
ipsweep
normal
normal
neptune
normal
portsweep
normal
normal
normal
neptune
portsweep
portsweep
neptune
neptune
normal
normal
normal
neptune
neptune
neptune
normal
normal
neptune
normal
normal
normal
normal
normal
normal
normal
normal
normal
nmap
normal
normal
neptune
normal
normal
normal
normal
normal
neptune
neptune
pod
satan
normal
normal
normal
normal
normal
smurf
normal
normal
neptune
normal
neptune
neptune
normal
neptune
normal
ipsweep
normal
normal
normal
normal
normal
neptune
ipsweep
normal
normal
normal
normal
neptune
neptune
portsweep
smurf
neptune
normal
normal
normal
neptune
neptune
rootkit
normal
smurf
neptune
neptune
normal
normal
nmap
normal
neptune
ipsweep
neptune
normal
normal
normal
normal
normal
normal
normal
neptune
warezclient
normal
normal
normal
normal
neptune
normal
normal
neptune
normal
normal
normal
ipsweep
normal
normal
neptune
normal
neptune
normal
neptune
neptune
neptune
normal
neptune
normal
normal
normal
neptune
normal
normal
normal
neptune
neptune
normal
normal
normal
neptune
normal
neptune
normal
neptune
normal
neptune
smurf
nmap
normal
satan
normal
satan
ipsweep
neptune
neptune
normal
normal
neptune
neptune
normal
normal
normal
normal
normal
smurf
smurf
normal
portsweep
normal
neptune
neptune
normal
normal
normal
normal
neptune
nmap
neptune
neptune
neptune
normal
normal
neptune
normal
ipsweep
warezclient
phf
neptune
neptune
normal
smurf
smurf
smurf
normal
teardrop
normal
normal
neptune
neptune
smurf
neptune
normal
normal
normal
neptune
normal
normal
normal
normal
neptune
neptune
neptune
neptune
normal
satan
neptune
normal
normal
normal
ipsweep
satan
normal
normal
normal
normal
normal
normal
neptune
normal
satan
normal
neptune
normal
neptune
normal
ipsweep
neptune
normal
normal
normal
neptune
normal
neptune
normal
normal
neptune
neptune
normal
normal
normal
normal
neptune
neptune
normal
neptune
neptune
neptune
normal
portsweep
normal
normal
normal
neptune
normal
neptune
normal
normal
normal
neptune
neptune
normal
normal
normal
normal
normal
teardrop
normal
neptune
normal
neptune
normal
normal
normal
normal
normal
normal
neptune
normal
neptune
neptune
normal
neptune
normal
normal
normal
normal
normal
neptune
neptune
neptune
normal
ipsweep
neptune
ipsweep
teardrop
back
neptune
neptune
pod
neptune
neptune
neptune
neptune
normal
satan
normal
smurf
neptune
normal
neptune
normal
neptune
normal
normal
normal
normal
neptune
normal
normal
normal
satan
ipsweep
satan
normal
neptune
normal
normal
neptune
neptune
normal
normal
normal
neptune
normal
neptune
normal
normal
normal
normal
neptune
neptune
neptune
normal
neptune
normal
normal
normal
normal
normal
normal
normal
neptune
normal
smurf
normal
normal
normal
normal
normal
neptune
neptune
neptune
normal
normal
normal
neptune
normal
normal
normal
normal
normal
normal
neptune
neptune
normal
neptune
neptune
normal
normal
normal
normal
neptune
neptune
normal
normal
normal
normal
neptune
normal
neptune
normal
neptune
normal
normal
normal
neptune
neptune
normal
normal
normal
normal
normal
normal
neptune
neptune
normal
normal
normal
normal
normal
ipsweep
teardrop
normal
satan
normal
normal
portsweep
normal
nmap
neptune
satan
normal
neptune
normal
normal
normal
normal
neptune
normal
normal
neptune
neptune
normal
normal
normal
neptune
neptune
normal
neptune
normal
normal
neptune
neptune
normal
smurf
normal
normal
neptune
neptune
normal
normal
ipsweep
normal
neptune
normal
normal
neptune
neptune
normal
satan
normal
ipsweep
normal
normal
neptune
normal
normal
normal
portsweep
neptune
normal
normal
normal
normal
normal
neptune
normal
back
normal
satan
normal
neptune
normal
satan
neptune
normal
normal
neptune
normal
smurf
neptune
neptune
neptune
normal
normal
normal
normal
smurf
neptune
neptune
normal
normal
normal
neptune
normal
normal
neptune
neptune
normal
normal
normal
normal
normal
normal
normal
neptune
satan
neptune
normal
neptune
portsweep
normal
normal
normal
smurf
normal
warezclient
normal
neptune
normal
neptune
neptune
ipsweep
neptune
neptune
normal
neptune
neptune
neptune
teardrop
neptune
normal
normal
normal
neptune
neptune
normal
neptune
neptune
normal
neptune
neptune
nmap
neptune
neptune
normal
normal
smurf
normal
normal
normal
neptune
smurf
normal
normal
neptune
neptune
neptune
normal
normal
normal
normal
normal
neptune
normal
normal
normal
normal
normal
normal
satan
normal
normal
normal
normal
normal
normal
neptune
normal
normal
normal
neptune
neptune
neptune
neptune
neptune
satan
satan
normal
normal
neptune
normal
normal
neptune
neptune
normal
normal
neptune
neptune
neptune
normal
normal
back
normal
normal
normal
normal
neptune
normal
ipsweep
normal
neptune
normal
normal
neptune
neptune
normal
normal
neptune
normal
normal
neptune
normal
ipsweep
normal
normal
normal
normal
neptune
normal
satan
normal
normal
normal
neptune
neptune
portsweep
normal
neptune
normal
normal
neptune
neptune
normal
normal
satan
normal
neptune
normal
neptune
normal
neptune
normal
neptune
neptune
normal
normal
neptune
neptune
pod
normal
normal
normal
neptune
neptune
normal
normal
neptune
normal
neptune
neptune
neptune
normal
neptune
normal
normal
portsweep
portsweep
nmap
neptune
normal
neptune
portsweep
normal
neptune
ipsweep
satan
neptune
normal
neptune
normal
neptune
neptune
back
normal
neptune
neptune
normal
normal
neptune
normal
normal
neptune
normal
portsweep
normal
normal
neptune
neptune
ipsweep
neptune
neptune
normal
normal
normal
normal
normal
normal
neptune
neptune
normal
neptune
nmap
normal
normal
neptune
normal
neptune
normal
neptune
neptune
neptune
neptune
neptune
neptune
normal
ipsweep
neptune
normal
warezclient
portsweep
smurf
neptune
normal
smurf
normal
normal
nmap
normal
neptune
neptune
normal
normal
neptune
normal
neptune
normal
normal
normal
normal
normal
normal
neptune
normal
neptune
normal
neptune
normal
neptune
neptune
normal
normal
neptune
normal
normal
normal
neptune
ipsweep
normal
pod
normal
normal
normal
normal
normal
normal
neptune
normal
normal
normal
normal
normal
normal
normal
normal
back
normal
neptune
neptune
neptune
normal
normal
normal
normal
neptune
neptune
normal
neptune
normal
normal
satan
neptune
neptune
satan
normal
warezclient
warezclient
neptune
neptune
normal
normal
satan
normal
neptune
normal
neptune
normal
normal
normal
neptune
neptune
normal
smurf
normal
normal
neptune
normal
normal
normal
normal
normal
normal
normal
neptune
normal
neptune
neptune
normal
normal
normal
neptune
neptune
normal
neptune
neptune
normal
normal
normal
neptune
neptune
neptune
normal
normal
normal
normal
normal
normal
ipsweep
normal
neptune
portsweep
neptune
normal
neptune
warezclient
normal
normal
normal
normal
normal
satan
neptune
neptune
normal
neptune
neptune
normal
satan
normal
ipsweep
normal
normal
normal
normal
normal
smurf
neptune
normal
neptune
normal
neptune
normal
neptune
normal
normal
normal
imap
normal
neptune
normal
normal
normal
smurf
portsweep
neptune
normal
normal
normal
normal
neptune
normal
normal
normal
normal
nmap
warezclient
normal
normal
normal
normal
neptune
neptune
normal
warezclient
neptune
normal
neptune
normal
normal
neptune
normal
normal
normal
normal
normal
normal
normal
normal
normal
neptune
normal
neptune
neptune
neptune
ipsweep
normal
normal
normal
portsweep
normal
normal
normal
normal
neptune
normal
normal
normal
normal
normal
normal
back
neptune
satan
neptune
normal
normal
neptune
neptune
normal
normal
normal
neptune
normal
normal
neptune
normal
normal
normal
normal
neptune
warezmaster
normal
neptune
normal
normal
neptune
normal
normal
normal
normal
neptune
neptune
normal
normal
normal
neptune
smurf
normal
smurf
normal
smurf
neptune
normal
normal
neptune
normal
portsweep
smurf
neptune
normal
smurf
normal
neptune
ipsweep
neptune
normal
normal
neptune
neptune
normal
neptune
neptune
normal
normal
normal
normal
neptune
normal
normal
normal
neptune
smurf
normal
neptune
neptune
normal
neptune
neptune
ipsweep
normal
normal
normal
neptune
back
ipsweep
normal
portsweep
normal
normal
neptune
neptune
normal
normal
neptune
satan
neptune
normal
neptune
satan
neptune
satan
normal
neptune
neptune
normal
neptune
neptune
normal
neptune
neptune
normal
normal
normal
normal
ipsweep
normal
normal
normal
normal
normal
normal
warezclient
normal
neptune
normal
normal
neptune
neptune
normal
normal
normal
normal
neptune
neptune
normal
neptune
normal
normal
normal
normal
normal
normal
back
normal
neptune
normal
normal
neptune
normal
nmap
normal
normal
normal
normal
warezclient
normal
portsweep
neptune
normal
teardrop
neptune
normal
normal
normal
neptune
normal
normal
neptune
normal
normal
normal
neptune
normal
normal
normal
normal
normal
portsweep
neptune
normal
neptune
neptune
normal
normal
normal
neptune
nmap
normal
normal
normal
neptune
neptune
normal
normal
neptune
normal
normal
neptune
neptune
neptune
portsweep
neptune
normal
neptune
normal
neptune
normal
normal
normal
neptune
normal
ipsweep
normal
neptune
neptune
normal
neptune
normal
normal
normal
neptune
neptune
satan
neptune
smurf
ipsweep
normal
normal
neptune
neptune
normal
neptune
normal
normal
normal
portsweep
normal
neptune
neptune
normal
normal
normal
neptune
neptune
normal
normal
normal
neptune
neptune
neptune
normal
normal
smurf
satan
satan
neptune
normal
neptune
normal
neptune
neptune
normal
normal
neptune
back
neptune
normal
neptune
neptune
neptune
neptune
neptune
neptune
normal
portsweep
neptune
normal
normal
neptune
normal
back
neptune
normal
normal
nmap
normal
normal
normal
normal
neptune
normal
normal
normal
neptune
ipsweep
neptune
normal
normal
neptune
normal
normal
ipsweep
normal
normal
neptune
neptune
normal
portsweep
neptune
ipsweep
normal
ipsweep
normal
satan
normal
neptune
normal
nmap
back
neptune
neptune
portsweep
normal
normal
neptune
normal
neptune
normal
neptune
normal
neptune
teardrop
normal
neptune
neptune
neptune
normal
neptune
satan
normal
normal
normal
normal
normal
neptune
normal
neptune
normal
normal
portsweep
normal
normal
normal
neptune
normal
normal
neptune
neptune
normal
neptune
normal
neptune
normal
neptune
normal
normal
normal
normal
normal
neptune
neptune
neptune
neptune
normal
normal
normal
portsweep
normal
normal
neptune
neptune
smurf
nmap
neptune
ipsweep
neptune
normal
normal
normal
neptune
normal
normal
normal
normal
normal
normal
normal
neptune
normal
normal
normal
normal
normal
normal
neptune
normal
normal
normal
normal
neptune
neptune
neptune
normal
normal
neptune
neptune
normal
neptune
normal
normal
normal
smurf
neptune
neptune
neptune
neptune
neptune
neptune
smurf
neptune
normal
normal
normal
neptune
normal
normal
neptune
normal
neptune
normal
normal
normal
neptune
satan
normal
neptune
normal
normal
normal
normal
neptune
neptune
normal
neptune
normal
normal
neptune
normal
normal
normal
neptune
neptune
normal
normal
ipsweep
normal
neptune
neptune
neptune
normal
neptune
portsweep
neptune
normal
normal
neptune
neptune
neptune
normal
neptune
neptune
neptune
neptune
neptune
neptune
teardrop
neptune
neptune
normal
normal
neptune
normal
neptune
normal
neptune
normal
ipsweep
normal
neptune
normal
normal
neptune
normal
normal
neptune
normal
normal
neptune
normal
normal
normal
normal
normal
neptune
normal
normal
normal
neptune
normal
normal
normal
normal
neptune
normal
ipsweep
normal
normal
neptune
normal
nmap
normal
normal
neptune
normal
normal
normal
normal
ipsweep
normal
neptune
satan
ipsweep
normal
neptune
normal
neptune
neptune
normal
normal
neptune
back
nmap
neptune
normal
neptune
normal
normal
neptune
normal
neptune
neptune
normal
ipsweep
neptune
normal
normal
normal
normal
neptune
normal
neptune
normal
neptune
normal
normal
neptune
normal
normal
normal
normal
neptune
normal
normal
neptune
normal
normal
normal
normal
normal
neptune
normal
normal
normal
normal
normal
normal
back
normal
neptune
ipsweep
normal
normal
neptune
neptune
normal
neptune
normal
normal
portsweep
normal
normal
normal
normal
warezclient
neptune
neptune
normal
normal
normal
normal
normal
normal
normal
smurf
neptune
nmap
neptune
back
normal
warezclient
warezclient
normal
normal
normal
smurf
neptune
normal
neptune
normal
neptune
neptune
normal
neptune
neptune
neptune
ipsweep
guess_passwd
neptune
neptune
normal
neptune
smurf
neptune
normal
normal
normal
portsweep
neptune
normal
normal
normal
neptune
neptune
normal
normal
normal
ipsweep
normal
normal
normal
normal
normal
normal
satan
normal
neptune
neptune
normal
neptune
normal
neptune
normal
neptune
normal
neptune
neptune
normal
neptune
neptune
normal
normal
normal
normal
normal
normal
normal
neptune
normal
normal
normal
neptune
satan
neptune
neptune
normal
warezclient
normal
neptune
normal
normal
normal
nmap
normal
neptune
normal
satan
normal
neptune
normal
neptune
normal
normal
normal
neptune
neptune
neptune
normal
normal
neptune
neptune
neptune
normal
neptune
normal
normal
neptune
neptune
normal
normal
normal
normal
neptune
neptune
normal
neptune
normal
normal
neptune
normal
normal
normal
normal
neptune
warezclient
neptune
ipsweep
normal
normal
neptune
normal
neptune
neptune
normal
normal
pod
normal
neptune
normal
normal
normal
normal
neptune
neptune
normal
normal
normal
normal
neptune
neptune
neptune
ipsweep
normal
neptune
smurf
neptune
neptune
smurf
neptune
normal
normal
normal
normal
neptune
smurf
smurf
neptune
normal
smurf
normal
satan
neptune
normal
neptune
neptune
portsweep
normal
normal
normal
normal
normal
normal
neptune
neptune
normal
normal
neptune
normal
normal
neptune
smurf
normal
normal
neptune
ipsweep
neptune
neptune
normal
ipsweep
normal
neptune
normal
neptune
normal
normal
normal
normal
normal
neptune
neptune
normal
portsweep
pod
neptune
neptune
neptune
normal
normal
normal
normal
normal
normal
normal
normal
neptune
neptune
normal
normal
normal
normal
normal
normal
normal
normal
ipsweep
normal
neptune
ipsweep
neptune
normal
normal
neptune
normal
normal
portsweep
neptune
normal
normal
neptune
smurf
normal
normal
normal
normal
ipsweep
neptune
normal
normal
neptune
neptune
normal
neptune
normal
normal
neptune
normal
normal
normal
normal
normal
neptune
neptune
normal
normal
normal
neptune
neptune
neptune
normal
smurf
neptune
neptune
normal
neptune
normal
normal
neptune
teardrop
nmap
satan
neptune
satan
normal
normal
nmap
normal
neptune
normal
smurf
smurf
neptune
normal
normal
normal
normal
neptune
ipsweep
normal
normal
normal
neptune
normal
neptune
neptune
normal
normal
normal
normal
neptune
normal
normal
normal
normal
neptune
neptune
normal
normal
normal
normal
normal
normal
neptune
normal
normal
satan
neptune
neptune
normal
normal
neptune
neptune
normal
neptune
normal
normal
smurf
normal
normal
neptune
neptune
normal
normal
neptune
neptune
normal
neptune
warezclient
normal
normal
normal
neptune
normal
normal
normal
normal
neptune
normal
normal
normal
neptune
normal
normal
normal
portsweep
normal
neptune
neptune
normal
normal
normal
normal
normal
satan
neptune
normal
neptune
normal
normal
normal
neptune
normal
neptune
normal
satan
warezmaster
neptune
satan
normal
normal
normal
back
neptune
normal
neptune
normal
normal
smurf
normal
normal
normal
neptune
normal
neptune
neptune
neptune
normal
normal
ipsweep
neptune
normal
normal
normal
normal
neptune
neptune
neptune
normal
ipsweep
smurf
portsweep
neptune
neptune
neptune
normal
normal
neptune
neptune
neptune
normal
portsweep
normal
neptune
neptune
normal
normal
neptune
neptune
ipsweep
normal
normal
normal
neptune
normal
normal
neptune
normal
normal
normal
normal
satan
neptune
normal
neptune
normal
normal
normal
normal
neptune
portsweep
normal
teardrop
normal
normal
neptune
normal
neptune
normal
neptune
normal
normal
neptune
normal
normal
neptune
normal
normal
normal
normal
normal
neptune
normal
normal
normal
neptune
neptune
back
normal
neptune
normal
normal
ipsweep
warezclient
neptune
normal
neptune
neptune
portsweep
neptune
neptune
smurf
normal
normal
normal
normal
normal
satan
normal
normal
neptune
normal
ipsweep
portsweep
neptune
neptune
neptune
normal
normal
neptune
ipsweep
satan
smurf
normal
neptune
normal
normal
neptune
neptune
satan
neptune
nmap
neptune
normal
neptune
normal
normal
normal
neptune
normal
normal
normal
neptune
normal
normal
normal
satan
normal
neptune
ipsweep
normal
neptune
normal
nmap
neptune
normal
normal
normal
neptune
satan
normal
neptune
normal
neptune
normal
neptune
normal
normal
neptune
normal
normal
neptune
normal
neptune
normal
normal
normal
normal
neptune
neptune
normal
neptune
normal
ipsweep
neptune
normal
normal
normal
neptune
neptune
normal
normal
normal
neptune
normal
normal
neptune
normal
normal
neptune
normal
normal
normal
teardrop
normal
portsweep
normal
portsweep
satan
normal
neptune
normal
normal
normal
back
neptune
neptune
neptune
normal
neptune
neptune
neptune
normal
normal
ipsweep
neptune
normal
neptune
normal
normal
normal
normal
normal
neptune
neptune
normal
neptune
normal
normal
normal
neptune
neptune
neptune
neptune
neptune
satan
normal
normal
neptune
normal
satan
neptune
neptune
normal
neptune
neptune
neptune
neptune
neptune
normal
normal
normal
neptune
portsweep
neptune
ipsweep
normal
neptune
normal
normal
neptune
normal
portsweep
normal
normal
normal
neptune
normal
ipsweep
normal
satan
neptune
normal
satan
normal
normal
normal
normal
neptune
normal
normal
normal
normal
normal
normal
pod
back
normal
normal
normal
normal
normal
satan
normal
normal
normal
neptune
normal
neptune
neptune
neptune
normal
neptune
neptune
neptune
normal
neptune
normal
neptune
normal
normal
ipsweep
normal
neptune
neptune
normal
normal
normal
neptune
neptune
neptune
normal
normal
normal
normal
neptune
normal
neptune
normal
smurf
neptune
neptune
normal
neptune
neptune
normal
neptune
smurf
neptune
normal
normal
neptune
neptune
normal
neptune
neptune
normal
normal
neptune
portsweep
normal
normal
normal
neptune
normal
normal
neptune
neptune
normal
normal
normal
neptune
normal
normal
normal
neptune
neptune
neptune
smurf
neptune
neptune
normal
normal
normal
neptune
normal
normal
normal
normal
normal
neptune
normal
neptune
normal
neptune
neptune
satan
normal
teardrop
normal
normal
normal
neptune
normal
normal
normal
normal
normal
portsweep
neptune
normal
normal
neptune
normal
normal
normal
normal
normal
normal
normal
neptune
smurf
nmap
neptune
smurf
normal
normal
normal
normal
normal
normal
satan
normal
neptune
normal
back
normal
normal
ipsweep
normal
neptune
neptune
neptune
normal
normal
neptune
portsweep
normal
normal
normal
normal
normal
neptune
normal
neptune
neptune
normal
normal
neptune
normal
normal
normal
neptune
neptune
normal
normal
smurf
portsweep
satan
satan
normal
normal
normal
normal
neptune
normal
normal
neptune
neptune
neptune
neptune
neptune
neptune
normal
neptune
neptune
normal
normal
neptune
neptune
neptune
normal
normal
neptune
normal
satan
normal
normal
neptune
neptune
neptune
normal
normal
normal
neptune
normal
normal
normal
normal
normal
neptune
normal
neptune
neptune
neptune
normal
ipsweep
portsweep
normal
normal
neptune
normal
normal
neptune
normal
normal
neptune
nmap
normal
normal
neptune
normal
neptune
normal
normal
portsweep
normal
satan
neptune
normal
normal
normal
neptune
normal
neptune
neptune
smurf
ipsweep
normal
normal
neptune
portsweep
normal
neptune
normal
normal
normal
ipsweep
normal
normal
neptune
normal
satan
normal
normal
normal
neptune
normal
neptune
neptune
neptune
normal
neptune
normal
neptune
normal
warezclient
normal
ipsweep
normal
neptune
normal
normal
normal
normal
normal
normal
neptune
neptune
satan
normal
normal
normal
normal
normal
neptune
neptune
normal
neptune
portsweep
normal
teardrop
neptune
satan
warezclient
nmap
normal
normal
normal
normal
normal
neptune
neptune
neptune
ipsweep
normal
normal
normal
neptune
normal
normal
neptune
neptune
neptune
normal
normal
normal
normal
normal
normal
neptune
neptune
normal
neptune
neptune
portsweep
normal
normal
normal
normal
neptune
smurf
normal
normal
neptune
normal
satan
neptune
normal
normal
ipsweep
neptune
smurf
normal
neptune
normal
neptune
neptune
normal
normal
normal
neptune
normal
normal
neptune
normal
normal
neptune
normal
neptune
normal
neptune
normal
neptune
normal
neptune
neptune
normal
neptune
neptune
neptune
nmap
neptune
normal
neptune
normal
normal
neptune
normal
normal
neptune
normal
normal
normal
neptune
satan
normal
normal
normal
normal
normal
normal
normal
normal
ipsweep
neptune
pod
rootkit
normal
normal
normal
satan
portsweep
satan
portsweep
normal
neptune
neptune
neptune
normal
normal
neptune
neptune
portsweep
normal
neptune
normal
normal
normal
normal
normal
normal
normal
neptune
normal
normal
ipsweep
neptune
neptune
normal
normal
normal
normal
portsweep
normal
normal
neptune
normal
normal
normal
portsweep
normal
neptune
normal
normal
normal
normal
normal
neptune
normal
normal
normal
neptune
normal
neptune
normal
normal
normal
normal
normal
neptune
normal
normal
normal
neptune
neptune
neptune
normal
neptune
normal
normal
neptune
normal
neptune
normal
normal
neptune
neptune
neptune
normal
normal
normal
neptune
portsweep
neptune
normal
satan
neptune
smurf
neptune
neptune
normal
normal
neptune
normal
satan
normal
normal
normal
neptune
warezclient
normal
normal
portsweep
normal
neptune
normal
normal
ipsweep
portsweep
neptune
normal
neptune
neptune
normal
normal
normal
normal
normal
neptune
normal
normal
normal
smurf
neptune
normal
normal
neptune
normal
normal
normal
normal
neptune
normal
normal
ipsweep
normal
normal
normal
smurf
normal
normal
normal
neptune
neptune
normal
back
normal
neptune
smurf
normal
normal
neptune
normal
neptune
normal
normal
normal
normal
normal
normal
neptune
neptune
normal
normal
normal
neptune
normal
normal
normal
neptune
normal
normal
normal
neptune
normal
neptune
neptune
normal
portsweep
ipsweep
normal
normal
normal
neptune
normal
neptune
portsweep
normal
neptune
neptune
normal
normal
normal
normal
neptune
normal
normal
normal
teardrop
normal
teardrop
neptune
neptune
smurf
normal
normal
teardrop
normal
normal
normal
neptune
normal
normal
normal
satan
normal
normal
normal
teardrop
normal
neptune
neptune
normal
normal
satan
satan
neptune
neptune
satan
normal
neptune
portsweep
normal
normal
normal
teardrop
neptune
normal
normal
normal
smurf
portsweep
normal
neptune
neptune
normal
normal
normal
normal
neptune
neptune
neptune
normal
normal
neptune
normal
normal
normal
normal
normal
ipsweep
neptune
normal
neptune
normal
neptune
neptune
normal
normal
neptune
neptune
ipsweep
normal
normal
normal
neptune
normal
normal
normal
normal
neptune
neptune
neptune
back
neptune
neptune
neptune
normal
neptune
neptune
neptune
neptune
normal
neptune
portsweep
normal
normal
normal
neptune
normal
portsweep
portsweep
normal
normal
normal
neptune
normal
normal
normal
neptune
neptune
neptune
normal
normal
nmap
normal
neptune
normal
normal
normal
normal
normal
normal
normal
neptune
normal
neptune
neptune
satan
neptune
neptune
neptune
portsweep
normal
ipsweep
neptune
smurf
normal
neptune
normal
normal
portsweep
normal
neptune
normal
neptune
neptune
neptune
normal
normal
nmap
normal
nmap
neptune
normal
portsweep
neptune
nmap
normal
satan
normal
normal
pod
normal
neptune
satan
normal
normal
normal
normal
warezclient
neptune
normal
back
normal
normal
neptune
neptune
normal
normal
normal
neptune
neptune
neptune
normal
normal
normal
neptune
normal
normal
neptune
normal
neptune
normal
normal
normal
normal
neptune
normal
normal
normal
smurf
normal
normal
neptune
normal
normal
normal
normal
neptune
neptune
normal
normal
normal
normal
neptune
normal
normal
neptune
neptune
normal
normal
back
ipsweep
neptune
normal
normal
nmap
neptune
neptune
neptune
neptune
normal
neptune
normal
normal
neptune
normal
normal
normal
neptune
normal
neptune
normal
teardrop
neptune
normal
normal
normal
nmap
normal
back
neptune
neptune
normal
normal
neptune
neptune
warezclient
neptune
normal
neptune
nmap
normal
normal
normal
nmap
normal
normal
neptune
ipsweep
normal
normal
normal
normal
normal
ipsweep
normal
normal
ipsweep
neptune
normal
neptune
neptune
normal
neptune
normal
smurf
normal
neptune
normal
normal
normal
neptune
normal
neptune
normal
normal
normal
neptune
normal
normal
neptune
neptune
neptune
normal
normal
normal
normal
normal
neptune
normal
neptune
neptune
normal
neptune
normal
neptune
normal
neptune
normal
normal
satan
normal
normal
neptune
neptune
normal
normal
neptune
neptune
normal
normal
normal
normal
neptune
normal
normal
neptune
normal
normal
ipsweep
neptune
normal
normal
normal
neptune
teardrop
neptune
neptune
normal
normal
neptune
neptune
normal
neptune
normal
normal
neptune
neptune
normal
portsweep
normal
neptune
neptune
normal
neptune
normal
neptune
nmap
normal
normal
normal
normal
normal
smurf
normal
neptune
normal
neptune
neptune
neptune
neptune
neptune
neptune
normal
normal
normal
normal
normal
neptune
normal
normal
normal
normal
neptune
neptune
normal
satan
neptune
normal
normal
neptune
neptune
smurf
neptune
normal
normal
neptune
normal
normal
normal
normal
neptune
normal
normal
normal
neptune
normal
normal
normal
normal
normal
normal
normal
normal
normal
normal
neptune
normal
normal
neptune
normal
satan
neptune
normal
neptune
normal
normal
neptune
neptune
nmap
normal
neptune
normal
normal
neptune
normal
portsweep
normal
normal
neptune
normal
normal
ipsweep
neptune
neptune
normal
normal
neptune
portsweep
neptune
normal
neptune
normal
neptune
normal
normal
normal
smurf
normal
neptune
normal
neptune
neptune
normal
normal
normal
ipsweep
normal
normal
normal
normal
normal
normal
neptune
neptune
neptune
neptune
portsweep
neptune
neptune
neptune
normal
normal
normal
normal
normal
normal
normal
normal
normal
ipsweep
neptune
neptune
normal
neptune
neptune
normal
neptune
normal
normal
normal
normal
normal
normal
neptune
normal
normal
normal
ipsweep
neptune
neptune
neptune
neptune
normal
smurf
neptune
neptune
normal
normal
normal
normal
neptune
normal
normal
normal
normal
neptune
normal
neptune
normal
normal
normal
neptune
normal
normal
normal
normal
neptune
neptune
neptune
neptune
neptune
normal
neptune
neptune
normal
normal
neptune
ipsweep
neptune
normal
normal
neptune
portsweep
neptune
neptune
normal
neptune
normal
normal
normal
normal
normal
normal
neptune
neptune
normal
neptune
nmap
normal
neptune
normal
neptune
normal
neptune
neptune
satan
portsweep
normal
neptune
normal
normal
normal
normal
normal
neptune
smurf
satan
normal
normal
normal
neptune
satan
nmap
neptune
neptune
normal
normal
normal
normal
portsweep
normal
smurf
ipsweep
neptune
warezclient
neptune
normal
neptune
normal
normal
normal
ipsweep
normal
normal
neptune
normal
neptune
normal
normal
normal
normal
normal
normal
neptune
neptune
normal
neptune
normal
normal
normal
normal
normal
neptune
normal
normal
normal
normal
normal
normal
neptune
normal
normal
normal
ipsweep
normal
neptune
normal
normal
neptune
normal
portsweep
neptune
neptune
neptune
neptune
normal
neptune
normal
neptune
neptune
normal
neptune
neptune
pod
satan
neptune
normal
normal
neptune
normal
normal
neptune
normal
smurf
normal
back
neptune
normal
neptune
normal
neptune
normal
normal
satan
neptune
normal
nmap
normal
normal
neptune
neptune
normal
neptune
neptune
neptune
neptune
normal
neptune
neptune
normal
normal
back
ipsweep
normal
normal
normal
normal
normal
normal
normal
neptune
normal
normal
normal
normal
normal
neptune
neptune
neptune
normal
normal
neptune
normal
normal
normal
normal
normal
normal
neptune
normal
neptune
normal
back
normal
normal
normal
normal
normal
satan
neptune
normal
satan
neptune
neptune
neptune
neptune
normal
normal
normal
neptune
normal
neptune
normal
normal
normal
normal
teardrop
normal
normal
normal
neptune
ipsweep
normal
neptune
satan
back
neptune
satan
satan
normal
normal
ipsweep
neptune
neptune
neptune
neptune
normal
neptune
normal
satan
neptune
neptune
neptune
normal
neptune
smurf
normal
neptune
normal
neptune
neptune
normal
neptune
neptune
neptune
normal
neptune
satan
normal
normal
neptune
normal
neptune
neptune
neptune
neptune
neptune
neptune
normal
ipsweep
normal
normal
normal
normal
normal
neptune
normal
neptune
ipsweep
normal
portsweep
neptune
normal
normal
neptune
warezclient
normal
normal
neptune
normal
neptune
smurf
normal
normal
neptune
normal
normal
normal
normal
normal
neptune
normal
neptune
ipsweep
neptune
normal
normal
normal
normal
smurf
normal
normal
normal
normal
normal
normal
neptune
neptune
normal
ipsweep
normal
normal
neptune
normal
neptune
normal
normal
normal
neptune
neptune
neptune
neptune
buffer_overflow
neptune
normal
normal
neptune
normal
normal
normal
neptune
normal
normal
nmap
neptune
neptune
smurf
normal
normal
normal
normal
neptune
normal
normal
neptune
normal
normal
neptune
neptune
satan
normal
normal
neptune
neptune
neptune
normal
smurf
normal
normal
normal
neptune
portsweep
normal
normal
ipsweep
normal
warezclient
normal
ipsweep
neptune
normal
normal
normal
neptune
neptune
neptune
neptune
portsweep
satan
normal
normal
neptune
neptune
normal
back
satan
normal
neptune
normal
normal
normal
normal
neptune
neptune
normal
neptune
portsweep
normal
normal
normal
neptune
normal
neptune
neptune
normal
normal
neptune
normal
normal
ipsweep
normal
nmap
normal
neptune
neptune
neptune
satan
neptune
normal
neptune
teardrop
normal
neptune
neptune
normal
normal
normal
neptune
normal
satan
normal
normal
portsweep
neptune
neptune
normal
normal
nmap
normal
normal
neptune
normal
normal
neptune
neptune
normal
normal
ipsweep
neptune
normal
neptune
satan
normal
neptune
normal
neptune
neptune
neptune
smurf
neptune
normal
normal
neptune
normal
normal
normal
normal
neptune
neptune
normal
normal
portsweep
neptune
normal
smurf
neptune
normal
smurf
normal
neptune
normal
normal
neptune
normal
normal
normal
normal
normal
normal
normal
normal
neptune
normal
neptune
neptune
neptune
neptune
neptune
normal
normal
normal
neptune
satan
normal
neptune
normal
normal
normal
neptune
normal
neptune
normal
normal
normal
normal
pod
normal
neptune
normal
neptune
normal
neptune
normal
neptune
normal
neptune
normal
neptune
neptune
guess_passwd
normal
normal
warezclient
normal
normal
neptune
normal
satan
normal
neptune
ipsweep
smurf
smurf
normal
normal
normal
normal
neptune
normal
satan
neptune
normal
normal
normal
normal
ipsweep
normal
neptune
neptune
portsweep
normal
normal
neptune
normal
neptune
neptune
neptune
neptune
neptune
ipsweep
satan
neptune
normal
neptune
normal
neptune
neptune
normal
neptune
normal
normal
neptune
normal
normal
neptune
normal
neptune
normal
satan
normal
normal
normal
ipsweep
neptune
teardrop
neptune
neptune
neptune
normal
neptune
neptune
normal
neptune
normal
neptune
normal
normal
normal
neptune
normal
ipsweep
normal
neptune
neptune
normal
ipsweep
neptune
normal
normal
ipsweep
normal
smurf
normal
normal
neptune
normal
normal
neptune
nmap
ipsweep
normal
normal
pod
portsweep
normal
normal
normal
normal
normal
normal
smurf
normal
neptune
portsweep
normal
normal
satan
normal
satan
ipsweep
normal
normal
neptune
normal
normal
normal
neptune
normal
normal
neptune
normal
normal
normal
normal
normal
neptune
normal
neptune
neptune
normal
neptune
neptune
ipsweep
normal
normal
normal
normal
normal
back
satan
ipsweep
neptune
portsweep
neptune
normal
neptune
normal
neptune
neptune
normal
normal
portsweep
neptune
neptune
nmap
normal
normal
neptune
neptune
neptune
normal
smurf
normal
neptune
normal
normal
teardrop
normal
neptune
normal
normal
neptune
ipsweep
normal
neptune
normal
neptune
neptune
normal
normal
neptune
neptune
normal
neptune
neptune
normal
normal
ipsweep
neptune
normal
normal
normal
neptune
nmap
neptune
normal
normal
normal
normal
normal
normal
neptune
neptune
neptune
normal
neptune
neptune
normal
normal
satan
normal
normal
normal
neptune
normal
neptune
neptune
normal
normal
neptune
normal
neptune
neptune
neptune
normal
neptune
normal
normal
neptune
normal
neptune
neptune
normal
normal
normal
neptune
normal
neptune
satan
normal
normal
neptune
normal
neptune
neptune
normal
neptune
neptune
smurf
normal
normal
normal
neptune
normal
normal
neptune
normal
normal
neptune
neptune
neptune
neptune
normal
smurf
normal
neptune
normal
nmap
normal
normal
neptune
normal
normal
normal
neptune
ipsweep
neptune
normal
neptune
neptune
normal
neptune
normal
neptune
neptune
neptune
neptune
neptune
neptune
normal
normal
normal
portsweep
normal
ipsweep
neptune
ipsweep
neptune
neptune
normal
ipsweep
neptune
normal
satan
neptune
neptune
neptune
normal
normal
normal
neptune
neptune
normal
normal
neptune
normal
normal
normal
normal
normal
normal
normal
normal
normal
normal
ipsweep
normal
neptune
neptune
neptune
neptune
neptune
neptune
normal
normal
portsweep
neptune
normal
normal
neptune
normal
neptune
neptune
normal
normal
normal
neptune
normal
normal
normal
neptune
teardrop
normal
neptune
normal
normal
neptune
neptune
neptune
normal
normal
normal
normal
normal
neptune
satan
normal
neptune
normal
normal
smurf
normal
normal
normal
normal
ipsweep
normal
satan
normal
normal
normal
normal
neptune
normal
portsweep
neptune
neptune
neptune
normal
normal
normal
neptune
neptune
neptune
normal
normal
neptune
normal
normal
normal
neptune
normal
normal
normal
neptune
normal
neptune
neptune
neptune
normal
neptune
normal
normal
normal
neptune
neptune
neptune
normal
neptune
normal
normal
normal
normal
back
normal
normal
normal
neptune
neptune
normal
neptune
nmap
normal
neptune
ipsweep
normal
satan
smurf
neptune
normal
normal
smurf
normal
neptune
neptune
neptune
normal
neptune
neptune
neptune
normal
normal
normal
neptune
normal
neptune
normal
normal
neptune
normal
normal
nmap
normal
ipsweep
neptune
normal
normal
neptune
neptune
normal
normal
normal
neptune
normal
portsweep
normal
ipsweep
neptune
neptune
normal
neptune
normal
normal
normal
neptune
neptune
normal
neptune
neptune
neptune
normal
normal
normal
neptune
neptune
normal
ipsweep
neptune
normal
normal
ipsweep
nmap
warezclient
normal
normal
neptune
neptune
neptune
neptune
normal
normal
normal
neptune
neptune
neptune
neptune
satan
ipsweep
neptune
normal
normal
normal
normal
normal
normal
buffer_overflow
neptune
normal
neptune
normal
neptune
ipsweep
nmap
normal
neptune
neptune
neptune
normal
neptune
normal
neptune
normal
neptune
normal
neptune
normal
normal
warezclient
normal
neptune
normal
normal
normal
normal
neptune
normal
normal
neptune
neptune
normal
normal
neptune
neptune
normal
normal
neptune
normal
normal
normal
normal
smurf
normal
smurf
neptune
neptune
satan
neptune
teardrop
neptune
normal
normal
normal
normal
normal
normal
normal
ipsweep
portsweep
neptune
normal
normal
neptune
portsweep
portsweep
normal
normal
normal
normal
neptune
neptune
neptune
normal
back
normal
neptune
normal
smurf
back
satan
land
normal
neptune
normal
normal
normal
neptune
normal
normal
neptune
smurf
satan
neptune
neptune
ipsweep
normal
normal
normal
neptune
satan
neptune
neptune
neptune
normal
smurf
neptune
neptune
normal
neptune
normal
neptune
normal
normal
neptune
normal
normal
satan
normal
normal
neptune
neptune
normal
normal
normal
ipsweep
teardrop
satan
normal
normal
warezclient
neptune
ipsweep
neptune
neptune
neptune
normal
neptune
normal
neptune
satan
normal
normal
neptune
normal
neptune
normal
nmap
normal
normal
smurf
ipsweep
normal
normal
normal
normal
normal
normal
neptune
neptune
normal
neptune
normal
nmap
neptune
normal
neptune
normal
neptune
normal
smurf
normal
neptune
normal
neptune
normal
normal
normal
smurf
normal
normal
normal
normal
smurf
neptune
normal
neptune
normal
normal
portsweep
normal
neptune
neptune
portsweep
normal
normal
normal
satan
neptune
neptune
normal
normal
normal
neptune
neptune
normal
normal
neptune
normal
normal
normal
warezclient
normal
neptune
normal
normal
normal
neptune
normal
neptune
neptune
normal
neptune
normal
normal
normal
normal
normal
normal
smurf
normal
normal
normal
portsweep
normal
neptune
neptune
normal
normal
normal
normal
normal
normal
normal
neptune
normal
normal
normal
normal
neptune
normal
normal
normal
neptune
neptune
normal
normal
neptune
normal
portsweep
normal
neptune
normal
neptune
normal
neptune
normal
normal
normal
normal
neptune
normal
neptune
normal
ipsweep
smurf
satan
normal
neptune
neptune
normal
neptune
neptune
normal
normal
neptune
normal
neptune
normal
smurf
normal
normal
normal
normal
neptune
normal
neptune
normal
normal
normal
normal
nmap
neptune
portsweep
neptune
normal
neptune
satan
neptune
neptune
normal
back
nmap
normal
portsweep
normal
neptune
neptune
normal
neptune
neptune
smurf
neptune
ipsweep
neptune
normal
normal
normal
neptune
normal
normal
neptune
neptune
neptune
portsweep
normal
ipsweep
normal
portsweep
neptune
neptune
normal
normal
normal
normal
normal
normal
normal
normal
normal
neptune
neptune
ipsweep
normal
neptune
satan
neptune
neptune
normal
neptune
smurf
normal
neptune
neptune
neptune
normal
neptune
neptune
normal
neptune
normal
portsweep
normal
neptune
neptune
normal
normal
normal
neptune
neptune
normal
normal
normal
normal
neptune
neptune
nmap
normal
normal
satan
neptune
normal
normal
neptune
neptune
neptune
normal
neptune
neptune
normal
neptune
normal
normal
normal
neptune
normal
normal
satan
portsweep
neptune
neptune
satan
smurf
neptune
neptune
normal
normal
neptune
normal
normal
normal
normal
normal
neptune
neptune
normal
normal
normal
normal
neptune
normal
satan
normal
normal
ipsweep
neptune
neptune
neptune
normal
normal
normal
neptune
neptune
neptune
normal
normal
normal
neptune
normal
neptune
neptune
portsweep
normal
neptune
portsweep
smurf
neptune
ipsweep
normal
neptune
neptune
neptune
normal
normal
normal
smurf
normal
neptune
normal
normal
neptune
neptune
neptune
portsweep
normal
neptune
satan
neptune
neptune
normal
normal
normal
normal
warezclient
normal
neptune
normal
neptune
normal
normal
neptune
normal
normal
normal
normal
neptune
neptune
normal
neptune
satan
normal
normal
neptune
satan
ipsweep
neptune
normal
back
normal
neptune
neptune
neptune
normal
normal
back
neptune
normal
warezclient
neptune
normal
neptune
neptune
normal
neptune
normal
neptune
normal
normal
normal
normal
normal
normal
neptune
normal
neptune
normal
normal
neptune
neptune
neptune
normal
normal
normal
ipsweep
normal
normal
normal
normal
normal
normal
normal
normal
neptune
neptune
normal
normal
neptune
normal
neptune
normal
normal
portsweep
normal
neptune
back
neptune
neptune
neptune
normal
normal
normal
normal
neptune
normal
normal
neptune
normal
neptune
normal
normal
satan
normal
normal
neptune
ipsweep
neptune
back
neptune
normal
normal
neptune
neptune
neptune
neptune
normal
neptune
neptune
normal
warezclient
normal
normal
neptune
normal
normal
normal
neptune
neptune
normal
normal
neptune
normal
neptune
normal
nmap
normal
normal
normal
normal
neptune
neptune
normal
normal
smurf
smurf
normal
normal
normal
normal
normal
neptune
portsweep
neptune
normal
normal
neptune
normal
neptune
satan
neptune
normal
normal
normal
normal
nmap
normal
normal
normal
normal
neptune
normal
satan
normal
neptune
normal
neptune
warezclient
normal
neptune
normal
normal
ipsweep
neptune
neptune
normal
neptune
neptune
normal
normal
neptune
ipsweep
normal
neptune
neptune
normal
normal
neptune
normal
back
neptune
normal
neptune
normal
portsweep
normal
normal
normal
normal
normal
normal
normal
normal
neptune
normal
normal
normal
back
neptune
warezclient
normal
warezclient
neptune
neptune
satan
ipsweep
normal
normal
neptune
normal
nmap
neptune
neptune
normal
normal
normal
normal
warezclient
normal
normal
neptune
normal
normal
normal
normal
normal
neptune
neptune
neptune
neptune
ipsweep
neptune
normal
neptune
neptune
neptune
normal
neptune
neptune
normal
normal
normal
normal
ipsweep
normal
neptune
normal
satan
neptune
neptune
normal
neptune
neptune
neptune
normal
neptune
normal
normal
portsweep
normal
neptune
normal
normal
neptune
satan
neptune
neptune
neptune
normal
normal
normal
normal
normal
neptune
normal
normal
normal
normal
neptune
neptune
normal
normal
neptune
normal
normal
smurf
normal
smurf
normal
normal
normal
normal
normal
normal
neptune
buffer_overflow
neptune
neptune
neptune
normal
neptune
neptune
normal
normal
neptune
normal
normal
normal
neptune
smurf
warezclient
ipsweep
neptune
normal
normal
portsweep
normal
normal
normal
neptune
normal
portsweep
normal
normal
normal
normal
neptune
normal
normal
normal
normal
neptune
neptune
neptune
portsweep
normal
normal
normal
neptune
neptune
normal
smurf
normal
warezclient
normal
normal
normal
neptune
neptune
neptune
neptune
normal
neptune
smurf
normal
normal
neptune
satan
warezclient
ipsweep
normal
normal
normal
normal
normal
neptune
normal
neptune
normal
normal
ipsweep
neptune
neptune
satan
normal
neptune
neptune
normal
nmap
normal
normal
normal
neptune
smurf
normal
normal
neptune
normal
neptune
pod
neptune
satan
portsweep
ipsweep
neptune
normal
neptune
normal
neptune
normal
normal
normal
normal
normal
neptune
normal
normal
neptune
normal
normal
ipsweep
normal
normal
ipsweep
neptune
normal
normal
normal
normal
normal
normal
normal
normal
normal
neptune
normal
normal
neptune
normal
normal
neptune
neptune
neptune
normal
normal
normal
neptune
neptune
neptune
neptune
normal
normal
normal
normal
normal
normal
neptune
ipsweep
normal
ipsweep
normal
normal
normal
neptune
normal
neptune
normal
neptune
neptune
neptune
portsweep
normal
normal
normal
normal
satan
normal
back
normal
neptune
portsweep
neptune
neptune
normal
normal
neptune
normal
neptune
ipsweep
neptune
normal
normal
normal
neptune
normal
neptune
neptune
normal
neptune
neptune
satan
normal
satan
smurf
teardrop
normal
normal
neptune
normal
normal
normal
normal
normal
neptune
normal
neptune
normal
neptune
normal
normal
neptune
neptune
neptune
normal
warezclient
neptune
neptune
normal
neptune
normal
normal
normal
neptune
neptune
normal
normal
neptune
satan
normal
normal
normal
neptune
neptune
neptune
normal
normal
neptune
normal
normal
neptune
normal
normal
neptune
smurf
normal
normal
normal
neptune
neptune
normal
normal
rootkit
normal
normal
neptune
normal
normal
neptune
normal
normal
normal
smurf
normal
neptune
normal
neptune
normal
normal
normal
neptune
normal
normal
neptune
normal
normal
normal
neptune
neptune
normal
neptune
normal
neptune
ipsweep
neptune
normal
neptune
normal
normal
neptune
neptune
pod
normal
neptune
normal
nmap
neptune
neptune
normal
normal
normal
neptune
normal
neptune
normal
normal
neptune
teardrop
normal
smurf
neptune
normal
normal
normal
normal
neptune
smurf
neptune
neptune
neptune
normal
neptune
normal
teardrop
normal
neptune
normal
normal
neptune
neptune
smurf
normal
neptune
neptune
normal
neptune
normal
normal
normal
back
normal
neptune
portsweep
neptune
neptune
normal
normal
portsweep
neptune
normal
normal
neptune
neptune
normal
portsweep
normal
normal
normal
normal
neptune
normal
normal
neptune
neptune
teardrop
normal
normal
normal
normal
neptune
smurf
normal
neptune
normal
satan
normal
normal
normal
normal
normal
neptune
normal
normal
neptune
satan
normal
neptune
normal
normal
normal
neptune
neptune
smurf
normal
smurf
neptune
smurf
normal
normal
normal
normal
normal
normal
normal
normal
portsweep
satan
normal
normal
neptune
normal
normal
normal
normal
normal
neptune
normal
normal
neptune
normal
normal
normal
normal
normal
normal
normal
normal
neptune
neptune
normal
normal
normal
neptune
neptune
normal
normal
normal
normal
neptune
neptune
normal
neptune
normal
normal
normal
normal
normal
teardrop
normal
normal
normal
neptune
normal
normal
neptune
neptune
normal
neptune
neptune
neptune
neptune
neptune
normal
neptune
normal
normal
neptune
normal
normal
normal
neptune
normal
neptune
neptune
normal
normal
neptune
ipsweep
normal
normal
neptune
normal
normal
normal
normal
normal
neptune
normal
neptune
satan
normal
normal
normal
neptune
normal
normal
neptune
normal
normal
normal
normal
normal
neptune
neptune
normal
normal
normal
portsweep
normal
normal
normal
normal
normal
neptune
normal
normal
normal
warezclient
normal
normal
normal
neptune
normal
portsweep
neptune
neptune
neptune
neptune
neptune
normal
normal
normal
neptune
neptune
normal
neptune
neptune
neptune
normal
normal
normal
normal
neptune
normal
smurf
portsweep
normal
neptune
normal
normal
normal
smurf
ipsweep
normal
normal
normal
neptune
neptune
portsweep
normal
normal
normal
neptune
normal
back
neptune
satan
normal
normal
normal
normal
normal
normal
neptune
neptune
normal
neptune
neptune
portsweep
normal
normal
normal
normal
normal
normal
neptune
normal
neptune
neptune
normal
normal
normal
neptune
neptune
portsweep
portsweep
neptune
neptune
normal
normal
normal
portsweep
normal
normal
normal
neptune
smurf
normal
portsweep
normal
normal
ipsweep
neptune
neptune
normal
normal
normal
normal
normal
ipsweep
normal
normal
normal
normal
normal
neptune
neptune
portsweep
neptune
normal
normal
smurf
normal
smurf
normal
ipsweep
normal
normal
normal
normal
neptune
ipsweep
normal
neptune
ipsweep
normal
normal
normal
ipsweep
satan
normal
normal
neptune
normal
normal
neptune
normal
normal
portsweep
neptune
satan
neptune
normal
normal
satan
neptune
neptune
neptune
normal
normal
normal
normal
normal
normal
neptune
normal
normal
neptune
neptune
normal
ipsweep
ipsweep
normal
normal
portsweep
neptune
normal
neptune
neptune
neptune
normal
neptune
neptune
normal
neptune
normal
neptune
normal
normal
neptune
portsweep
neptune
normal
normal
normal
normal
normal
neptune
normal
normal
ipsweep
neptune
neptune
normal
normal
normal
nmap
normal
ipsweep
neptune
normal
normal
normal
normal
neptune
normal
neptune
neptune
ipsweep
neptune
normal
normal
nmap
normal
neptune
normal
neptune
normal
normal
normal
normal
normal
satan
neptune
neptune
normal
normal
neptune
normal
normal
nmap
neptune
normal
normal
normal
neptune
normal
nmap
normal
normal
neptune
normal
normal
normal
normal
neptune
neptune
normal
neptune
normal
normal
normal
normal
normal
neptune
normal
normal
normal
normal
normal
neptune
ipsweep
neptune
back
satan
normal
smurf
neptune
neptune
normal
neptune
portsweep
satan
normal
normal
normal
normal
normal
neptune
normal
neptune
neptune
satan
normal
normal
normal
smurf
neptune
normal
normal
normal
normal
normal
ipsweep
back
normal
ipsweep
neptune
neptune
normal
normal
nmap
normal
neptune
pod
neptune
normal
normal
neptune
normal
normal
portsweep
normal
normal
normal
normal
ipsweep
neptune
normal
satan
neptune
neptune
normal
normal
normal
normal
normal
normal
neptune
normal
normal
normal
normal
neptune
normal
neptune
normal
neptune
neptune
smurf
normal
neptune
back
neptune
back
normal
normal
normal
neptune
neptune
neptune
neptune
normal
neptune
normal
neptune
normal
normal
normal
neptune
normal
neptune
portsweep
normal
teardrop
normal
normal
normal
normal
normal
ipsweep
neptune
neptune
normal
satan
normal
normal
normal
normal
normal
smurf
normal
neptune
neptune
normal
neptune
normal
normal
normal
normal
neptune
normal
normal
normal
normal
smurf
neptune
normal
warezclient
normal
satan
normal
normal
back
normal
normal
neptune
normal
normal
neptune
normal
normal
normal
neptune
normal
normal
neptune
neptune
satan
normal
smurf
imap
normal
neptune
normal
ipsweep
teardrop
neptune
satan
normal
neptune
normal
neptune
normal
teardrop
smurf
normal
normal
normal
normal
normal
normal
normal
normal
neptune
portsweep
normal
normal
normal
neptune
ipsweep
normal
portsweep
normal
normal
neptune
normal
normal
smurf
neptune
neptune
back
neptune
normal
normal
normal
neptune
back
normal
normal
neptune
neptune
nmap
normal
normal
normal
normal
normal
neptune
neptune
normal
smurf
satan
neptune
normal
ipsweep
neptune
smurf
neptune
normal
normal
normal
normal
neptune
neptune
neptune
neptune
portsweep
normal
normal
ipsweep
normal
normal
satan
back
normal
normal
normal
normal
neptune
normal
normal
smurf
neptune
satan
normal
normal
normal
neptune
neptune
neptune
normal
neptune
normal
normal
normal
neptune
neptune
normal
neptune
neptune
normal
neptune
normal
normal
neptune
neptune
normal
normal
neptune
ipsweep
neptune
back
neptune
teardrop
normal
portsweep
normal
neptune
portsweep
normal
normal
neptune
normal
normal
neptune
normal
normal
neptune
ipsweep
normal
normal
normal
neptune
ipsweep
normal
neptune
smurf
neptune
neptune
normal
neptune
normal
normal
neptune
normal
neptune
teardrop
normal
normal
normal
neptune
normal
normal
neptune
neptune
neptune
satan
neptune
neptune
neptune
ipsweep
normal
neptune
normal
normal
neptune
normal
neptune
normal
normal
normal
normal
normal
neptune
normal
neptune
normal
neptune
normal
normal
normal
normal
normal
ipsweep
neptune
normal
normal
normal
normal
imap
normal
neptune
normal
satan
neptune
normal
neptune
neptune
neptune
normal
neptune
neptune
ipsweep
normal
normal
normal
neptune
normal
normal
neptune
normal
neptune
normal
normal
neptune
normal
normal
neptune
normal
normal
neptune
normal
teardrop
normal
neptune
normal
normal
teardrop
portsweep
normal
normal
neptune
neptune
neptune
neptune
neptune
normal
normal
normal
normal
neptune
neptune
normal
normal
normal
normal
normal
neptune
normal
normal
normal
neptune
neptune
normal
neptune
normal
normal
normal
satan
normal
neptune
warezclient
neptune
normal
normal
normal
neptune
normal
satan
normal
normal
smurf
normal
normal
normal
normal
neptune
neptune
normal
normal
neptune
normal
normal
normal
neptune
neptune
neptune
neptune
neptune
normal
normal
neptune
neptune
normal
neptune
normal
neptune
teardrop
normal
normal
normal
neptune
normal
normal
satan
neptune
teardrop
normal
normal
normal
normal
normal
neptune
normal
nmap
normal
normal
normal
neptune
neptune
normal
normal
normal
teardrop
normal
normal
normal
normal
neptune
normal
normal
neptune
normal
neptune
normal
normal
normal
nmap
neptune
neptune
normal
normal
normal
neptune
neptune
neptune
neptune
normal
neptune
normal
normal
normal
neptune
neptune
neptune
normal
normal
neptune
pod
neptune
normal
normal
normal
ipsweep
satan
back
neptune
normal
neptune
neptune
neptune
smurf
normal
normal
normal
normal
normal
normal
normal
neptune
neptune
normal
normal
normal
normal
portsweep
normal
normal
portsweep
normal
normal
normal
normal
normal
neptune
normal
normal
normal
guess_passwd
back
normal
neptune
normal
normal
normal
normal
normal
normal
neptune
normal
smurf
normal
neptune
neptune
neptune
normal
teardrop
normal
normal
smurf
normal
normal
neptune
neptune
normal
normal
normal
neptune
normal
normal
normal
portsweep
normal
neptune
normal
smurf
neptune
satan
normal
smurf
normal
neptune
normal
neptune
neptune
normal
portsweep
satan
normal
neptune
neptune
normal
normal
normal
neptune
normal
normal
neptune
normal
normal
normal
normal
neptune
normal
neptune
portsweep
normal
neptune
neptune
normal
smurf
normal
normal
normal
normal
normal
neptune
neptune
neptune
normal
ipsweep
normal
neptune
neptune
normal
satan
neptune
normal
smurf
neptune
neptune
normal
normal
normal
neptune
normal
neptune
normal
normal
neptune
normal
normal
normal
normal
neptune
neptune
normal
ipsweep
normal
neptune
normal
normal
neptune
satan
normal
neptune
ipsweep
normal
neptune
neptune
normal
normal
normal
neptune
neptune
normal
neptune
neptune
normal
normal
normal
normal
normal
normal
neptune
satan
neptune
normal
normal
normal
normal
normal
normal
normal
normal
normal
normal
normal
normal
normal
normal
normal
normal
normal
normal
normal
ipsweep
normal
normal
normal
neptune
portsweep
normal
normal
normal
normal
normal
normal
normal
normal
neptune
normal
neptune
normal
neptune
normal
normal
satan
ipsweep
normal
normal
normal
normal
normal
neptune
normal
neptune
normal
normal
normal
portsweep
neptune
neptune
warezclient
normal
neptune
normal
normal
neptune
normal
normal
normal
normal
warezclient
neptune
normal
back
neptune
satan
normal
neptune
normal
satan
normal
neptune
neptune
normal
nmap
normal
neptune
normal
normal
normal
neptune
neptune
normal
neptune
normal
portsweep
normal
normal
normal
neptune
normal
normal
normal
normal
normal
normal
normal
normal
normal
normal
neptune
normal
neptune
neptune
normal
neptune
normal
ipsweep
normal
normal
neptune
portsweep
normal
ipsweep
neptune
neptune
satan
normal
neptune
normal
back
normal
normal
normal
normal
normal
normal
normal
neptune
normal
normal
normal
normal
normal
normal
nmap
normal
ipsweep
normal
normal
normal
normal
neptune
normal
normal
neptune
neptune
neptune
normal
normal
normal
back
satan
normal
warezclient
normal
normal
neptune
normal
normal
neptune
normal
normal
back
normal
normal
neptune
normal
neptune
normal
neptune
normal
normal
neptune
normal
normal
normal
neptune
normal
portsweep
normal
neptune
normal
normal
neptune
neptune
normal
neptune
neptune
normal
neptune
normal
normal
satan
normal
normal
normal
neptune
normal
normal
nmap
normal
normal
neptune
normal
normal
neptune
neptune
neptune
neptune
normal
normal
normal
neptune
normal
normal
normal
normal
normal
neptune
neptune
neptune
neptune
normal
normal
normal
neptune
normal
neptune
normal
neptune
neptune
normal
normal
ipsweep
neptune
normal
normal
ipsweep
nmap
neptune
teardrop
neptune
normal
neptune
normal
normal
neptune
neptune
normal
normal
nmap
neptune
neptune
normal
normal
normal
neptune
normal
normal
normal
neptune
normal
normal
normal
portsweep
normal
normal
satan
warezclient
neptune
satan
normal
back
neptune
satan
neptune
normal
normal
neptune
neptune
normal
satan
normal
neptune
neptune
normal
neptune
smurf
normal
normal
normal
neptune
neptune
satan
neptune
neptune
normal
neptune
normal
normal
neptune
neptune
normal
normal
normal
neptune
normal
normal
normal
normal
normal
neptune
smurf
neptune
neptune
normal
normal
normal
normal
neptune
normal
ipsweep
neptune
neptune
normal
normal
normal
normal
normal
normal
ipsweep
neptune
neptune
neptune
neptune
neptune
neptune
normal
smurf
smurf
normal
normal
normal
back
normal
normal
normal
normal
normal
normal
neptune
pod
normal
neptune
normal
neptune
portsweep
normal
neptune
warezclient
normal
normal
normal
normal
neptune
satan
normal
portsweep
normal
neptune
normal
normal
portsweep
neptune
normal
neptune
neptune
normal
satan
normal
normal
normal
neptune
normal
neptune
ipsweep
neptune
neptune
normal
neptune
teardrop
normal
neptune
satan
neptune
normal
neptune
normal
neptune
ipsweep
normal
neptune
neptune
normal
normal
normal
normal
neptune
normal
neptune
neptune
normal
ipsweep
neptune
normal
normal
normal
normal
neptune
normal
satan
normal
neptune
neptune
normal
back
normal
smurf
neptune
normal
satan
normal
normal
neptune
normal
neptune
normal
normal
normal
neptune
neptune
neptune
normal
normal
normal
normal
neptune
neptune
normal
back
smurf
normal
neptune
neptune
neptune
teardrop
normal
neptune
normal
neptune
normal
normal
normal
neptune
normal
neptune
normal
normal
normal
normal
normal
normal
normal
normal
normal
smurf
teardrop
normal
normal
normal
ipsweep
neptune
neptune
smurf
normal
neptune
normal
satan
normal
normal
normal
satan
neptune
normal
neptune
normal
normal
neptune
normal
neptune
neptune
normal
neptune
normal
satan
ipsweep
ipsweep
neptune
nmap
teardrop
normal
neptune
smurf
normal
ipsweep
normal
neptune
normal
normal
normal
normal
normal
normal
normal
normal
normal
neptune
normal
neptune
neptune
satan
neptune
neptune
normal
normal
normal
neptune
normal
normal
neptune
normal
normal
neptune
normal
neptune
normal
normal
normal
neptune
normal
neptune
neptune
portsweep
normal
normal
ipsweep
normal
normal
normal
teardrop
neptune
normal
normal
neptune
neptune
normal
normal
neptune
neptune
normal
neptune
normal
neptune
normal
satan
portsweep
normal
smurf
normal
neptune
normal
normal
neptune
normal
normal
neptune
neptune
normal
neptune
normal
smurf
normal
ipsweep
nmap
neptune
normal
normal
neptune
normal
nmap
neptune
normal
neptune
neptune
neptune
ipsweep
normal
normal
normal
neptune
normal
neptune
normal
neptune
normal
normal
smurf
neptune
normal
normal
normal
neptune
neptune
satan
normal
neptune
normal
normal
normal
neptune
normal
normal
normal
normal
normal
neptune
normal
neptune
neptune
normal
neptune
neptune
normal
normal
normal
normal
normal
neptune
normal
normal
normal
normal
normal
normal
nmap
neptune
normal
normal
normal
satan
normal
neptune
normal
normal
neptune
neptune
normal
smurf
normal
smurf
normal
ipsweep
normal
normal
neptune
neptune
normal
normal
normal
neptune
portsweep
neptune
neptune
normal
neptune
normal
normal
neptune
neptune
neptune
normal
neptune
normal
normal
normal
ipsweep
neptune
neptune
normal
normal
neptune
normal
neptune
normal
satan
normal
neptune
neptune
neptune
normal
normal
normal
normal
normal
normal
neptune
satan
normal
neptune
normal
normal
normal
neptune
normal
normal
normal
normal
normal
neptune
neptune
normal
neptune
normal
normal
normal
normal
normal
normal
normal
normal
normal
normal
normal
normal
neptune
normal
normal
neptune
neptune
normal
neptune
normal
normal
normal
neptune
neptune
neptune
neptune
normal
satan
normal
ipsweep
normal
normal
neptune
back
nmap
normal
back
neptune
neptune
neptune
normal
neptune
neptune
neptune
smurf
satan
normal
normal
neptune
neptune
normal
normal
normal
normal
normal
teardrop
normal
neptune
normal
normal
neptune
neptune
normal
normal
normal
normal
neptune
normal
satan
normal
normal
normal
portsweep
normal
normal
normal
smurf
ipsweep
normal
neptune
neptune
ipsweep
normal
neptune
satan
normal
nmap
normal
normal
normal
normal
smurf
normal
normal
normal
normal
neptune
back
neptune
neptune
neptune
neptune
neptune
normal
teardrop
neptune
smurf
normal
ipsweep
normal
normal
normal
normal
normal
ipsweep
neptune
normal
normal
normal
neptune
normal
normal
normal
normal
smurf
normal
normal
normal
normal
ipsweep
normal
neptune
normal
normal
normal
normal
normal
normal
neptune
ipsweep
ipsweep
normal
normal
normal
neptune
normal
normal
warezclient
normal
neptune
neptune
neptune
satan
normal
normal
normal
normal
normal
neptune
normal
neptune
normal
normal
neptune
normal
normal
neptune
back
neptune
neptune
neptune
neptune
normal
nmap
normal
normal
normal
normal
normal
neptune
normal
normal
normal
normal
normal
normal
normal
normal
neptune
normal
normal
normal
neptune
normal
ipsweep
normal
normal
normal
back
normal
normal
normal
normal
normal
neptune
neptune
neptune
normal
neptune
normal
normal
neptune
normal
neptune
normal
neptune
neptune
back
neptune
normal
normal
normal
neptune
normal
normal
normal
ipsweep
neptune
normal
satan
normal
normal
neptune
normal
normal
normal
neptune
neptune
normal
normal
neptune
normal
neptune
neptune
portsweep
normal
neptune
normal
neptune
neptune
neptune
satan
normal
normal
portsweep
normal
normal
normal
neptune
neptune
normal
neptune
normal
satan
satan
neptune
normal
normal
ipsweep
normal
neptune
portsweep
satan
normal
normal
normal
normal
satan
normal
normal
neptune
neptune
normal
normal
neptune
neptune
neptune
normal
satan
normal
normal
normal
normal
nmap
normal
neptune
normal
normal
neptune
normal
normal
neptune
normal
normal
neptune
portsweep
normal
normal
smurf
normal
ipsweep
neptune
neptune
normal
neptune
normal
neptune
portsweep
normal
back
neptune
smurf
neptune
neptune
neptune
back
ipsweep
normal
neptune
neptune
neptune
normal
normal
normal
normal
normal
normal
normal
teardrop
normal
normal
nmap
neptune
neptune
normal
normal
normal
normal
normal
neptune
normal
normal
normal
normal
neptune
normal
normal
neptune
satan
normal
normal
normal
normal
normal
normal
ipsweep
neptune
normal
normal
smurf
normal
neptune
normal
neptune
normal
normal
normal
satan
neptune
normal
warezmaster
normal
normal
neptune
satan
back
neptune
normal
normal
neptune
neptune
neptune
normal
normal
normal
neptune
normal
neptune
normal
normal
neptune
normal
neptune
neptune
normal
neptune
normal
neptune
normal
nmap
normal
normal
satan
neptune
normal
normal
normal
normal
normal
portsweep
normal
normal
normal
normal
neptune
neptune
nmap
normal
normal
normal
neptune
normal
normal
normal
normal
neptune
neptune
neptune
normal
normal
neptune
normal
neptune
neptune
normal
smurf
teardrop
neptune
normal
normal
normal
normal
normal
neptune
normal
normal
normal
neptune
nmap
normal
normal
normal
neptune
neptune
neptune
neptune
neptune
neptune
normal
normal
neptune
normal
neptune
normal
normal
normal
normal
normal
normal
normal
normal
normal
normal
normal
normal
normal
normal
normal
normal
neptune
loadmodule
normal
neptune
normal
normal
normal
normal
normal
normal
neptune
neptune
normal
neptune
neptune
neptune
normal
normal
normal
normal
normal
neptune
normal
neptune
neptune
neptune
neptune
normal
normal
satan
normal
ipsweep
normal
neptune
neptune
neptune
normal
normal
normal
neptune
normal
neptune
neptune
normal
ipsweep
normal
normal
neptune
neptune
neptune
normal
neptune
normal
normal
normal
normal
neptune
neptune
satan
smurf
normal
normal
normal
normal
neptune
neptune
neptune
neptune
normal
normal
ipsweep
neptune
normal
normal
neptune
portsweep
nmap
normal
neptune
teardrop
normal
neptune
neptune
normal
neptune
neptune
normal
normal
normal
normal
normal
normal
neptune
ipsweep
normal
ipsweep
neptune
normal
normal
neptune
neptune
normal
nmap
ipsweep
normal
normal
normal
normal
normal
normal
normal
normal
satan
normal
normal
normal
normal
normal
normal
satan
normal
neptune
normal
neptune
normal
normal
neptune
normal
normal
neptune
portsweep
normal
normal
neptune
normal
neptune
normal
neptune
neptune
normal
ipsweep
smurf
neptune
normal
normal
ipsweep
normal
normal
normal
neptune
normal
neptune
normal
neptune
normal
warezclient
neptune
normal
neptune
neptune
neptune
warezclient
normal
normal
teardrop
neptune
normal
normal
normal
normal
back
normal
normal
neptune
normal
normal
normal
normal
normal
neptune
nmap
neptune
normal
neptune
normal
satan
normal
normal
neptune
neptune
normal
normal
normal
neptune
warezclient
normal
normal
normal
normal
ipsweep
normal
normal
normal
normal
neptune
neptune
normal
normal
normal
neptune
neptune
neptune
normal
neptune
normal
normal
normal
neptune
normal
normal
neptune
normal
smurf
neptune
normal
neptune
normal
normal
normal
normal
neptune
neptune
normal
normal
normal
normal
normal
portsweep
normal
normal
neptune
neptune
normal
neptune
neptune
normal
neptune
normal
neptune
normal
neptune
normal
normal
teardrop
normal
normal
normal
normal
neptune
portsweep
normal
normal
satan
normal
normal
normal
normal
neptune
normal
normal
neptune
normal
neptune
normal
normal
normal
portsweep
neptune
smurf
normal
satan
smurf
nmap
normal
normal
normal
normal
normal
neptune
neptune
neptune
neptune
neptune
normal
ipsweep
satan
normal
normal
neptune
normal
normal
neptune
neptune
warezclient
neptune
normal
satan
neptune
normal
warezclient
portsweep
normal
neptune
normal
normal
neptune
normal
neptune
normal
neptune
normal
normal
normal
normal
normal
normal
normal
neptune
neptune
neptune
normal
satan
satan
satan
normal
neptune
normal
neptune
neptune
satan
neptune
neptune
neptune
neptune
normal
neptune
neptune
normal
neptune
satan
smurf
normal
normal
normal
neptune
normal
normal
normal
normal
normal
normal
normal
normal
neptune
normal
normal
normal
normal
normal
neptune
normal
normal
smurf
normal
neptune
neptune
normal
neptune
neptune
normal
neptune
normal
normal
normal
neptune
satan
normal
satan
neptune
neptune
portsweep
neptune
normal
neptune
smurf
neptune
normal
normal
neptune
neptune
nmap
normal
satan
normal
normal
neptune
normal
neptune
ipsweep
normal
normal
neptune
portsweep
normal
normal
normal
neptune
normal
neptune
normal
back
normal
normal
neptune
neptune
normal
smurf
normal
normal
normal
normal
neptune
normal
normal
normal
normal
warezclient
normal
satan
normal
normal
normal
normal
neptune
neptune
neptune
nmap
neptune
neptune
normal
neptune
portsweep
normal
normal
neptune
neptune
neptune
normal
neptune
neptune
normal
normal
neptune
normal
neptune
normal
normal
normal
normal
neptune
back
normal
neptune
normal
normal
neptune
normal
normal
neptune
normal
normal
normal
normal
portsweep
normal
nmap
neptune
normal
normal
neptune
normal
neptune
normal
neptune
normal
normal
normal
normal
normal
normal
neptune
smurf
neptune
ipsweep
neptune
normal
normal
normal
ipsweep
neptune
normal
neptune
neptune
normal
normal
neptune
normal
neptune
neptune
normal
normal
normal
neptune
neptune
normal
neptune
neptune
normal
neptune
normal
normal
neptune
normal
ipsweep
neptune
neptune
neptune
normal
ipsweep
normal
normal
neptune
normal
neptune
normal
normal
normal
neptune
neptune
neptune
normal
normal
normal
normal
normal
neptune
normal
neptune
neptune
portsweep
normal
neptune
normal
normal
back
neptune
teardrop
neptune
neptune
smurf
neptune
neptune
neptune
satan
portsweep
normal
normal
neptune
normal
normal
neptune
portsweep
neptune
normal
normal
normal
neptune
normal
normal
normal
neptune
normal
normal
normal
teardrop
normal
normal
neptune
neptune
neptune
normal
normal
normal
neptune
neptune
neptune
neptune
normal
smurf
teardrop
neptune
neptune
normal
neptune
neptune
normal
normal
ipsweep
normal
neptune
normal
normal
normal
neptune
normal
portsweep
normal
normal
normal
neptune
smurf
normal
portsweep
normal
normal
normal
normal
normal
normal
normal
neptune
normal
normal
normal
normal
satan
normal
normal
normal
nmap
nmap
normal
neptune
neptune
neptune
neptune
neptune
normal
normal
normal
ipsweep
normal
normal
normal
normal
normal
normal
neptune
normal
back
normal
ipsweep
normal
neptune
normal
normal
normal
normal
back
normal
normal
portsweep
normal
neptune
neptune
normal
neptune
neptune
neptune
neptune
neptune
neptune
normal
neptune
normal
back
normal
neptune
normal
neptune
neptune
normal
normal
normal
normal
portsweep
normal
normal
normal
normal
neptune
neptune
neptune
neptune
normal
normal
normal
normal
neptune
normal
neptune
neptune
normal
neptune
normal
normal
normal
neptune
normal
neptune
neptune
neptune
normal
normal
normal
neptune
normal
normal
normal
normal
normal
normal
normal
neptune
normal
normal
normal
ipsweep
neptune
normal
neptune
normal
normal
neptune
normal
normal
neptune
normal
neptune
normal
normal
neptune
pod
neptune
normal
neptune
satan
neptune
neptune
normal
normal
normal
normal
normal
neptune
normal
normal
normal
ipsweep
normal
satan
normal
normal
smurf
normal
normal
nmap
neptune
normal
neptune
neptune
neptune
normal
normal
satan
satan
neptune
normal
normal
neptune
smurf
smurf
normal
pod
normal
neptune
neptune
normal
neptune
normal
neptune
portsweep
normal
neptune
normal
normal
warezclient
normal
satan
back
neptune
smurf
normal
normal
normal
normal
satan
normal
portsweep
normal
neptune
smurf
ipsweep
portsweep
neptune
normal
normal
neptune
neptune
normal
normal
ipsweep
normal
neptune
normal
normal
neptune
neptune
satan
normal
neptune
neptune
normal
normal
normal
neptune
normal
neptune
normal
normal
neptune
normal
normal
neptune
neptune
satan
normal
normal
normal
neptune
normal
normal
normal
normal
back
normal
normal
neptune
normal
neptune
neptune
normal
neptune
normal
satan
normal
normal
portsweep
neptune
ipsweep
neptune
normal
neptune
normal
neptune
normal
normal
normal
neptune
normal
normal
normal
neptune
normal
normal
neptune
neptune
neptune
normal
normal
normal
normal
normal
normal
normal
neptune
normal
neptune
normal
normal
normal
ipsweep
normal
normal
portsweep
normal
normal
neptune
neptune
normal
neptune
neptune
normal
normal
normal
normal
normal
neptune
normal
normal
neptune
neptune
normal
normal
neptune
neptune
neptune
normal
neptune
normal
normal
normal
back
neptune
smurf
normal
neptune
normal
neptune
normal
normal
normal
normal
neptune
normal
neptune
neptune
satan
warezclient
normal
neptune
normal
neptune
satan
smurf
normal
neptune
normal
normal
nmap
normal
normal
normal
normal
neptune
normal
neptune
neptune
normal
neptune
normal
normal
normal
ipsweep
neptune
satan
neptune
neptune
neptune
normal
neptune
neptune
nmap
neptune
normal
neptune
normal
neptune
neptune
satan
normal
neptune
normal
normal
normal
neptune
ipsweep
normal
normal
satan
normal
normal
normal
normal
neptune
smurf
neptune
smurf
neptune
normal
ipsweep
normal
neptune
normal
normal
neptune
normal
normal
normal
neptune
neptune
normal
normal
normal
normal
normal
nmap
normal
normal
neptune
smurf
normal
smurf
normal
normal
portsweep
neptune
normal
normal
normal
neptune
normal
neptune
normal
portsweep
neptune
normal
pod
normal
normal
normal
neptune
normal
neptune
normal
neptune
normal
normal
neptune
normal
neptune
normal
neptune
normal
normal
normal
nmap
normal
normal
ipsweep
normal
nmap
normal
neptune
neptune
normal
normal
smurf
normal
neptune
neptune
normal
normal
normal
normal
normal
neptune
normal
neptune
neptune
neptune
neptune
neptune
neptune
normal
neptune
satan
normal
neptune
ipsweep
normal
neptune
neptune
normal
normal
neptune
normal
neptune
normal
neptune
normal
neptune
normal
normal
normal
neptune
neptune
neptune
ipsweep
normal
satan
neptune
neptune
neptune
normal
ipsweep
neptune
neptune
normal
normal
neptune
neptune
normal
back
neptune
neptune
neptune
neptune
neptune
normal
satan
normal
normal
normal
normal
normal
ipsweep
normal
portsweep
neptune
normal
normal
normal
normal
warezclient
neptune
neptune
normal
normal
normal
normal
normal
neptune
normal
normal
normal
normal
normal
satan
ipsweep
normal
normal
neptune
normal
neptune
neptune
satan
normal
normal
neptune
normal
normal
satan
normal
normal
normal
neptune
normal
normal
normal
neptune
portsweep
normal
satan
neptune
normal
neptune
warezclient
neptune
neptune
normal
back
back
normal
neptune
normal
normal
normal
normal
normal
nmap
neptune
normal
normal
normal
normal
normal
normal
normal
smurf
normal
normal
normal
normal
normal
neptune
normal
normal
normal
normal
neptune
neptune
normal
neptune
neptune
normal
neptune
back
normal
satan
neptune
normal
normal
normal
normal
satan
normal
nmap
neptune
normal
normal
smurf
teardrop
neptune
normal
normal
ipsweep
normal
normal
normal
neptune
normal
normal
neptune
normal
normal
neptune
normal
normal
neptune
normal
normal
smurf
normal
normal
satan
normal
normal
neptune
normal
neptune
neptune
neptune
neptune
normal
normal
normal
normal
smurf
neptune
normal
normal
normal
neptune
normal
normal
satan
warezclient
normal
neptune
normal
normal
normal
neptune
neptune
normal
neptune
normal
neptune
normal
normal
normal
satan
neptune
normal
neptune
normal
neptune
ipsweep
normal
normal
neptune
normal
normal
normal
normal
normal
neptune
neptune
portsweep
neptune
normal
neptune
normal
nmap
neptune
neptune
normal
neptune
portsweep
normal
neptune
normal
normal
normal
neptune
multihop
neptune
neptune
normal
normal
neptune
normal
neptune
neptune
neptune
normal
neptune
normal
normal
neptune
warezclient
normal
neptune
smurf
normal
neptune
neptune
normal
normal
normal
neptune
normal
normal
normal
neptune
normal
normal
normal
neptune
neptune
normal
neptune
neptune
normal
smurf
ipsweep
normal
neptune
neptune
normal
normal
neptune
normal
neptune
normal
back
normal
normal
neptune
neptune
neptune
neptune
normal
satan
neptune
normal
normal
neptune
neptune
normal
normal
normal
satan
neptune
neptune
neptune
normal
normal
normal
neptune
neptune
warezclient
smurf
neptune
neptune
neptune
neptune
normal
normal
normal
normal
neptune
normal
normal
normal
neptune
warezclient
normal
satan
neptune
normal
normal
normal
neptune
portsweep
normal
neptune
normal
portsweep
normal
neptune
neptune
neptune
neptune
portsweep
normal
normal
neptune
normal
normal
normal
neptune
neptune
normal
normal
portsweep
normal
normal
neptune
normal
normal
nmap
normal
normal
normal
ipsweep
normal
neptune
normal
normal
normal
normal
neptune
normal
ipsweep
normal
neptune
neptune
neptune
neptune
neptune
neptune
neptune
neptune
ipsweep
neptune
neptune
normal
normal
normal
nmap
neptune
neptune
neptune
normal
neptune
teardrop
normal
normal
neptune
normal
normal
neptune
neptune
neptune
neptune
normal
normal
normal
normal
normal
neptune
neptune
neptune
neptune
neptune
smurf
nmap
normal
pod
neptune
neptune
normal
normal
normal
normal
neptune
neptune
normal
neptune
neptune
normal
teardrop
normal
normal
neptune
normal
neptune
normal
normal
satan
normal
normal
neptune
normal
neptune
normal
normal
normal
normal
neptune
smurf
normal
smurf
normal
normal
normal
normal
normal
neptune
normal
normal
satan
normal
normal
normal
ipsweep
normal
normal
neptune
neptune
normal
normal
normal
neptune
neptune
satan
normal
neptune
normal
normal
normal
neptune
normal
normal
normal
neptune
neptune
ipsweep
neptune
normal
neptune
portsweep
normal
nmap
normal
portsweep
normal
neptune
normal
normal
neptune
normal
normal
normal
normal
neptune
neptune
normal
portsweep
normal
normal
normal
smurf
ipsweep
normal
satan
normal
portsweep
normal
neptune
normal
neptune
normal
neptune
normal
satan
normal
normal
neptune
neptune
neptune
normal
normal
normal
normal
normal
back
neptune
normal
normal
normal
ipsweep
normal
neptune
back
neptune
neptune
neptune
normal
normal
neptune
ipsweep
normal
normal
normal
normal
satan
normal
normal
normal
satan
normal
normal
neptune
normal
neptune
neptune
normal
portsweep
normal
neptune
normal
normal
normal
normal
normal
normal
normal
neptune
neptune
portsweep
normal
neptune
satan
normal
normal
normal
smurf
neptune
normal
neptune
neptune
normal
normal
normal
normal
normal
normal
normal
neptune
normal
neptune
normal
normal
satan
neptune
normal
neptune
neptune
neptune
neptune
normal
neptune
neptune
satan
normal
neptune
normal
normal
normal
neptune
normal
normal
neptune
normal
neptune
neptune
normal
normal
satan
neptune
neptune
neptune
normal
normal
neptune
normal
neptune
neptune
normal
normal
normal
normal
normal
ipsweep
neptune
normal
normal
smurf
normal
neptune
neptune
ipsweep
normal
normal
smurf
neptune
neptune
neptune
neptune
normal
nmap
back
nmap
neptune
neptune
normal
normal
neptune
normal
neptune
normal
neptune
neptune
neptune
neptune
normal
normal
normal
ipsweep
neptune
normal
normal
neptune
normal
normal
normal
neptune
normal
neptune
normal
neptune
neptune
smurf
smurf
normal
normal
neptune
neptune
normal
normal
neptune
smurf
ipsweep
normal
neptune
normal
normal
normal
neptune
neptune
neptune
normal
neptune
normal
neptune
normal
normal
normal
normal
normal
warezclient
normal
normal
normal
normal
neptune
normal
normal
normal
normal
neptune
normal
neptune
neptune
normal
neptune
normal
normal
normal
neptune
satan
normal
normal
normal
neptune
normal
normal
neptune
neptune
normal
normal
normal
neptune
normal
neptune
normal
normal
normal
satan
neptune
neptune
normal
neptune
neptune
normal
satan
neptune
neptune
normal
normal
portsweep
normal
normal
ipsweep
normal
neptune
warezclient
normal
normal
nmap
normal
normal
normal
satan
normal
neptune
back
normal
neptune
normal
normal
neptune
normal
normal
neptune
portsweep
normal
neptune
normal
normal
neptune
normal
normal
normal
teardrop
normal
normal
normal
neptune
normal
normal
neptune
neptune
normal
neptune
normal
neptune
normal
normal
normal
normal
neptune
neptune
smurf
neptune
normal
normal
back
ipsweep
smurf
normal
portsweep
neptune
satan
normal
normal
normal
neptune
portsweep
normal
neptune
neptune
normal
back
neptune
normal
normal
neptune
neptune
normal
normal
normal
normal
neptune
neptune
normal
normal
normal
ipsweep
normal
normal
neptune
normal
portsweep
neptune
spy
back
nmap
neptune
neptune
normal
normal
warezclient
ipsweep
normal
satan
normal
neptune
normal
normal
normal
normal
neptune
neptune
normal
smurf
normal
ipsweep
teardrop
normal
normal
neptune
ipsweep
normal
normal
normal
ipsweep
neptune
normal
neptune
normal
normal
neptune
normal
normal
neptune
normal
normal
neptune
normal
normal
neptune
neptune
normal
normal
neptune
normal
ipsweep
normal
normal
neptune
satan
normal
normal
normal
normal
satan
normal
neptune
neptune
neptune
ipsweep
satan
normal
normal
neptune
nmap
ipsweep
neptune
neptune
neptune
normal
neptune
normal
normal
normal
normal
normal
normal
normal
neptune
back
nmap
normal
neptune
normal
normal
normal
normal
normal
neptune
normal
normal
imap
normal
neptune
normal
normal
normal
normal
normal
smurf
normal
normal
normal
normal
normal
normal
neptune
smurf
neptune
smurf
normal
neptune
normal
normal
normal
normal
neptune
neptune
portsweep
normal
normal
normal
warezclient
normal
normal
normal
neptune
normal
neptune
neptune
neptune
normal
normal
neptune
normal
normal
normal
normal
normal
neptune
ipsweep
normal
normal
neptune
neptune
normal
normal
neptune
neptune
normal
normal
neptune
ipsweep
normal
normal
normal
normal
neptune
normal
neptune
neptune
normal
neptune
normal
normal
ipsweep
neptune
normal
normal
neptune
neptune
neptune
portsweep
ipsweep
neptune
normal
neptune
normal
neptune
neptune
normal
normal
normal
normal
normal
neptune
normal
neptune
neptune
normal
normal
normal
normal
normal
neptune
normal
neptune
neptune
normal
neptune
portsweep
normal
neptune
normal
back
neptune
normal
normal
neptune
normal
normal
satan
smurf
neptune
normal
normal
neptune
neptune
normal
normal
normal
neptune
normal
neptune
portsweep
ipsweep
neptune
normal
normal
normal
neptune
normal
neptune
normal
neptune
nmap
normal
neptune
neptune
neptune
normal
normal
neptune
neptune
normal
normal
neptune
normal
normal
normal
neptune
neptune
portsweep
normal
normal
ipsweep
smurf
neptune
neptune
ipsweep
normal
normal
neptune
neptune
neptune
ipsweep
normal
normal
neptune
neptune
neptune
smurf
portsweep
ipsweep
neptune
normal
normal
normal
normal
neptune
normal
ipsweep
neptune
warezclient
normal
ipsweep
normal
neptune
portsweep
neptune
neptune
neptune
ipsweep
normal
warezclient
normal
neptune
normal
normal
normal
normal
neptune
normal
neptune
neptune
normal
neptune
neptune
neptune
neptune
neptune
normal
normal
normal
normal
neptune
normal
normal
normal
normal
normal
neptune
normal
normal
normal
satan
neptune
neptune
neptune
ipsweep
portsweep
normal
neptune
neptune
normal
neptune
normal
neptune
teardrop
normal
normal
neptune
normal
neptune
neptune
normal
normal
neptune
normal
normal
normal
normal
normal
normal
normal
normal
satan
neptune
satan
normal
neptune
normal
normal
normal
neptune
portsweep
normal
neptune
normal
neptune
guess_passwd
neptune
normal
normal
normal
normal
normal
normal
portsweep
neptune
normal
normal
neptune
normal
normal
neptune
neptune
normal
neptune
nmap
normal
satan
smurf
neptune
normal
ipsweep
normal
normal
smurf
normal
normal
normal
normal
normal
neptune
neptune
neptune
normal
normal
normal
normal
normal
normal
normal
normal
normal
normal
ipsweep
normal
normal
neptune
neptune
normal
normal
neptune
neptune
neptune
normal
ipsweep
normal
neptune
normal
normal
normal
neptune
neptune
normal
normal
normal
normal
back
normal
normal
normal
normal
normal
neptune
satan
normal
normal
ipsweep
neptune
neptune
normal
neptune
normal
normal
normal
neptune
normal
normal
back
normal
normal
neptune
normal
neptune
normal
normal
normal
neptune
neptune
neptune
normal
normal
neptune
neptune
normal
neptune
neptune
normal
neptune
normal
normal
nmap
neptune
normal
neptune
normal
normal
normal
ipsweep
nmap
normal
ipsweep
satan
neptune
neptune
neptune
neptune
normal
ipsweep
normal
normal
neptune
neptune
portsweep
normal
normal
portsweep
satan
satan
normal
normal
neptune
normal
neptune
neptune
nmap
normal
portsweep
normal
neptune
normal
normal
normal
neptune
neptune
satan
normal
normal
satan
normal
normal
normal
normal
neptune
neptune
neptune
normal
normal
neptune
normal
normal
normal
normal
normal
neptune
satan
normal
teardrop
teardrop
neptune
warezclient
neptune
neptune
normal
normal
normal
normal
normal
neptune
normal
portsweep
neptune
neptune
neptune
normal
normal
neptune
normal
neptune
normal
neptune
nmap
nmap
neptune
normal
normal
satan
normal
normal
neptune
normal
normal
neptune
neptune
normal
satan
neptune
neptune
neptune
neptune
normal
normal
neptune
neptune
normal
normal
normal
normal
neptune
normal
satan
normal
normal
normal
normal
normal
neptune
neptune
normal
normal
normal
normal
normal
normal
neptune
normal
neptune
neptune
normal
normal
neptune
neptune
normal
ipsweep
neptune
normal
normal
normal
normal
portsweep
normal
ipsweep
normal
neptune
normal
normal
normal
neptune
neptune
normal
neptune
normal
normal
normal
satan
neptune
normal
neptune
neptune
normal
ipsweep
neptune
normal
ipsweep
portsweep
normal
neptune
normal
normal
normal
portsweep
nmap
neptune
normal
neptune
neptune
normal
neptune
normal
normal
normal
normal
normal
neptune
normal
normal
neptune
normal
neptune
neptune
normal
normal
normal
normal
neptune
normal
normal
normal
normal
normal
normal
normal
portsweep
normal
normal
neptune
normal
smurf
normal
normal
normal
neptune
normal
neptune
normal
neptune
normal
normal
smurf
neptune
neptune
normal
normal
normal
normal
normal
normal
neptune
normal
normal
neptune
normal
neptune
satan
neptune
normal
neptune
neptune
neptune
normal
normal
normal
portsweep
normal
normal
normal
normal
neptune
neptune
normal
neptune
normal
normal
neptune
ipsweep
neptune
neptune
normal
neptune
normal
neptune
normal
neptune
normal
normal
neptune
satan
normal
normal
normal
normal
normal
neptune
neptune
normal
normal
normal
neptune
neptune
neptune
normal
normal
normal
normal
smurf
neptune
normal
neptune
normal
ipsweep
satan
teardrop
neptune
normal
normal
portsweep
ipsweep
normal
normal
normal
neptune
smurf
normal
normal
normal
neptune
normal
normal
neptune
satan
normal
neptune
normal
normal
normal
normal
normal
satan
normal
normal
normal
smurf
normal
normal
normal
neptune
normal
normal
normal
neptune
neptune
normal
normal
neptune
normal
neptune
normal
neptune
ipsweep
neptune
normal
neptune
ipsweep
neptune
satan
ipsweep
neptune
back
normal
normal
neptune
satan
neptune
neptune
neptune
normal
neptune
neptune
normal
satan
neptune
normal
normal
teardrop
neptune
neptune
nmap
normal
normal
neptune
normal
neptune
normal
normal
neptune
normal
ipsweep
normal
normal
neptune
normal
normal
ipsweep
normal
normal
normal
normal
normal
normal
normal
neptune
neptune
normal
ipsweep
satan
normal
warezclient
guess_passwd
neptune
normal
normal
neptune
normal
neptune
ipsweep
neptune
normal
normal
neptune
ipsweep
normal
smurf
normal
normal
normal
normal
neptune
neptune
normal
normal
normal
neptune
normal
ipsweep
neptune
neptune
neptune
normal
neptune
neptune
normal
satan
normal
neptune
normal
normal
normal
neptune
neptune
neptune
neptune
neptune
guess_passwd
portsweep
portsweep
neptune
normal
normal
normal
normal
neptune
normal
normal
normal
neptune
normal
neptune
normal
neptune
neptune
normal
normal
portsweep
neptune
normal
normal
neptune
normal
normal
neptune
normal
normal
neptune
neptune
neptune
normal
neptune
neptune
normal
normal
normal
normal
neptune
normal
neptune
normal
smurf
normal
normal
normal
normal
normal
normal
back
neptune
neptune
neptune
normal
normal
normal
smurf
normal
neptune
normal
normal
normal
normal
normal
neptune
neptune
normal
neptune
normal
neptune
normal
normal
normal
back
normal
neptune
normal
normal
ipsweep
neptune
neptune
normal
normal
normal
normal
normal
normal
normal
neptune
normal
normal
normal
normal
normal
satan
normal
normal
neptune
neptune
normal
neptune
normal
neptune
neptune
neptune
neptune
normal
neptune
warezclient
normal
normal
neptune
normal
neptune
neptune
normal
normal
normal
neptune
neptune
normal
neptune
normal
normal
normal
ipsweep
normal
normal
neptune
normal
portsweep
neptune
normal
neptune
normal
normal
neptune
neptune
normal
neptune
normal
neptune
neptune
neptune
normal
normal
normal
neptune
warezclient
normal
normal
normal
neptune
normal
neptune
ipsweep
normal
smurf
normal
normal
neptune
normal
normal
neptune
neptune
normal
neptune
normal
ipsweep
normal
neptune
normal
normal
neptune
normal
normal
neptune
normal
nmap
normal
normal
nmap
ipsweep
normal
normal
normal
teardrop
normal
normal
neptune
normal
neptune
neptune
satan
neptune
normal
normal
normal
normal
normal
neptune
neptune
normal
normal
neptune
neptune
normal
neptune
neptune
normal
neptune
normal
normal
smurf
neptune
ipsweep
normal
normal
neptune
normal
normal
normal
neptune
ipsweep
normal
nmap
normal
normal
normal
normal
normal
normal
neptune
satan
neptune
normal
neptune
neptune
warezclient
normal
neptune
normal
neptune
neptune
neptune
normal
normal
normal
neptune
normal
neptune
normal
neptune
normal
neptune
satan
neptune
normal
normal
normal
neptune
neptune
normal
neptune
neptune
back
normal
portsweep
normal
normal
normal
normal
normal
normal
ipsweep
normal
normal
normal
neptune
normal
satan
nmap
normal
ipsweep
normal
neptune
normal
neptune
normal
normal
normal
normal
normal
neptune
neptune
neptune
normal
neptune
normal
normal
neptune
neptune
normal
neptune
normal
neptune
normal
normal
portsweep
neptune
normal
normal
neptune
normal
neptune
normal
neptune
normal
normal
neptune
normal
nmap
normal
neptune
neptune
ipsweep
neptune
satan
smurf
neptune
normal
normal
normal
normal
normal
normal
normal
normal
normal
neptune
normal
normal
teardrop
normal
smurf
neptune
normal
normal
normal
neptune
portsweep
neptune
normal
neptune
neptune
normal
neptune
neptune
neptune
normal
normal
normal
normal
neptune
normal
ipsweep
normal
normal
normal
neptune
normal
neptune
neptune
satan
normal
normal
neptune
normal
neptune
normal
neptune
satan
satan
normal
normal
normal
normal
normal
neptune
normal
portsweep
neptune
normal
normal
neptune
normal
neptune
neptune
neptune
neptune
normal
neptune
normal
normal
neptune
neptune
normal
normal
neptune
portsweep
neptune
neptune
normal
warezclient
neptune
normal
normal
neptune
normal
portsweep
normal
normal
neptune
normal
normal
ipsweep
normal
neptune
normal
normal
satan
normal
satan
normal
smurf
neptune
normal
neptune
warezclient
normal
neptune
normal
neptune
normal
ipsweep
normal
neptune
neptune
normal
normal
normal
neptune
normal
normal
normal
normal
normal
teardrop
ipsweep
normal
normal
normal
neptune
normal
normal
teardrop
normal
normal
normal
neptune
neptune
neptune
neptune
normal
neptune
normal
normal
neptune
normal
normal
ipsweep
normal
normal
normal
normal
normal
neptune
neptune
neptune
neptune
normal
back
normal
portsweep
normal
normal
nmap
normal
neptune
normal
portsweep
normal
normal
neptune
neptune
neptune
normal
normal
neptune
normal
portsweep
normal
satan
normal
neptune
normal
normal
normal
normal
normal
normal
neptune
normal
normal
ipsweep
smurf
smurf
normal
normal
normal
portsweep
normal
normal
portsweep
normal
normal
normal
neptune
normal
normal
neptune
normal
neptune
neptune
portsweep
normal
neptune
ipsweep
neptune
normal
normal
normal
neptune
normal
neptune
normal
normal
neptune
normal
normal
normal
normal
neptune
normal
normal
normal
neptune
normal
neptune
normal
warezclient
ipsweep
normal
neptune
normal
normal
normal
normal
normal
normal
normal
normal
neptune
back
normal
neptune
normal
neptune
neptune
neptune
neptune
neptune
normal
normal
normal
normal
neptune
smurf
neptune
ipsweep
normal
normal
neptune
neptune
normal
teardrop
neptune
normal
teardrop
normal
normal
neptune
normal
neptune
normal
neptune
normal
warezclient
normal
normal
neptune
neptune
neptune
ipsweep
normal
neptune
normal
normal
normal
ipsweep
neptune
normal
neptune
normal
normal
ipsweep
neptune
normal
portsweep
neptune
neptune
neptune
normal
normal
teardrop
neptune
back
satan
warezclient
neptune
normal
neptune
ipsweep
normal
normal
ipsweep
normal
neptune
back
neptune
neptune
normal
portsweep
normal
normal
normal
normal
smurf
normal
normal
normal
normal
neptune
ipsweep
normal
neptune
normal
neptune
satan
normal
normal
neptune
neptune
normal
normal
normal
satan
normal
back
normal
normal
normal
neptune
normal
normal
normal
normal
normal
normal
normal
neptune
normal
normal
neptune
neptune
normal
normal
normal
neptune
normal
ipsweep
normal
normal
satan
back
normal
normal
normal
neptune
normal
neptune
ipsweep
neptune
neptune
normal
normal
neptune
neptune
normal
neptune
ipsweep
normal
portsweep
neptune
normal
portsweep
normal
normal
normal
normal
normal
neptune
normal
normal
normal
nmap
normal
neptune
normal
normal
normal
normal
neptune
neptune
neptune
normal
portsweep
normal
normal
normal
normal
normal
normal
normal
neptune
normal
normal
normal
normal
normal
normal
normal
normal
neptune
neptune
satan
neptune
ipsweep
normal
normal
normal
teardrop
teardrop
normal
portsweep
neptune
neptune
neptune
neptune
neptune
neptune
neptune
normal
normal
normal
normal
neptune
neptune
normal
ipsweep
normal
normal
normal
nmap
normal
neptune
normal
back
neptune
normal
normal
neptune
normal
normal
neptune
ipsweep
normal
portsweep
normal
normal
normal
neptune
warezclient
normal
normal
normal
neptune
normal
neptune
portsweep
neptune
normal
portsweep
normal
neptune
normal
normal
neptune
warezclient
normal
normal
normal
normal
neptune
normal
normal
normal
satan
neptune
normal
normal
neptune
normal
neptune
normal
normal
neptune
neptune
normal
neptune
neptune
normal
normal
neptune
satan
normal
neptune
normal
neptune
normal
normal
neptune
portsweep
neptune
neptune
neptune
neptune
neptune
neptune
normal
normal
normal
portsweep
neptune
neptune
normal
portsweep
neptune
normal
neptune
normal
normal
neptune
normal
normal
portsweep
neptune
neptune
neptune
smurf
normal
neptune
normal
neptune
normal
normal
normal
normal
normal
neptune
smurf
ipsweep
normal
neptune
neptune
normal
neptune
normal
portsweep
normal
normal
normal
ipsweep
neptune
neptune
normal
neptune
neptune
neptune
neptune
neptune
neptune
normal
normal
ipsweep
neptune
normal
warezclient
normal
neptune
neptune
normal
ipsweep
normal
normal
neptune
normal
warezclient
neptune
normal
neptune
normal
portsweep
normal
normal
neptune
normal
teardrop
normal
portsweep
neptune
normal
normal
normal
normal
normal
normal
neptune
normal
neptune
normal
normal
neptune
neptune
normal
normal
smurf
normal
normal
portsweep
neptune
teardrop
normal
neptune
normal
neptune
neptune
normal
teardrop
normal
neptune
normal
normal
neptune
normal
ipsweep
satan
normal
normal
neptune
neptune
normal
neptune
normal
normal
nmap
normal
normal
neptune
normal
neptune
neptune
ipsweep
ipsweep
neptune
neptune
neptune
smurf
normal
normal
normal
normal
normal
normal
normal
normal
normal
neptune
normal
neptune
normal
neptune
normal
ipsweep
neptune
neptune
neptune
normal
teardrop
portsweep
neptune
teardrop
normal
normal
normal
normal
normal
neptune
normal
normal
normal
normal
normal
normal
neptune
normal
neptune
normal
normal
neptune
normal
neptune
normal
neptune
normal
normal
normal
neptune
normal
neptune
neptune
normal
normal
normal
portsweep
normal
normal
portsweep
normal
neptune
normal
neptune
nmap
normal
neptune
neptune
normal
normal
neptune
neptune
neptune
neptune
portsweep
normal
neptune
normal
normal
neptune
normal
neptune
neptune
neptune
normal
neptune
neptune
neptune
normal
normal
normal
normal
normal
normal
smurf
neptune
neptune
ipsweep
normal
normal
normal
normal
neptune
neptune
neptune
neptune
normal
normal
ipsweep
normal
neptune
neptune
neptune
ipsweep
teardrop
neptune
normal
normal
neptune
neptune
normal
normal
normal
normal
normal
normal
neptune
normal
neptune
neptune
pod
neptune
neptune
normal
normal
neptune
normal
neptune
neptune
normal
normal
normal
neptune
normal
neptune
normal
satan
neptune
normal
teardrop
neptune
normal
normal
neptune
normal
normal
normal
neptune
neptune
neptune
neptune
normal
portsweep
normal
normal
normal
neptune
normal
neptune
portsweep
normal
ipsweep
ipsweep
satan
portsweep
normal
neptune
neptune
normal
normal
neptune
normal
neptune
ipsweep
neptune
normal
normal
normal
normal
portsweep
normal
neptune
normal
neptune
normal
neptune
normal
normal
normal
normal
normal
neptune
neptune
normal
neptune
normal
neptune
ipsweep
neptune
normal
neptune
normal
normal
satan
neptune
normal
normal
normal
neptune
normal
nmap
normal
normal
normal
portsweep
ipsweep
neptune
smurf
normal
back
normal
warezclient
neptune
neptune
normal
neptune
normal
normal
satan
normal
teardrop
neptune
normal
normal
neptune
normal
normal
neptune
normal
neptune
normal
normal
normal
portsweep
normal
neptune
normal
normal
neptune
normal
normal
teardrop
normal
neptune
normal
normal
neptune
neptune
warezclient
warezclient
warezclient
neptune
normal
smurf
normal
neptune
nmap
normal
neptune
normal
normal
normal
normal
normal
neptune
ipsweep
normal
normal
normal
normal
normal
portsweep
neptune
normal
normal
neptune
normal
neptune
normal
neptune
neptune
ipsweep
normal
normal
normal
neptune
ipsweep
neptune
normal
neptune
normal
normal
neptune
teardrop
normal
neptune
normal
neptune
neptune
normal
neptune
normal
neptune
normal
normal
neptune
neptune
normal
normal
normal
neptune
normal
neptune
neptune
neptune
smurf
normal
normal
smurf
normal
neptune
normal
warezclient
normal
neptune
neptune
neptune
normal
normal
normal
normal
neptune
normal
neptune
normal
normal
normal
normal
normal
neptune
normal
neptune
neptune
neptune
neptune
normal
normal
neptune
neptune
neptune
neptune
neptune
normal
portsweep
neptune
neptune
normal
neptune
normal
nmap
normal
normal
normal
normal
normal
normal
normal
normal
neptune
normal
normal
neptune
neptune
neptune
normal
normal
normal
neptune
normal
teardrop
normal
normal
neptune
normal
neptune
neptune
neptune
neptune
neptune
normal
neptune
portsweep
normal
neptune
neptune
neptune
normal
normal
normal
normal
normal
satan
normal
normal
normal
normal
portsweep
neptune
normal
normal
normal
normal
normal
neptune
normal
normal
normal
normal
normal
normal
neptune
portsweep
normal
neptune
normal
neptune
neptune
normal
neptune
smurf
normal
normal
neptune
normal
neptune
normal
normal
neptune
normal
neptune
normal
normal
neptune
normal
normal
normal
normal
neptune
normal
normal
neptune
neptune
smurf
normal
normal
normal
normal
neptune
normal
neptune
normal
normal
normal
nmap
normal
neptune
smurf
nmap
normal
neptune
neptune
normal
normal
neptune
normal
neptune
normal
normal
normal
normal
neptune
neptune
normal
normal
neptune
satan
normal
warezclient
neptune
neptune
neptune
neptune
satan
satan
normal
portsweep
normal
normal
ipsweep
satan
normal
satan
normal
normal
normal
neptune
neptune
normal
normal
normal
neptune
normal
normal
neptune
satan
normal
neptune
normal
neptune
neptune
normal
normal
normal
normal
normal
normal
portsweep
normal
normal
neptune
neptune
neptune
normal
neptune
normal
normal
normal
normal
neptune
portsweep
normal
normal
neptune
normal
normal
normal
normal
portsweep
normal
normal
normal
neptune
neptune
normal
normal
neptune
smurf
nmap
neptune
neptune
normal
neptune
normal
normal
normal
normal
normal
portsweep
neptune
normal
neptune
normal
normal
neptune
pod
neptune
neptune
normal
teardrop
smurf
neptune
neptune
satan
neptune
normal
normal
normal
normal
normal
neptune
neptune
neptune
ipsweep
portsweep
ipsweep
normal
normal
neptune
neptune
neptune
normal
normal
normal
normal
neptune
neptune
normal
normal
neptune
neptune
normal
normal
normal
neptune
neptune
normal
neptune
neptune
normal
normal
normal
normal
normal
normal
neptune
normal
normal
normal
normal
neptune
normal
normal
normal
ipsweep
normal
neptune
normal
normal
normal
teardrop
neptune
normal
normal
normal
normal
neptune
nmap
normal
normal
satan
neptune
neptune
normal
neptune
neptune
neptune
portsweep
neptune
neptune
normal
neptune
portsweep
neptune
neptune
normal
neptune
neptune
normal
neptune
neptune
neptune
neptune
normal
normal
neptune
normal
normal
normal
portsweep
neptune
normal
neptune
neptune
normal
neptune
neptune
normal
neptune
neptune
neptune
normal
normal
portsweep
normal
normal
neptune
neptune
normal
normal
normal
normal
neptune
normal
portsweep
neptune
normal
normal
neptune
normal
normal
neptune
normal
ipsweep
normal
normal
neptune
portsweep
normal
normal
normal
smurf
normal
normal
neptune
ipsweep
normal
normal
neptune
normal
normal
normal
normal
normal
normal
normal
normal
normal
normal
satan
normal
normal
normal
neptune
smurf
normal
neptune
normal
neptune
normal
smurf
normal
neptune
neptune
normal
neptune
neptune
portsweep
normal
neptune
neptune
normal
neptune
normal
normal
neptune
normal
normal
normal
normal
normal
neptune
smurf
neptune
satan
satan
normal
normal
normal
normal
normal
neptune
normal
normal
normal
neptune
normal
normal
neptune
neptune
normal
neptune
normal
normal
normal
neptune
normal
back
normal
normal
normal
normal
normal
neptune
neptune
normal
neptune
neptune
normal
neptune
smurf
normal
ipsweep
neptune
normal
normal
normal
normal
normal
satan
satan
normal
neptune
normal
normal
normal
neptune
normal
normal
neptune
nmap
normal
normal
normal
neptune
neptune
neptune
normal
smurf
neptune
normal
normal
satan
normal
normal
normal
nmap
normal
neptune
normal
normal
neptune
satan
neptune
normal
normal
normal
normal
neptune
back
neptune
neptune
neptune
neptune
normal
normal
nmap
satan
normal
normal
neptune
normal
normal
neptune
neptune
neptune
normal
normal
neptune
neptune
normal
normal
normal
normal
normal
normal
normal
normal
smurf
neptune
normal
neptune
normal
neptune
normal
normal
neptune
normal
neptune
neptune
normal
normal
nmap
neptune
normal
normal
neptune
normal
normal
normal
neptune
neptune
normal
neptune
neptune
neptune
normal
satan
neptune
back
normal
warezclient
normal
normal
normal
neptune
normal
normal
satan
normal
normal
normal
warezclient
normal
normal
neptune
neptune
neptune
neptune
back
normal
neptune
normal
normal
normal
smurf
normal
normal
normal
normal
neptune
neptune
normal
portsweep
neptune
portsweep
neptune
neptune
normal
portsweep
neptune
normal
normal
neptune
normal
normal
normal
neptune
normal
normal
neptune
normal
normal
normal
normal
neptune
smurf
normal
normal
normal
normal
normal
neptune
normal
normal
normal
portsweep
normal
normal
normal
normal
warezmaster
normal
normal
normal
satan
teardrop
neptune
normal
neptune
normal
smurf
normal
normal
neptune
neptune
neptune
normal
neptune
neptune
neptune
neptune
normal
neptune
normal
normal
neptune
normal
neptune
normal
neptune
normal
neptune
normal
normal
normal
normal
neptune
normal
normal
normal
neptune
neptune
neptune
normal
normal
neptune
neptune
neptune
normal
normal
teardrop
normal
pod
neptune
normal
teardrop
neptune
neptune
neptune
neptune
normal
neptune
neptune
smurf
neptune
neptune
neptune
normal
normal
normal
normal
neptune
neptune
smurf
smurf
neptune
neptune
normal
neptune
normal
normal
normal
neptune
nmap
warezclient
portsweep
normal
normal
normal
satan
normal
normal
neptune
normal
neptune
normal
satan
normal
satan
satan
normal
neptune
normal
normal
neptune
normal
normal
portsweep
normal
normal
normal
normal
normal
portsweep
teardrop
neptune
neptune
normal
neptune
smurf
nmap
neptune
neptune
neptune
satan
ipsweep
normal
neptune
normal
normal
normal
normal
normal
normal
neptune
normal
neptune
normal
satan
neptune
normal
normal
portsweep
normal
normal
neptune
nmap
normal
neptune
neptune
neptune
warezclient
neptune
normal
neptune
neptune
neptune
normal
normal
normal
neptune
neptune
normal
normal
neptune
nmap
normal
normal
neptune
neptune
normal
normal
normal
normal
normal
normal
normal
normal
neptune
normal
normal
normal
neptune
normal
portsweep
normal
neptune
neptune
neptune
normal
normal
normal
normal
normal
normal
normal
normal
normal
normal
neptune
neptune
neptune
neptune
normal
normal
neptune
normal
neptune
neptune
normal
normal
normal
normal
normal
satan
normal
normal
normal
normal
neptune
neptune
normal
neptune
normal
nmap
smurf
smurf
neptune
normal
neptune
neptune
ipsweep
normal
normal
normal
normal
neptune
nmap
neptune
normal
normal
normal
smurf
portsweep
satan
normal
smurf
normal
neptune
normal
normal
neptune
normal
neptune
normal
normal
normal
normal
nmap
neptune
normal
neptune
normal
warezclient
normal
normal
smurf
normal
normal
portsweep
normal
neptune
normal
neptune
normal
normal
neptune
back
normal
ipsweep
normal
nmap
neptune
neptune
normal
normal
neptune
warezclient
neptune
normal
ipsweep
satan
normal
normal
normal
neptune
ipsweep
neptune
normal
neptune
normal
normal
neptune
normal
normal
normal
neptune
neptune
neptune
neptune
normal
normal
normal
satan
neptune
neptune
neptune
normal
normal
normal
teardrop
normal
normal
normal
normal
normal
normal
normal
normal
normal
normal
portsweep
neptune
neptune
back
nmap
neptune
satan
satan
normal
normal
neptune
neptune
satan
neptune
neptune
normal
portsweep
ipsweep
normal
normal
normal
normal
normal
normal
normal
normal
normal
normal
satan
normal
normal
normal
ipsweep
smurf
neptune
normal
neptune
normal
normal
normal
normal
normal
neptune
normal
normal
neptune
normal
normal
normal
neptune
normal
normal
normal
normal
neptune
normal
normal
normal
neptune
neptune
neptune
neptune
satan
neptune
ipsweep
neptune
normal
neptune
neptune
neptune
neptune
normal
neptune
neptune
normal
normal
neptune
normal
neptune
normal
satan
normal
ipsweep
neptune
ipsweep
normal
normal
normal
normal
normal
normal
normal
ipsweep
neptune
normal
neptune
neptune
normal
neptune
normal
ipsweep
neptune
neptune
normal
normal
normal
neptune
neptune
smurf
normal
normal
normal
normal
neptune
normal
ipsweep
neptune
normal
normal
normal
normal
neptune
normal
neptune
satan
normal
normal
neptune
normal
neptune
neptune
neptune
neptune
normal
normal
neptune
normal
normal
normal
neptune
normal
neptune
neptune
normal
neptune
normal
neptune
portsweep
neptune
normal
normal
normal
neptune
ipsweep
normal
normal
neptune
normal
normal
normal
neptune
neptune
normal
normal
normal
normal
normal
neptune
normal
normal
normal
normal
satan
neptune
neptune
normal
smurf
normal
normal
normal
neptune
normal
normal
neptune
normal
normal
normal
warezclient
normal
neptune
normal
satan
normal
normal
normal
normal
neptune
normal
portsweep
pod
neptune
neptune
normal
normal
normal
normal
normal
neptune
satan
neptune
normal
neptune
neptune
neptune
neptune
neptune
normal
normal
neptune
normal
nmap
neptune
normal
normal
normal
normal
normal
nmap
neptune
ipsweep
neptune
normal
normal
normal
normal
normal
normal
normal
neptune
neptune
normal
normal
neptune
normal
neptune
normal
neptune
neptune
normal
normal
normal
normal
nmap
neptune
normal
normal
neptune
neptune
normal
ipsweep
neptune
neptune
normal
portsweep
neptune
normal
normal
normal
smurf
neptune
neptune
neptune
normal
neptune
neptune
warezclient
neptune
normal
normal
normal
normal
satan
neptune
neptune
neptune
neptune
neptune
normal
neptune
normal
satan
normal
normal
normal
normal
neptune
satan
neptune
normal
neptune
normal
neptune
normal
normal
normal
normal
neptune
neptune
neptune
normal
normal
normal
neptune
portsweep
back
neptune
normal
normal
normal
neptune
normal
normal
normal
neptune
normal
normal
neptune
normal
normal
neptune
normal
normal
neptune
normal
normal
normal
normal
normal
portsweep
normal
neptune
portsweep
normal
normal
normal
neptune
neptune
ipsweep
smurf
normal
normal
neptune
normal
normal
normal
normal
smurf
normal
neptune
neptune
neptune
normal
normal
normal
neptune
neptune
neptune
normal
neptune
normal
normal
back
neptune
neptune
normal
normal
neptune
normal
neptune
neptune
normal
normal
ipsweep
normal
normal
normal
normal
normal
normal
neptune
neptune
portsweep
normal
neptune
normal
neptune
normal
normal
normal
neptune
normal
normal
normal
neptune
normal
normal
normal
normal
normal
normal
teardrop
normal
neptune
normal
normal
neptune
normal
normal
neptune
normal
normal
normal
neptune
neptune
neptune
normal
neptune
normal
normal
normal
neptune
neptune
neptune
ipsweep
satan
satan
normal
normal
normal
neptune
warezclient
neptune
neptune
neptune
normal
normal
normal
neptune
neptune
normal
normal
normal
normal
normal
normal
normal
neptune
portsweep
normal
ipsweep
normal
neptune
normal
neptune
normal
normal
neptune
normal
normal
ipsweep
normal
normal
normal
normal
normal
neptune
normal
normal
ipsweep
neptune
normal
normal
ipsweep
normal
normal
normal
neptune
portsweep
neptune
normal
neptune
normal
neptune
neptune
neptune
normal
normal
neptune
normal
normal
warezclient
neptune
neptune
neptune
satan
normal
normal
normal
neptune
normal
normal
normal
neptune
neptune
normal
normal
normal
neptune
neptune
normal
ipsweep
neptune
neptune
normal
neptune
normal
normal
normal
neptune
neptune
normal
neptune
neptune
normal
normal
neptune
normal
normal
normal
normal
normal
ipsweep
satan
neptune
normal
normal
neptune
normal
neptune
normal
normal
neptune
neptune
satan
normal
normal
normal
normal
normal
neptune
normal
normal
normal
normal
normal
portsweep
neptune
normal
normal
neptune
neptune
neptune
normal
neptune
normal
normal
neptune
neptune
buffer_overflow
normal
satan
normal
neptune
normal
neptune
normal
normal
normal
normal
neptune
neptune
nmap
smurf
neptune
neptune
neptune
normal
normal
neptune
normal
neptune
nmap
normal
neptune
normal
ipsweep
neptune
neptune
normal
neptune
normal
neptune
normal
satan
neptune
normal
portsweep
normal
neptune
normal
normal
normal
normal
neptune
neptune
normal
neptune
normal
neptune
neptune
normal
normal
normal
normal
neptune
neptune
nmap
normal
neptune
normal
normal
neptune
neptune
ipsweep
normal
neptune
portsweep
normal
neptune
neptune
normal
normal
normal
normal
normal
normal
neptune
normal
neptune
normal
neptune
normal
neptune
neptune
normal
normal
normal
normal
neptune
normal
normal
neptune
neptune
normal
neptune
normal
normal
normal
normal
normal
neptune
neptune
neptune
normal
neptune
neptune
normal
normal
neptune
normal
normal
normal
normal
normal
neptune
neptune
ipsweep
neptune
normal
normal
normal
normal
normal
neptune
neptune
portsweep
neptune
normal
neptune
normal
neptune
teardrop
normal
neptune
normal
normal
normal
neptune
normal
back
neptune
neptune
neptune
normal
normal
neptune
normal
normal
normal
normal
portsweep
normal
normal
satan
normal
normal
normal
neptune
normal
normal
neptune
normal
normal
normal
normal
neptune
normal
neptune
neptune
neptune
normal
warezclient
normal
normal
neptune
normal
normal
satan
normal
normal
neptune
portsweep
neptune
neptune
neptune
normal
normal
normal
neptune
nmap
normal
ipsweep
neptune
portsweep
normal
normal
normal
neptune
normal
neptune
neptune
normal
neptune
normal
neptune
neptune
neptune
neptune
normal
neptune
normal
normal
neptune
normal
normal
normal
neptune
neptune
normal
normal
normal
neptune
normal
normal
normal
neptune
smurf
neptune
neptune
portsweep
normal
normal
smurf
portsweep
neptune
normal
satan
normal
normal
ipsweep
normal
teardrop
normal
back
neptune
neptune
normal
normal
neptune
neptune
normal
neptune
neptune
neptune
normal
neptune
normal
normal
normal
normal
normal
neptune
neptune
normal
neptune
neptune
normal
neptune
normal
normal
normal
normal
neptune
neptune
normal
normal
normal
ipsweep
neptune
smurf
neptune
normal
neptune
warezclient
ipsweep
normal
normal
normal
portsweep
neptune
neptune
neptune
portsweep
neptune
neptune
normal
normal
portsweep
neptune
warezclient
neptune
normal
neptune
nmap
neptune
neptune
neptune
ipsweep
buffer_overflow
normal
normal
normal
normal
normal
normal
normal
ipsweep
normal
neptune
satan
normal
normal
normal
neptune
normal
portsweep
neptune
normal
normal
neptune
normal
normal
neptune
neptune
normal
neptune
normal
normal
neptune
neptune
satan
neptune
neptune
normal
normal
warezclient
neptune
neptune
normal
neptune
neptune
normal
normal
normal
portsweep
satan
neptune
neptune
satan
normal
normal
normal
neptune
neptune
back
normal
normal
normal
normal
neptune
normal
neptune
neptune
normal
normal
normal
neptune
normal
normal
neptune
neptune
normal
normal
normal
normal
normal
normal
neptune
normal
nmap
satan
neptune
normal
normal
normal
normal
normal
neptune
normal
ipsweep
neptune
ipsweep
neptune
normal
neptune
neptune
portsweep
neptune
nmap
normal
neptune
satan
neptune
normal
normal
normal
normal
normal
neptune
normal
ipsweep
normal
normal
satan
neptune
normal
normal
ipsweep
normal
normal
neptune
neptune
normal
neptune
normal
normal
neptune
neptune
neptune
normal
normal
neptune
normal
normal
normal
satan
back
normal
neptune
neptune
teardrop
neptune
neptune
normal
normal
neptune
neptune
normal
normal
neptune
normal
normal
neptune
neptune
nmap
normal
satan
neptune
neptune
normal
normal
normal
neptune
normal
neptune
normal
neptune
neptune
neptune
normal
normal
normal
neptune
normal
normal
neptune
neptune
neptune
neptune
normal
smurf
neptune
neptune
normal
normal
portsweep
normal
normal
normal
normal
normal
normal
normal
normal
normal
normal
neptune
normal
neptune
normal
normal
normal
normal
normal
normal
neptune
normal
normal
normal
normal
normal
normal
normal
portsweep
normal
normal
smurf
normal
normal
teardrop
normal
neptune
normal
normal
normal
normal
normal
neptune
normal
normal
normal
normal
normal
neptune
normal
normal
normal
normal
normal
normal
normal
normal
ipsweep
neptune
neptune
normal
neptune
satan
neptune
normal
teardrop
portsweep
normal
neptune
normal
neptune
neptune
neptune
neptune
normal
normal
ipsweep
normal
normal
smurf
normal
normal
ipsweep
normal
neptune
normal
neptune
warezclient
normal
smurf
neptune
normal
normal
normal
ipsweep
normal
normal
normal
normal
neptune
normal
normal
normal
normal
normal
neptune
normal
ipsweep
normal
neptune
neptune
normal
normal
neptune
normal
normal
normal
warezclient
neptune
normal
normal
normal
neptune
neptune
normal
normal
normal
normal
neptune
neptune
neptune
neptune
neptune
normal
satan
neptune
warezclient
normal
normal
neptune
normal
neptune
ipsweep
normal
neptune
neptune
normal
normal
normal
neptune
neptune
normal
normal
neptune
portsweep
normal
normal
normal
portsweep
smurf
normal
normal
neptune
normal
normal
satan
normal
normal
neptune
neptune
normal
normal
normal
normal
normal
neptune
normal
normal
neptune
normal
neptune
neptune
normal
neptune
neptune
neptune
ipsweep
normal
normal
normal
normal
normal
portsweep
normal
neptune
satan
neptune
normal
normal
neptune
normal
normal
neptune
normal
normal
normal
normal
neptune
normal
ipsweep
normal
normal
normal
normal
neptune
neptune
neptune
normal
normal
normal
normal
ipsweep
normal
normal
normal
normal
normal
normal
normal
neptune
normal
neptune
neptune
normal
normal
normal
normal
neptune
normal
normal
normal
normal
neptune
normal
neptune
neptune
neptune
ipsweep
neptune
normal
normal
normal
normal
normal
normal
satan
normal
portsweep
normal
neptune
normal
normal
neptune
normal
neptune
normal
neptune
neptune
smurf
normal
normal
normal
neptune
neptune
satan
normal
normal
normal
neptune
normal
back
neptune
normal
ipsweep
back
normal
smurf
neptune
normal
normal
neptune
neptune
neptune
normal
neptune
neptune
normal
normal
neptune
normal
neptune
normal
back
normal
neptune
neptune
normal
normal
neptune
normal
normal
satan
normal
normal
neptune
neptune
normal
ipsweep
normal
normal
neptune
normal
normal
normal
neptune
neptune
normal
ipsweep
normal
normal
ipsweep
normal
normal
normal
neptune
normal
normal
normal
normal
neptune
neptune
normal
neptune
ipsweep
normal
neptune
teardrop
back
normal
neptune
normal
normal
neptune
neptune
normal
neptune
neptune
normal
normal
normal
neptune
neptune
normal
nmap
normal
normal
normal
normal
teardrop
neptune
neptune
normal
normal
normal
normal
neptune
normal
normal
neptune
normal
normal
normal
normal
normal
normal
normal
satan
normal
neptune
normal
nmap
ipsweep
neptune
normal
normal
normal
normal
neptune
normal
normal
portsweep
neptune
neptune
normal
satan
neptune
normal
warezclient
back
satan
normal
neptune
normal
normal
normal
normal
normal
neptune
normal
satan
normal
normal
normal
neptune
neptune
neptune
normal
normal
normal
neptune
normal
normal
neptune
smurf
smurf
satan
normal
normal
neptune
neptune
normal
neptune
satan
normal
normal
neptune
normal
normal
neptune
ipsweep
normal
normal
neptune
normal
satan
normal
neptune
neptune
normal
normal
portsweep
nmap
neptune
neptune
normal
smurf
neptune
normal
normal
normal
satan
neptune
neptune
neptune
normal
neptune
normal
neptune
normal
normal
normal
normal
normal
ipsweep
normal
neptune
neptune
normal
portsweep
normal
normal
neptune
nmap
normal
normal
normal
neptune
neptune
neptune
neptune
normal
neptune
normal
neptune
normal
normal
normal
neptune
neptune
normal
normal
normal
ipsweep
neptune
normal
neptune
normal
normal
normal
portsweep
ipsweep
normal
normal
normal
normal
normal
normal
normal
normal
neptune
normal
ipsweep
normal
normal
neptune
neptune
neptune
smurf
normal
normal
neptune
neptune
normal
normal
normal
normal
normal
normal
normal
neptune
normal
neptune
neptune
neptune
normal
neptune
normal
satan
normal
normal
normal
normal
neptune
normal
normal
normal
neptune
normal
ipsweep
neptune
neptune
normal
neptune
normal
normal
neptune
normal
satan
normal
neptune
normal
neptune
normal
warezclient
normal
normal
normal
neptune
normal
neptune
guess_passwd
neptune
normal
normal
normal
neptune
normal
neptune
normal
normal
neptune
normal
neptune
normal
nmap
normal
neptune
neptune
neptune
portsweep
normal
normal
normal
normal
normal
neptune
normal
neptune
neptune
neptune
normal
neptune
neptune
neptune
normal
normal
normal
normal
normal
neptune
neptune
neptune
neptune
warezclient
neptune
normal
neptune
normal
normal
neptune
normal
normal
warezclient
smurf
satan
neptune
ipsweep
neptune
normal
normal
neptune
normal
neptune
normal
neptune
normal
neptune
neptune
neptune
neptune
neptune
neptune
normal
normal
normal
satan
satan
normal
neptune
normal
neptune
normal
neptune
normal
normal
normal
normal
normal
neptune
teardrop
neptune
normal
neptune
normal
normal
neptune
normal
normal
satan
neptune
portsweep
normal
normal
neptune
normal
ipsweep
neptune
normal
neptune
neptune
nmap
satan
smurf
neptune
normal
neptune
normal
normal
neptune
normal
neptune
normal
normal
neptune
normal
normal
satan
neptune
normal
normal
neptune
nmap
neptune
normal
neptune
neptune
normal
normal
normal
neptune
normal
normal
normal
neptune
normal
normal
normal
normal
normal
normal
neptune
neptune
normal
normal
normal
normal
neptune
neptune
normal
neptune
neptune
normal
normal
normal
normal
neptune
warezclient
normal
normal
normal
ipsweep
neptune
normal
normal
normal
normal
neptune
back
warezclient
normal
normal
neptune
warezclient
neptune
neptune
neptune
ipsweep
normal
portsweep
normal
satan
neptune
normal
neptune
neptune
normal
normal
normal
normal
normal
neptune
neptune
normal
normal
neptune
normal
neptune
neptune
neptune
normal
satan
normal
satan
normal
smurf
satan
normal
normal
normal
normal
ipsweep
neptune
normal
normal
neptune
normal
normal
normal
normal
normal
normal
normal
neptune
nmap
normal
normal
neptune
smurf
normal
normal
normal
normal
normal
normal
normal
neptune
normal
neptune
normal
nmap
neptune
normal
normal
normal
normal
neptune
neptune
neptune
normal
normal
neptune
normal
normal
normal
neptune
normal
neptune
normal
normal
neptune
neptune
neptune
neptune
neptune
normal
normal
neptune
normal
ipsweep
normal
ipsweep
neptune
neptune
neptune
normal
teardrop
normal
normal
normal
neptune
neptune
normal
neptune
normal
normal
normal
neptune
normal
normal
normal
satan
normal
neptune
neptune
teardrop
neptune
neptune
satan
normal
normal
neptune
normal
neptune
neptune
neptune
normal
neptune
neptune
satan
normal
normal
ipsweep
normal
neptune
normal
neptune
normal
neptune
normal
neptune
normal
normal
normal
normal
normal
land
normal
normal
neptune
normal
warezclient
neptune
neptune
ipsweep
warezclient
normal
neptune
neptune
neptune
normal
neptune
normal
neptune
ipsweep
normal
normal
normal
neptune
normal
normal
neptune
normal
normal
warezclient
normal
satan
neptune
nmap
nmap
satan
normal
neptune
portsweep
normal
normal
normal
neptune
normal
satan
normal
normal
normal
normal
normal
portsweep
normal
normal
neptune
nmap
normal
satan
neptune
normal
normal
neptune
neptune
normal
normal
normal
normal
neptune
neptune
normal
normal
normal
neptune
normal
normal
normal
normal
ipsweep
neptune
normal
neptune
normal
neptune
normal
normal
nmap
normal
normal
normal
normal
neptune
normal
normal
normal
normal
neptune
normal
normal
normal
warezclient
normal
neptune
neptune
normal
normal
normal
neptune
normal
neptune
neptune
normal
smurf
normal
nmap
pod
normal
normal
normal
neptune
portsweep
neptune
neptune
normal
normal
normal
neptune
multihop
normal
normal
neptune
warezclient
normal
normal
neptune
neptune
normal
neptune
portsweep
neptune
normal
portsweep
normal
normal
normal
normal
neptune
neptune
normal
normal
neptune
normal
normal
neptune
satan
normal
normal
normal
ipsweep
normal
normal
normal
normal
neptune
normal
neptune
normal
neptune
neptune
normal
normal
normal
normal
neptune
neptune
neptune
portsweep
normal
ipsweep
normal
normal
neptune
normal
ipsweep
normal
satan
neptune
neptune
normal
neptune
neptune
neptune
normal
normal
normal
normal
normal
back
normal
normal
normal
neptune
normal
neptune
neptune
normal
neptune
neptune
normal
normal
satan
normal
ipsweep
normal
neptune
neptune
neptune
neptune
neptune
normal
smurf
normal
normal
normal
neptune
neptune
normal
normal
normal
normal
normal
neptune
normal
normal
normal
neptune
normal
normal
normal
normal
normal
normal
portsweep
normal
normal
normal
nmap
normal
normal
normal
normal
normal
normal
normal
normal
normal
normal
neptune
normal
neptune
normal
portsweep
normal
satan
normal
normal
neptune
normal
neptune
normal
normal
normal
normal
neptune
neptune
neptune
normal
normal
normal
neptune
neptune
neptune
neptune
neptune
back
normal
normal
ipsweep
neptune
ipsweep
nmap
normal
neptune
normal
ipsweep
neptune
normal
normal
neptune
normal
normal
normal
normal
normal
normal
portsweep
normal
neptune
normal
normal
normal
ipsweep
normal
normal
normal
smurf
normal
normal
neptune
neptune
back
normal
normal
neptune
normal
neptune
normal
neptune
portsweep
normal
normal
normal
neptune
normal
normal
normal
normal
portsweep
neptune
normal
neptune
neptune
normal
normal
normal
normal
neptune
neptune
neptune
normal
neptune
neptune
normal
normal
neptune
neptune
normal
ipsweep
normal
normal
smurf
normal
normal
neptune
nmap
normal
ipsweep
normal
neptune
neptune
normal
normal
neptune
ipsweep
ipsweep
normal
normal
smurf
normal
normal
normal
neptune
normal
back
neptune
portsweep
ipsweep
normal
neptune
normal
normal
neptune
neptune
normal
normal
normal
smurf
nmap
normal
normal
neptune
normal
normal
normal
normal
normal
portsweep
normal
neptune
smurf
neptune
neptune
satan
neptune
normal
warezclient
neptune
neptune
neptune
normal
normal
normal
normal
normal
normal
normal
normal
neptune
normal
neptune
normal
neptune
normal
normal
normal
neptune
neptune
portsweep
normal
portsweep
neptune
neptune
neptune
neptune
neptune
neptune
normal
normal
normal
back
neptune
normal
normal
neptune
neptune
normal
neptune
neptune
neptune
neptune
normal
neptune
normal
neptune
neptune
normal
smurf
normal
neptune
neptune
normal
normal
neptune
normal
teardrop
normal
smurf
normal
neptune
normal
normal
normal
neptune
normal
normal
normal
normal
nmap
ipsweep
normal
normal
normal
ipsweep
neptune
neptune
normal
normal
satan
ipsweep
normal
portsweep
normal
normal
neptune
neptune
satan
normal
neptune
neptune
normal
neptune
normal
neptune
normal
normal
neptune
normal
normal
normal
neptune
neptune
satan
neptune
normal
neptune
normal
normal
normal
smurf
normal
teardrop
normal
satan
normal
normal
normal
normal
ipsweep
neptune
neptune
normal
neptune
normal
normal
normal
normal
normal
normal
portsweep
normal
nmap
satan
ipsweep
neptune
back
normal
normal
neptune
normal
neptune
normal
nmap
neptune
neptune
normal
neptune
neptune
neptune
normal
normal
neptune
neptune
normal
neptune
normal
normal
neptune
normal
normal
normal
normal
neptune
neptune
satan
ipsweep
neptune
neptune
satan
neptune
normal
satan
neptune
normal
normal
neptune
neptune
neptune
neptune
neptune
neptune
normal
normal
normal
normal
neptune
normal
normal
normal
normal
neptune
normal
normal
normal
neptune
normal
neptune
normal
normal
neptune
smurf
normal
neptune
normal
normal
normal
normal
normal
neptune
neptune
neptune
neptune
normal
neptune
normal
normal
neptune
smurf
neptune
neptune
portsweep
neptune
normal
neptune
neptune
neptune
smurf
normal
neptune
normal
normal
normal
ipsweep
normal
normal
neptune
neptune
normal
normal
neptune
normal
portsweep
satan
teardrop
normal
normal
normal
neptune
neptune
normal
neptune
normal
neptune
neptune
normal
warezclient
back
normal
normal
neptune
normal
neptune
portsweep
neptune
neptune
normal
buffer_overflow
normal
normal
neptune
normal
normal
normal
normal
normal
normal
normal
satan
neptune
warezclient
portsweep
neptune
normal
normal
neptune
normal
normal
normal
neptune
normal
normal
neptune
normal
normal
normal
normal
normal
neptune
neptune
normal
neptune
neptune
normal
ipsweep
satan
neptune
neptune
normal
normal
neptune
smurf
normal
normal
normal
neptune
normal
normal
neptune
ipsweep
neptune
neptune
normal
satan
normal
normal
satan
neptune
neptune
neptune
neptune
neptune
neptune
normal
normal
normal
normal
neptune
normal
neptune
neptune
neptune
neptune
neptune
ipsweep
normal
ipsweep
normal
neptune
neptune
neptune
normal
neptune
normal
portsweep
normal
neptune
neptune
normal
neptune
normal
neptune
normal
normal
neptune
normal
normal
neptune
normal
portsweep
neptune
normal
neptune
normal
teardrop
normal
neptune
normal
ipsweep
neptune
neptune
normal
normal
normal
ipsweep
neptune
neptune
normal
normal
neptune
neptune
portsweep
portsweep
neptune
neptune
neptune
ipsweep
normal
normal
normal
smurf
neptune
normal
neptune
neptune
normal
normal
normal
normal
normal
smurf
normal
normal
neptune
normal
normal
satan
normal
normal
normal
neptune
normal
normal
neptune
normal
normal
neptune
portsweep
normal
neptune
neptune
normal
neptune
neptune
neptune
normal
normal
warezclient
normal
neptune
normal
normal
normal
neptune
neptune
neptune
normal
normal
normal
neptune
neptune
normal
normal
neptune
normal
normal
normal
back
normal
neptune
normal
normal
neptune
normal
normal
ipsweep
normal
normal
neptune
neptune
neptune
normal
normal
neptune
normal
neptune
normal
normal
normal
neptune
normal
neptune
neptune
neptune
normal
normal
normal
normal
ipsweep
normal
normal
normal
normal
normal
neptune
normal
neptune
normal
normal
normal
satan
normal
normal
normal
neptune
normal
nmap
neptune
satan
normal
normal
nmap
normal
portsweep
neptune
neptune
normal
normal
neptune
normal
normal
normal
normal
neptune
normal
neptune
normal
neptune
normal
normal
neptune
normal
neptune
normal
normal
neptune
nmap
normal
normal
normal
normal
normal
normal
neptune
normal
neptune
normal
normal
neptune
neptune
neptune
satan
neptune
normal
normal
normal
normal
normal
normal
normal
normal
neptune
ipsweep
normal
neptune
normal
neptune
normal
normal
neptune
neptune
normal
neptune
neptune
normal
neptune
neptune
normal
normal
normal
normal
normal
neptune
neptune
normal
neptune
normal
neptune
normal
satan
normal
normal
neptune
normal
normal
neptune
neptune
normal
normal
normal
normal
normal
neptune
satan
normal
normal
portsweep
normal
normal
neptune
neptune
neptune
neptune
neptune
neptune
normal
normal
neptune
neptune
neptune
neptune
neptune
normal
normal
normal
neptune
normal
normal
normal
neptune
normal
normal
neptune
satan
normal
normal
neptune
normal
ipsweep
normal
normal
neptune
normal
neptune
neptune
normal
nmap
neptune
neptune
neptune
normal
normal
normal
normal
ipsweep
portsweep
neptune
neptune
normal
neptune
neptune
normal
neptune
neptune
portsweep
satan
neptune
normal
normal
normal
normal
ipsweep
normal
neptune
normal
neptune
satan
normal
normal
satan
normal
normal
neptune
ipsweep
neptune
normal
neptune
neptune
back
satan
normal
normal
normal
neptune
normal
neptune
normal
neptune
neptune
normal
neptune
neptune
normal
neptune
satan
normal
neptune
normal
normal
normal
neptune
neptune
neptune
normal
neptune
ipsweep
neptune
normal
normal
neptune
neptune
ipsweep
neptune
neptune
normal
normal
smurf
normal
satan
normal
neptune
normal
teardrop
normal
neptune
normal
back
satan
smurf
neptune
normal
neptune
neptune
normal
normal
neptune
satan
neptune
normal
normal
normal
normal
normal
normal
neptune
neptune
normal
normal
normal
normal
warezclient
normal
neptune
neptune
neptune
normal
neptune
portsweep
normal
neptune
neptune
neptune
normal
neptune
normal
neptune
ipsweep
normal
ipsweep
neptune
neptune
normal
neptune
neptune
normal
satan
neptune
normal
normal
neptune
neptune
normal
neptune
warezclient
normal
neptune
normal
neptune
normal
neptune
normal
ipsweep
normal
normal
normal
teardrop
normal
neptune
normal
normal
neptune
normal
normal
normal
normal
normal
normal
normal
normal
neptune
smurf
nmap
normal
normal
normal
neptune
normal
normal
neptune
normal
neptune
satan
normal
neptune
neptune
normal
neptune
neptune
neptune
neptune
normal
neptune
neptune
normal
normal
normal
neptune
normal
neptune
normal
neptune
normal
normal
normal
normal
neptune
normal
normal
neptune
normal
normal
normal
normal
normal
normal
normal
normal
portsweep
normal
portsweep
normal
neptune
smurf
normal
neptune
neptune
normal
normal
normal
normal
normal
normal
normal
normal
neptune
neptune
neptune
ipsweep
neptune
normal
neptune
normal
normal
normal
normal
neptune
neptune
smurf
neptune
neptune
neptune
normal
normal
normal
neptune
portsweep
portsweep
normal
normal
warezclient
normal
neptune
neptune
neptune
normal
neptune
satan
neptune
satan
normal
normal
neptune
normal
normal
normal
normal
normal
normal
nmap
neptune
neptune
back
neptune
neptune
normal
neptune
normal
normal
normal
neptune
neptune
normal
normal
neptune
neptune
neptune
normal
normal
neptune
normal
neptune
neptune
neptune
normal
neptune
teardrop
normal
neptune
smurf
normal
neptune
normal
satan
neptune
normal
normal
neptune
normal
normal
normal
normal
neptune
normal
normal
normal
portsweep
neptune
normal
neptune
neptune
neptune
neptune
normal
neptune
normal
satan
normal
neptune
neptune
normal
normal
neptune
normal
neptune
neptune
neptune
satan
normal
warezclient
normal
neptune
neptune
neptune
normal
normal
normal
smurf
normal
smurf
normal
normal
normal
neptune
normal
normal
neptune
portsweep
normal
normal
normal
normal
neptune
normal
normal
normal
normal
normal
normal
normal
neptune
neptune
neptune
smurf
normal
normal
normal
neptune
normal
neptune
normal
neptune
normal
satan
satan
normal
warezclient
neptune
teardrop
neptune
normal
warezclient
neptune
normal
neptune
neptune
neptune
neptune
satan
normal
neptune
normal
back
neptune
normal
normal
normal
normal
normal
normal
neptune
normal
normal
normal
neptune
smurf
normal
normal
neptune
normal
neptune
normal
neptune
normal
normal
neptune
normal
normal
normal
normal
normal
neptune
normal
normal
neptune
normal
portsweep
neptune
neptune
warezclient
neptune
neptune
normal
neptune
satan
normal
normal
neptune
normal
normal
neptune
neptune
neptune
neptune
neptune
satan
neptune
neptune
normal
normal
normal
satan
neptune
normal
neptune
neptune
normal
normal
neptune
normal
neptune
neptune
neptune
neptune
neptune
neptune
ipsweep
neptune
normal
normal
normal
ipsweep
normal
neptune
normal
satan
normal
portsweep
normal
ipsweep
neptune
neptune
neptune
normal
neptune
normal
normal
normal
normal
neptune
ipsweep
normal
normal
satan
neptune
ipsweep
neptune
normal
normal
normal
neptune
normal
normal
neptune
ipsweep
normal
normal
normal
normal
normal
neptune
portsweep
portsweep
normal
neptune
neptune
normal
normal
neptune
neptune
normal
neptune
normal
normal
normal
normal
normal
normal
portsweep
normal
neptune
normal
neptune
normal
neptune
neptune
nmap
normal
normal
normal
normal
normal
normal
neptune
normal
normal
normal
pod
normal
neptune
normal
normal
normal
normal
neptune
neptune
neptune
normal
normal
neptune
normal
normal
neptune
neptune
normal
normal
normal
portsweep
neptune
normal
normal
warezclient
normal
neptune
smurf
normal
normal
normal
normal
neptune
satan
neptune
normal
normal
normal
neptune
satan
nmap
normal
normal
normal
normal
normal
normal
normal
normal
normal
normal
neptune
normal
normal
normal
normal
neptune
neptune
neptune
neptune
neptune
normal
normal
neptune
normal
neptune
neptune
normal
neptune
normal
normal
normal
neptune
ipsweep
ipsweep
neptune
normal
normal
normal
neptune
normal
normal
normal
normal
neptune
normal
normal
back
normal
neptune
neptune
back
normal
normal
neptune
ipsweep
normal
neptune
neptune
normal
neptune
normal
neptune
normal
normal
normal
neptune
normal
satan
neptune
normal
normal
normal
normal
neptune
satan
normal
normal
normal
neptune
normal
neptune
normal
normal
neptune
smurf
normal
portsweep
neptune
satan
neptune
back
normal
neptune
normal
normal
portsweep
neptune
normal
normal
normal
normal
normal
normal
normal
normal
normal
normal
neptune
normal
neptune
normal
normal
normal
neptune
neptune
normal
neptune
neptune
normal
normal
neptune
normal
normal
neptune
normal
normal
normal
normal
neptune
normal
normal
neptune
normal
neptune
normal
neptune
neptune
neptune
neptune
neptune
neptune
neptune
neptune
neptune
neptune
normal
normal
normal
neptune
neptune
normal
normal
neptune
normal
normal
normal
neptune
normal
neptune
teardrop
neptune
normal
nmap
neptune
normal
normal
smurf
normal
neptune
neptune
normal
smurf
normal
neptune
normal
normal
normal
normal
satan
normal
normal
neptune
normal
neptune
normal
normal
normal
normal
normal
normal
portsweep
normal
neptune
neptune
neptune
normal
normal
normal
normal
neptune
neptune
normal
neptune
normal
neptune
satan
normal
normal
neptune
normal
normal
normal
neptune
normal
neptune
normal
normal
normal
normal
normal
normal
normal
normal
normal
neptune
normal
normal
normal
normal
normal
normal
normal
neptune
smurf
neptune
smurf
normal
neptune
normal
normal
normal
neptune
normal
normal
neptune
neptune
normal
neptune
normal
neptune
normal
neptune
normal
neptune
neptune
normal
neptune
normal
normal
smurf
neptune
normal
normal
normal
ipsweep
normal
neptune
neptune
normal
warezclient
satan
normal
neptune
normal
normal
normal
normal
normal
normal
normal
ipsweep
smurf
normal
normal
neptune
neptune
ipsweep
smurf
satan
neptune
neptune
neptune
normal
normal
neptune
neptune
neptune
neptune
neptune
normal
neptune
teardrop
neptune
normal
portsweep
normal
neptune
smurf
ipsweep
satan
ipsweep
normal
neptune
neptune
normal
normal
portsweep
normal
normal
neptune
normal
neptune
normal
neptune
neptune
normal
neptune
neptune
normal
normal
normal
neptune
ipsweep
normal
neptune
portsweep
ipsweep
normal
normal
satan
normal
normal
normal
normal
normal
normal
neptune
normal
neptune
normal
portsweep
normal
normal
satan
neptune
neptune
normal
neptune
normal
neptune
ipsweep
normal
neptune
normal
normal
neptune
normal
neptune
normal
normal
neptune
normal
portsweep
normal
neptune
neptune
neptune
normal
normal
smurf
warezclient
normal
normal
neptune
satan
normal
warezclient
ipsweep
neptune
neptune
ipsweep
neptune
normal
ipsweep
normal
neptune
normal
normal
normal
neptune
satan
normal
normal
neptune
normal
normal
normal
neptune
normal
neptune
normal
normal
normal
normal
portsweep
normal
normal
neptune
normal
normal
normal
normal
neptune
normal
normal
normal
normal
normal
neptune
neptune
neptune
satan
normal
normal
neptune
ipsweep
neptune
neptune
normal
normal
normal
satan
neptune
ipsweep
satan
smurf
neptune
neptune
normal
neptune
neptune
warezclient
neptune
normal
normal
normal
neptune
neptune
normal
neptune
neptune
normal
normal
normal
neptune
normal
neptune
normal
normal
neptune
neptune
normal
neptune
normal
neptune
neptune
ipsweep
neptune
neptune
neptune
normal
satan
neptune
normal
neptune
neptune
normal
nmap
neptune
normal
neptune
normal
neptune
teardrop
normal
normal
normal
normal
neptune
normal
nmap
neptune
ipsweep
neptune
normal
normal
normal
neptune
neptune
neptune
neptune
neptune
neptune
normal
normal
normal
normal
normal
normal
normal
normal
smurf
back
teardrop
ipsweep
neptune
normal
normal
neptune
neptune
normal
normal
nmap
nmap
normal
normal
neptune
neptune
satan
normal
neptune
normal
normal
neptune
normal
normal
neptune
normal
normal
neptune
normal
normal
neptune
normal
normal
normal
normal
neptune
normal
neptune
neptune
normal
normal
neptune
warezclient
neptune
normal
normal
normal
normal
neptune
normal
normal
normal
normal
normal
normal
neptune
normal
normal
portsweep
neptune
neptune
neptune
ipsweep
normal
normal
neptune
normal
neptune
neptune
normal
neptune
normal
neptune
normal
pod
normal
neptune
smurf
neptune
normal
neptune
normal
normal
neptune
satan
normal
nmap
normal
normal
neptune
portsweep
normal
normal
normal
neptune
normal
normal
neptune
neptune
back
normal
neptune
neptune
satan
neptune
neptune
neptune
normal
normal
normal
warezclient
normal
portsweep
neptune
portsweep
neptune
normal
neptune
normal
neptune
normal
neptune
neptune
neptune
normal
normal
normal
normal
normal
neptune
smurf
neptune
normal
teardrop
normal
neptune
portsweep
satan
normal
normal
normal
satan
satan
neptune
normal
neptune
normal
portsweep
normal
normal
neptune
neptune
satan
neptune
normal
normal
normal
ipsweep
smurf
normal
normal
neptune
normal
portsweep
neptune
neptune
normal
normal
neptune
normal
normal
normal
normal
neptune
neptune
normal
normal
normal
ipsweep
neptune
neptune
normal
normal
normal
normal
normal
normal
normal
warezclient
nmap
neptune
normal
neptune
portsweep
normal
normal
normal
normal
normal
portsweep
normal
back
normal
neptune
normal
normal
normal
neptune
neptune
neptune
neptune
neptune
neptune
neptune
ipsweep
neptune
normal
normal
normal
neptune
normal
smurf
normal
neptune
neptune
neptune
normal
neptune
normal
normal
normal
normal
normal
neptune
normal
normal
neptune
ipsweep
neptune
satan
neptune
neptune
normal
neptune
neptune
normal
neptune
normal
smurf
normal
ipsweep
normal
smurf
normal
neptune
normal
normal
neptune
normal
smurf
normal
normal
normal
neptune
normal
neptune
normal
normal
neptune
normal
normal
satan
normal
normal
ipsweep
nmap
normal
normal
normal
normal
satan
neptune
neptune
neptune
normal
neptune
normal
portsweep
back
neptune
normal
neptune
neptune
normal
normal
neptune
neptune
normal
neptune
normal
normal
neptune
normal
normal
neptune
neptune
nmap
normal
normal
normal
normal
normal
neptune
neptune
normal
neptune
normal
normal
neptune
neptune
normal
normal
portsweep
normal
normal
neptune
normal
normal
normal
neptune
normal
neptune
neptune
normal
neptune
satan
ipsweep
neptune
normal
normal
normal
neptune
normal
portsweep
neptune
ipsweep
neptune
ipsweep
normal
neptune
neptune
normal
normal
neptune
normal
neptune
normal
neptune
neptune
neptune
portsweep
normal
neptune
neptune
normal
normal
neptune
ipsweep
neptune
normal
neptune
neptune
normal
neptune
normal
normal
neptune
normal
normal
neptune
normal
normal
neptune
normal
normal
normal
smurf
normal
neptune
ipsweep
neptune
normal
neptune
normal
normal
neptune
neptune
neptune
neptune
normal
normal
normal
ipsweep
neptune
neptune
normal
back
normal
satan
smurf
normal
neptune
neptune
smurf
neptune
normal
normal
normal
normal
normal
normal
neptune
normal
neptune
neptune
normal
normal
neptune
normal
ipsweep
normal
normal
normal
normal
normal
normal
satan
neptune
normal
normal
normal
normal
normal
neptune
neptune
neptune
satan
back
neptune
ipsweep
normal
normal
normal
normal
neptune
normal
normal
portsweep
normal
neptune
satan
normal
satan
neptune
neptune
normal
normal
normal
neptune
normal
normal
neptune
neptune
normal
normal
neptune
normal
smurf
normal
ipsweep
normal
normal
normal
normal
normal
normal
normal
neptune
neptune
satan
normal
satan
warezclient
normal
neptune
normal
normal
back
neptune
normal
normal
neptune
normal
normal
nmap
normal
normal
normal
neptune
normal
neptune
neptune
normal
neptune
normal
normal
neptune
normal
normal
normal
portsweep
neptune
neptune
warezclient
normal
neptune
normal
normal
neptune
normal
ipsweep
back
normal
normal
normal
normal
normal
neptune
back
normal
neptune
neptune
normal
normal
normal
normal
normal
normal
normal
neptune
neptune
normal
normal
neptune
normal
warezclient
normal
normal
normal
portsweep
normal
normal
normal
neptune
normal
normal
neptune
normal
normal
normal
normal
neptune
neptune
normal
neptune
normal
normal
neptune
neptune
neptune
normal
neptune
normal
neptune
normal
neptune
normal
neptune
normal
normal
neptune
neptune
ipsweep
neptune
normal
normal
normal
neptune
warezclient
normal
normal
portsweep
satan
normal
normal
neptune
normal
normal
normal
portsweep
normal
ipsweep
smurf
neptune
normal
normal
neptune
smurf
normal
neptune
normal
normal
normal
neptune
neptune
normal
normal
normal
warezclient
normal
normal
normal
normal
neptune
neptune
neptune
satan
normal
normal
normal
normal
normal
normal
normal
normal
normal
neptune
normal
neptune
neptune
normal
neptune
normal
normal
neptune
normal
normal
neptune
neptune
normal
normal
neptune
neptune
normal
neptune
normal
neptune
neptune
normal
normal
normal
normal
teardrop
neptune
normal
neptune
normal
normal
neptune
normal
normal
neptune
ipsweep
normal
normal
neptune
neptune
normal
neptune
normal
normal
normal
normal
normal
normal
normal
neptune
normal
neptune
normal
normal
neptune
neptune
normal
neptune
normal
neptune
normal
satan
normal
normal
normal
normal
neptune
normal
portsweep
normal
nmap
neptune
normal
normal
neptune
smurf
normal
neptune
neptune
normal
normal
neptune
normal
normal
satan
back
neptune
normal
normal
neptune
neptune
normal
normal
neptune
neptune
normal
normal
normal
neptune
neptune
normal
neptune
normal
normal
neptune
neptune
satan
neptune
normal
normal
neptune
normal
ipsweep
satan
neptune
normal
normal
neptune
normal
normal
normal
normal
normal
neptune
neptune
ipsweep
normal
normal
normal
normal
neptune
neptune
normal
neptune
normal
satan
neptune
normal
normal
normal
neptune
satan
normal
warezclient
neptune
normal
normal
normal
normal
neptune
neptune
normal
normal
normal
neptune
neptune
neptune
normal
neptune
normal
normal
neptune
portsweep
neptune
normal
normal
normal
neptune
normal
neptune
normal
normal
neptune
satan
normal
neptune
normal
normal
neptune
normal
normal
neptune
neptune
neptune
normal
neptune
normal
neptune
normal
smurf
normal
normal
neptune
smurf
neptune
neptune
normal
neptune
satan
neptune
neptune
neptune
normal
normal
neptune
normal
normal
normal
normal
neptune
normal
neptune
normal
neptune
normal
normal
normal
normal
normal
normal
neptune
normal
ipsweep
normal
neptune
normal
normal
normal
normal
ipsweep
satan
normal
neptune
normal
neptune
normal
normal
neptune
neptune
neptune
normal
neptune
back
normal
normal
nmap
normal
normal
normal
normal
portsweep
normal
normal
normal
normal
normal
normal
normal
neptune
satan
normal
neptune
neptune
normal
ipsweep
smurf
normal
normal
normal
normal
neptune
normal
normal
neptune
normal
normal
normal
neptune
portsweep
neptune
satan
normal
normal
normal
neptune
neptune
normal
neptune
warezclient
normal
normal
neptune
neptune
neptune
normal
teardrop
normal
normal
neptune
normal
normal
normal
normal
neptune
neptune
smurf
normal
normal
portsweep
neptune
neptune
normal
neptune
portsweep
normal
normal
smurf
smurf
normal
smurf
neptune
neptune
neptune
portsweep
neptune
neptune
neptune
normal
neptune
normal
normal
neptune
normal
neptune
neptune
normal
normal
normal
normal
normal
normal
normal
back
normal
normal
normal
normal
normal
nmap
normal
normal
normal
normal
neptune
normal
normal
neptune
normal
normal
normal
normal
ipsweep
normal
normal
nmap
normal
normal
normal
normal
normal
neptune
portsweep
neptune
normal
neptune
normal
normal
normal
normal
neptune
neptune
neptune
satan
smurf
neptune
neptune
neptune
normal
normal
normal
normal
normal
normal
normal
normal
portsweep
neptune
neptune
neptune
portsweep
normal
neptune
ipsweep
normal
neptune
neptune
normal
neptune
normal
normal
neptune
normal
neptune
normal
normal
neptune
ipsweep
neptune
normal
normal
normal
neptune
back
normal
normal
normal
neptune
normal
neptune
neptune
normal
normal
normal
normal
normal
normal
normal
normal
neptune
neptune
neptune
neptune
neptune
normal
normal
neptune
normal
normal
normal
neptune
normal
neptune
portsweep
satan
normal
normal
normal
normal
neptune
ipsweep
normal
neptune
neptune
neptune
normal
normal
normal
neptune
neptune
normal
portsweep
smurf
normal
neptune
neptune
normal
normal
neptune
neptune
normal
normal
neptune
normal
normal
normal
nmap
normal
satan
ipsweep
normal
smurf
neptune
normal
neptune
neptune
normal
normal
normal
neptune
normal
neptune
normal
neptune
normal
normal
neptune
neptune
neptune
ipsweep
neptune
normal
normal
normal
normal
normal
neptune
normal
neptune
normal
normal
neptune
normal
neptune
normal
normal
neptune
satan
neptune
normal
satan
neptune
normal
neptune
normal
neptune
neptune
normal
neptune
normal
neptune
normal
satan
normal
neptune
neptune
normal
normal
normal
ipsweep
normal
normal
neptune
normal
neptune
normal
ipsweep
normal
neptune
normal
neptune
normal
neptune
neptune
satan
smurf
smurf
normal
normal
neptune
neptune
normal
normal
normal
normal
normal
normal
neptune
normal
normal
neptune
teardrop
neptune
neptune
normal
neptune
normal
neptune
normal
normal
normal
satan
neptune
normal
warezclient
normal
ipsweep
neptune
normal
neptune
normal
neptune
neptune
normal
neptune
normal
satan
normal
neptune
normal
neptune
normal
normal
neptune
normal
normal
neptune
neptune
neptune
normal
neptune
normal
normal
normal
normal
normal
normal
back
normal
neptune
neptune
normal
normal
pod
ipsweep
normal
neptune
normal
normal
normal
normal
normal
neptune
portsweep
normal
neptune
neptune
normal
normal
smurf
normal
neptune
neptune
neptune
teardrop
normal
ipsweep
normal
neptune
neptune
normal
neptune
normal
normal
neptune
normal
neptune
satan
normal
neptune
neptune
normal
neptune
neptune
normal
normal
normal
neptune
normal
smurf
neptune
normal
neptune
normal
normal
neptune
normal
neptune
satan
normal
normal
normal
normal
neptune
neptune
neptune
normal
ipsweep
portsweep
neptune
normal
neptune
back
normal
ipsweep
normal
normal
neptune
ipsweep
normal
normal
normal
normal
neptune
normal
normal
normal
neptune
neptune
normal
normal
normal
neptune
neptune
neptune
normal
normal
normal
warezclient
smurf
normal
neptune
normal
normal
ipsweep
normal
normal
neptune
normal
neptune
normal
normal
normal
normal
normal
normal
normal
normal
neptune
normal
normal
portsweep
normal
neptune
warezclient
normal
neptune
neptune
ipsweep
neptune
normal
satan
normal
normal
normal
normal
neptune
normal
normal
neptune
neptune
satan
ipsweep
neptune
neptune
ipsweep
neptune
neptune
neptune
neptune
neptune
normal
normal
normal
neptune
normal
normal
nmap
normal
neptune
normal
back
neptune
ipsweep
satan
satan
normal
normal
neptune
neptune
normal
portsweep
normal
normal
normal
normal
neptune
normal
normal
normal
neptune
neptune
normal
normal
normal
multihop
normal
normal
neptune
satan
neptune
normal
neptune
neptune
normal
smurf
portsweep
neptune
normal
nmap
portsweep
normal
normal
nmap
normal
normal
normal
warezclient
neptune
normal
neptune
normal
normal
neptune
normal
neptune
neptune
normal
neptune
neptune
normal
neptune
neptune
normal
neptune
ipsweep
neptune
normal
normal
normal
back
neptune
normal
normal
neptune
normal
teardrop
normal
neptune
ipsweep
neptune
neptune
normal
nmap
normal
normal
normal
normal
normal
normal
normal
neptune
normal
normal
neptune
neptune
neptune
neptune
normal
normal
neptune
smurf
normal
guess_passwd
normal
neptune
normal
neptune
normal
ipsweep
neptune
normal
satan
normal
normal
normal
normal
neptune
neptune
normal
neptune
normal
normal
normal
normal
pod
neptune
neptune
normal
neptune
neptune
neptune
neptune
neptune
normal
portsweep
normal
normal
portsweep
normal
normal
normal
normal
nmap
normal
satan
normal
neptune
normal
neptune
neptune
neptune
normal
normal
neptune
buffer_overflow
neptune
normal
normal
normal
neptune
normal
normal
normal
neptune
normal
normal
normal
neptune
neptune
normal
normal
teardrop
neptune
normal
normal
normal
normal
normal
ipsweep
normal
neptune
neptune
satan
normal
portsweep
neptune
normal
neptune
normal
neptune
neptune
neptune
normal
normal
normal
neptune
neptune
normal
normal
normal
normal
normal
normal
nmap
ipsweep
neptune
neptune
ipsweep
neptune
normal
normal
normal
neptune
smurf
neptune
normal
normal
normal
teardrop
neptune
normal
neptune
normal
neptune
ipsweep
neptune
smurf
neptune
normal
neptune
neptune
neptune
normal
neptune
normal
neptune
neptune
normal
ipsweep
satan
portsweep
neptune
normal
normal
normal
normal
satan
neptune
satan
normal
normal
normal
normal
normal
normal
normal
normal
normal
normal
neptune
normal
normal
normal
normal
normal
normal
neptune
normal
neptune
normal
normal
normal
smurf
normal
neptune
normal
smurf
neptune
normal
teardrop
normal
neptune
normal
normal
normal
normal
neptune
neptune
ipsweep
neptune
normal
normal
portsweep
neptune
normal
smurf
normal
back
normal
neptune
normal
normal
normal
normal
normal
normal
normal
normal
teardrop
neptune
normal
normal
neptune
normal
smurf
normal
normal
neptune
normal
neptune
normal
nmap
neptune
neptune
normal
normal
normal
normal
normal
satan
neptune
neptune
normal
warezclient
ipsweep
normal
neptune
nmap
neptune
normal
normal
normal
normal
normal
normal
neptune
normal
neptune
neptune
neptune
normal
normal
normal
normal
normal
normal
neptune
normal
normal
neptune
normal
normal
normal
teardrop
normal
normal
neptune
normal
normal
smurf
normal
normal
neptune
neptune
normal
smurf
neptune
normal
normal
neptune
normal
normal
normal
normal
normal
neptune
normal
neptune
normal
ipsweep
neptune
normal
ipsweep
normal
normal
neptune
neptune
normal
normal
neptune
neptune
normal
normal
neptune
neptune
normal
normal
neptune
satan
neptune
normal
neptune
neptune
neptune
smurf
neptune
normal
normal
normal
normal
normal
nmap
normal
normal
normal
neptune
neptune
normal
normal
normal
normal
ipsweep
neptune
normal
normal
neptune
neptune
normal
normal
normal
normal
normal
neptune
neptune
normal
normal
neptune
neptune
normal
nmap
neptune
normal
normal
neptune
normal
neptune
normal
neptune
ipsweep
normal
neptune
normal
neptune
back
portsweep
neptune
normal
normal
neptune
neptune
smurf
normal
nmap
normal
nmap
warezclient
normal
normal
normal
neptune
normal
smurf
ipsweep
ipsweep
normal
neptune
normal
neptune
neptune
neptune
normal
neptune
normal
normal
normal
neptune
neptune
normal
normal
normal
satan
normal
normal
normal
normal
neptune
neptune
neptune
normal
normal
normal
neptune
normal
neptune
normal
normal
neptune
neptune
neptune
neptune
neptune
normal
normal
neptune
normal
normal
normal
normal
normal
normal
normal
neptune
normal
neptune
normal
satan
normal
neptune
smurf
normal
neptune
normal
normal
normal
normal
normal
neptune
neptune
neptune
normal
neptune
neptune
neptune
neptune
normal
normal
normal
ipsweep
smurf
neptune
normal
normal
neptune
back
neptune
smurf
normal
satan
normal
normal
neptune
portsweep
neptune
normal
neptune
normal
neptune
satan
normal
neptune
neptune
normal
normal
neptune
normal
normal
normal
ipsweep
neptune
normal
normal
neptune
neptune
normal
normal
portsweep
neptune
smurf
satan
normal
normal
neptune
normal
neptune
normal
normal
normal
smurf
back
normal
ipsweep
neptune
neptune
neptune
neptune
neptune
normal
neptune
back
normal
normal
neptune
nmap
normal
neptune
normal
neptune
normal
normal
normal
normal
neptune
normal
neptune
smurf
back
neptune
neptune
neptune
normal
normal
normal
normal
neptune
neptune
neptune
neptune
normal
normal
neptune
neptune
satan
satan
normal
neptune
normal
normal
neptune
normal
normal
neptune
neptune
neptune
normal
portsweep
portsweep
normal
warezclient
neptune
neptune
neptune
satan
smurf
normal
normal
normal
neptune
neptune
neptune
neptune
normal
teardrop
nmap
normal
normal
normal
normal
normal
normal
neptune
nmap
neptune
neptune
neptune
neptune
neptune
neptune
neptune
normal
normal
normal
neptune
normal
normal
normal
neptune
normal
normal
normal
normal
portsweep
normal
ipsweep
normal
neptune
normal
neptune
neptune
neptune
normal
normal
normal
normal
neptune
normal
normal
normal
nmap
teardrop
portsweep
normal
neptune
normal
normal
normal
portsweep
normal
normal
neptune
neptune
normal
normal
normal
neptune
normal
neptune
normal
normal
neptune
normal
neptune
warezclient
normal
normal
normal
normal
normal
normal
normal
normal
neptune
neptune
normal
neptune
normal
normal
normal
normal
normal
neptune
normal
neptune
normal
normal
normal
neptune
normal
normal
normal
normal
neptune
neptune
ipsweep
normal
normal
normal
pod
normal
neptune
smurf
normal
normal
satan
neptune
neptune
smurf
neptune
nmap
normal
satan
normal
normal
neptune
neptune
neptune
neptune
neptune
neptune
normal
neptune
normal
normal
neptune
neptune
neptune
satan
neptune
normal
neptune
neptune
normal
neptune
neptune
smurf
neptune
neptune
neptune
normal
normal
normal
normal
neptune
normal
normal
neptune
normal
neptune
normal
normal
smurf
satan
neptune
normal
neptune
normal
normal
normal
neptune
neptune
neptune
normal
ipsweep
neptune
normal
normal
normal
normal
neptune
normal
back
neptune
portsweep
normal
normal
neptune
satan
normal
neptune
normal
smurf
neptune
normal
neptune
normal
normal
normal
neptune
neptune
normal
normal
neptune
normal
neptune
normal
normal
normal
satan
normal
normal
normal
ipsweep
ipsweep
neptune
neptune
normal
portsweep
normal
neptune
normal
neptune
normal
normal
neptune
normal
normal
neptune
neptune
neptune
neptune
normal
portsweep
normal
normal
neptune
normal
normal
normal
neptune
normal
normal
normal
portsweep
neptune
neptune
normal
normal
normal
neptune
normal
satan
neptune
neptune
normal
satan
nmap
neptune
neptune
normal
neptune
neptune
normal
normal
portsweep
satan
normal
normal
smurf
neptune
normal
normal
ipsweep
neptune
normal
normal
normal
normal
normal
normal
neptune
neptune
normal
normal
normal
normal
normal
normal
neptune
neptune
normal
normal
nmap
normal
normal
ipsweep
neptune
neptune
smurf
normal
neptune
normal
normal
normal
neptune
normal
satan
neptune
smurf
neptune
neptune
normal
neptune
normal
neptune
neptune
neptune
satan
normal
normal
neptune
neptune
normal
neptune
neptune
normal
normal
normal
neptune
normal
neptune
normal
neptune
normal
normal
portsweep
neptune
normal
normal
normal
neptune
nmap
neptune
neptune
normal
normal
normal
normal
normal
normal
neptune
normal
normal
neptune
normal
neptune
neptune
normal
normal
neptune
normal
nmap
back
normal
normal
normal
neptune
normal
normal
normal
neptune
normal
normal
neptune
portsweep
neptune
normal
neptune
ipsweep
smurf
normal
normal
normal
normal
smurf
neptune
normal
neptune
neptune
normal
neptune
normal
normal
normal
normal
normal
neptune
normal
normal
neptune
normal
ipsweep
normal
normal
neptune
normal
normal
nmap
ipsweep
portsweep
normal
normal
normal
satan
ipsweep
neptune
normal
normal
neptune
neptune
neptune
satan
neptune
neptune
neptune
normal
neptune
normal
neptune
portsweep
normal
teardrop
normal
neptune
normal
nmap
normal
normal
normal
normal
normal
neptune
neptune
neptune
neptune
normal
neptune
warezclient
normal
nmap
neptune
neptune
normal
normal
neptune
normal
normal
neptune
neptune
normal
normal
portsweep
neptune
neptune
normal
teardrop
normal
neptune
neptune
neptune
normal
normal
neptune
normal
normal
normal
neptune
normal
normal
normal
neptune
normal
normal
neptune
normal
smurf
normal
neptune
normal
normal
normal
normal
portsweep
normal
normal
neptune
normal
smurf
neptune
normal
ipsweep
normal
teardrop
normal
neptune
normal
normal
neptune
normal
normal
neptune
normal
normal
portsweep
neptune
normal
normal
neptune
normal
normal
normal
neptune
normal
normal
neptune
normal
normal
normal
normal
ipsweep
normal
neptune
normal
normal
normal
normal
normal
normal
normal
neptune
normal
neptune
normal
normal
normal
normal
neptune
normal
normal
normal
neptune
satan
normal
normal
neptune
normal
normal
satan
normal
smurf
normal
neptune
normal
neptune
normal
neptune
satan
neptune
satan
normal
neptune
normal
normal
neptune
neptune
normal
neptune
neptune
warezclient
satan
normal
neptune
neptune
normal
neptune
normal
neptune
neptune
neptune
smurf
warezmaster
neptune
satan
normal
normal
normal
normal
nmap
neptune
normal
normal
normal
normal
ipsweep
normal
normal
neptune
smurf
normal
neptune
normal
neptune
smurf
normal
neptune
neptune
normal
smurf
neptune
normal
normal
neptune
neptune
normal
normal
normal
normal
normal
neptune
neptune
normal
neptune
neptune
normal
normal
normal
normal
neptune
ipsweep
smurf
normal
normal
nmap
ipsweep
satan
normal
normal
normal
normal
normal
neptune
normal
normal
normal
guess_passwd
normal
teardrop
normal
normal
normal
neptune
normal
smurf
normal
normal
neptune
normal
normal
normal
normal
normal
normal
normal
neptune
portsweep
normal
portsweep
normal
normal
neptune
normal
normal
normal
neptune
normal
normal
neptune
neptune
normal
normal
normal
neptune
normal
normal
satan
normal
neptune
normal
ipsweep
normal
normal
satan
neptune
normal
neptune
warezclient
normal
normal
neptune
neptune
normal
neptune
neptune
normal
normal
normal
neptune
normal
normal
normal
neptune
nmap
normal
neptune
neptune
normal
portsweep
normal
normal
normal
neptune
satan
neptune
normal
normal
portsweep
portsweep
normal
normal
normal
neptune
normal
pod
portsweep
neptune
neptune
normal
neptune
normal
normal
normal
normal
normal
satan
ipsweep
neptune
normal
normal
neptune
normal
neptune
normal
ipsweep
normal
neptune
normal
normal
normal
neptune
neptune
neptune
normal
normal
teardrop
neptune
normal
neptune
normal
normal
normal
normal
neptune
neptune
normal
normal
normal
teardrop
normal
neptune
neptune
normal
normal
normal
warezclient
neptune
neptune
neptune
neptune
normal
neptune
back
neptune
neptune
normal
neptune
neptune
normal
portsweep
normal
neptune
normal
satan
normal
neptune
smurf
neptune
neptune
normal
normal
normal
normal
normal
normal
portsweep
normal
neptune
neptune
neptune
neptune
normal
neptune
neptune
normal
normal
normal
normal
normal
satan
normal
portsweep
neptune
normal
neptune
neptune
neptune
normal
neptune
normal
normal
normal
nmap
warezclient
normal
normal
normal
normal
neptune
normal
normal
normal
normal
neptune
normal
neptune
normal
neptune
neptune
neptune
normal
normal
satan
normal
normal
neptune
smurf
ipsweep
neptune
normal
normal
smurf
normal
neptune
neptune
normal
ipsweep
normal
smurf
normal
neptune
normal
normal
normal
normal
neptune
neptune
neptune
normal
normal
neptune
normal
neptune
normal
neptune
normal
normal
normal
neptune
neptune
neptune
normal
normal
neptune
neptune
neptune
normal
normal
normal
normal
neptune
ipsweep
normal
normal
normal
portsweep
neptune
normal
neptune
normal
neptune
normal
normal
neptune
portsweep
neptune
neptune
normal
normal
normal
normal
normal
normal
normal
neptune
neptune
normal
neptune
normal
neptune
normal
neptune
normal
neptune
normal
normal
normal
normal
neptune
portsweep
normal
normal
neptune
neptune
normal
smurf
neptune
neptune
normal
ipsweep
normal
neptune
normal
normal
normal
portsweep
normal
portsweep
neptune
neptune
normal
neptune
normal
neptune
normal
neptune
normal
ipsweep
normal
neptune
normal
neptune
neptune
normal
ipsweep
satan
neptune
neptune
neptune
normal
neptune
normal
normal
normal
normal
satan
portsweep
normal
normal
satan
smurf
neptune
normal
normal
normal
normal
normal
normal
neptune
normal
normal
satan
normal
portsweep
normal
normal
neptune
ipsweep
smurf
neptune
neptune
neptune
neptune
neptune
neptune
warezclient
normal
neptune
neptune
neptune
neptune
normal
neptune
normal
neptune
normal
neptune
normal
neptune
normal
normal
normal
normal
normal
normal
neptune
normal
normal
normal
neptune
normal
normal
normal
neptune
neptune
neptune
neptune
neptune
warezclient
normal
neptune
back
neptune
normal
normal
neptune
normal
back
neptune
normal
normal
neptune
ipsweep
normal
neptune
neptune
normal
normal
normal
normal
normal
neptune
normal
normal
satan
normal
neptune
normal
normal
neptune
normal
normal
neptune
ipsweep
neptune
back
normal
normal
neptune
satan
normal
normal
satan
normal
normal
neptune
ipsweep
normal
neptune
neptune
normal
normal
normal
neptune
normal
neptune
normal
neptune
normal
normal
normal
normal
neptune
normal
normal
normal
neptune
satan
teardrop
normal
normal
normal
normal
neptune
normal
neptune
neptune
neptune
normal
normal
satan
neptune
normal
normal
neptune
normal
normal
teardrop
warezclient
normal
nmap
ipsweep
normal
neptune
neptune
normal
neptune
nmap
smurf
normal
neptune
normal
neptune
normal
normal
portsweep
neptune
normal
normal
neptune
neptune
normal
neptune
neptune
normal
satan
normal
neptune
normal
normal
normal
normal
neptune
normal
normal
normal
normal
neptune
normal
neptune
normal
normal
normal
portsweep
normal
normal
normal
normal
neptune
neptune
ipsweep
normal
normal
neptune
normal
normal
normal
normal
neptune
neptune
normal
neptune
neptune
neptune
normal
normal
satan
normal
normal
smurf
satan
normal
ipsweep
normal
normal
neptune
normal
normal
neptune
neptune
neptune
normal
normal
neptune
neptune
normal
neptune
neptune
normal
neptune
normal
normal
normal
normal
neptune
neptune
satan
normal
neptune
neptune
normal
normal
normal
ipsweep
normal
normal
normal
normal
normal
normal
normal
neptune
normal
neptune
normal
neptune
normal
neptune
neptune
normal
neptune
neptune
neptune
normal
normal
normal
neptune
nmap
neptune
normal
normal
normal
normal
smurf
normal
neptune
normal
normal
smurf
neptune
neptune
normal
normal
normal
normal
normal
neptune
normal
normal
neptune
normal
normal
normal
normal
normal
neptune
nmap
normal
normal
neptune
normal
normal
normal
satan
neptune
normal
satan
normal
normal
neptune
neptune
ipsweep
neptune
normal
normal
neptune
teardrop
normal
neptune
normal
normal
normal
smurf
neptune
normal
normal
portsweep
normal
neptune
normal
normal
neptune
satan
normal
nmap
normal
normal
ipsweep
normal
neptune
neptune
normal
neptune
nmap
normal
ipsweep
normal
normal
normal
portsweep
neptune
normal
smurf
normal
neptune
warezclient
normal
neptune
neptune
normal
neptune
neptune
neptune
normal
portsweep
neptune
neptune
portsweep
neptune
neptune
neptune
neptune
normal
satan
neptune
neptune
normal
normal
normal
neptune
normal
neptune
normal
normal
neptune
normal
normal
normal
normal
normal
neptune
back
normal
neptune
normal
neptune
portsweep
neptune
ipsweep
satan
normal
neptune
normal
normal
normal
neptune
satan
normal
ipsweep
neptune
neptune
nmap
neptune
normal
normal
normal
normal
neptune
normal
normal
normal
neptune
normal
neptune
neptune
normal
normal
normal
neptune
neptune
ipsweep
normal
neptune
normal
normal
normal
neptune
normal
neptune
teardrop
normal
normal
neptune
normal
neptune
neptune
normal
neptune
normal
normal
neptune
normal
neptune
neptune
normal
normal
normal
normal
portsweep
neptune
normal
normal
normal
neptune
neptune
normal
normal
normal
neptune
neptune
neptune
normal
normal
normal
normal
neptune
normal
portsweep
normal
portsweep
neptune
neptune
teardrop
normal
normal
normal
normal
normal
normal
normal
normal
normal
normal
normal
normal
neptune
normal
normal
normal
normal
neptune
teardrop
neptune
portsweep
normal
neptune
neptune
normal
normal
neptune
neptune
neptune
normal
normal
neptune
neptune
normal
normal
normal
normal
normal
neptune
normal
normal
neptune
normal
smurf
normal
normal
neptune
neptune
neptune
normal
normal
portsweep
normal
normal
normal
normal
satan
normal
normal
normal
normal
normal
satan
neptune
normal
normal
normal
normal
satan
portsweep
normal
neptune
normal
neptune
portsweep
normal
normal
neptune
normal
neptune
smurf
normal
neptune
neptune
normal
normal
smurf
normal
neptune
normal
normal
normal
ipsweep
normal
neptune
neptune
normal
normal
normal
neptune
normal
normal
normal
portsweep
normal
normal
neptune
ipsweep
normal
normal
neptune
neptune
normal
normal
normal
smurf
normal
neptune
satan
normal
neptune
smurf
normal
normal
satan
normal
back
normal
satan
normal
normal
neptune
portsweep
neptune
normal
normal
neptune
neptune
neptune
normal
neptune
normal
neptune
neptune
normal
normal
normal
neptune
normal
normal
normal
ipsweep
ipsweep
normal
normal
neptune
normal
portsweep
back
nmap
normal
normal
normal
normal
neptune
normal
portsweep
neptune
satan
normal
portsweep
normal
normal
neptune
normal
smurf
normal
neptune
neptune
ipsweep
normal
normal
normal
normal
neptune
back
back
normal
normal
normal
ipsweep
normal
normal
neptune
satan
normal
neptune
normal
normal
normal
neptune
normal
normal
normal
normal
ipsweep
normal
normal
neptune
normal
neptune
normal
teardrop
normal
normal
normal
neptune
normal
normal
neptune
normal
neptune
normal
normal
normal
satan
normal
satan
neptune
normal
neptune
satan
smurf
normal
back
neptune
normal
neptune
normal
neptune
normal
neptune
normal
normal
normal
neptune
normal
neptune
normal
nmap
normal
neptune
normal
normal
normal
teardrop
neptune
neptune
neptune
ipsweep
normal
normal
normal
normal
neptune
normal
neptune
neptune
normal
neptune
normal
normal
neptune
normal
smurf
satan
normal
normal
normal
neptune
normal
normal
normal
normal
neptune
normal
normal
satan
normal
normal
portsweep
normal
normal
normal
normal
normal
neptune
satan
neptune
neptune
normal
normal
normal
normal
smurf
normal
back
neptune
neptune
neptune
neptune
normal
neptune
ipsweep
neptune
neptune
normal
normal
normal
smurf
neptune
normal
normal
normal
neptune
normal
neptune
neptune
neptune
portsweep
ipsweep
back
normal
normal
normal
normal
neptune
normal
neptune
normal
normal
normal
normal
normal
normal
neptune
normal
normal
neptune
normal
neptune
normal
normal
normal
normal
normal
ipsweep
neptune
normal
normal
normal
neptune
normal
neptune
normal
normal
normal
normal
normal
normal
normal
neptune
neptune
portsweep
normal
ipsweep
neptune
normal
neptune
normal
normal
neptune
normal
normal
neptune
neptune
normal
normal
neptune
neptune
normal
neptune
normal
normal
normal
normal
normal
normal
neptune
normal
neptune
portsweep
portsweep
neptune
normal
normal
nmap
normal
neptune
neptune
normal
normal
neptune
neptune
neptune
normal
normal
neptune
normal
normal
normal
normal
normal
neptune
portsweep
ipsweep
normal
neptune
normal
ipsweep
normal
normal
normal
neptune
neptune
normal
smurf
normal
normal
neptune
normal
normal
normal
neptune
neptune
neptune
neptune
normal
normal
satan
neptune
normal
normal
normal
normal
normal
normal
smurf
neptune
normal
neptune
normal
normal
normal
normal
neptune
normal
normal
normal
neptune
neptune
neptune
normal
normal
neptune
normal
normal
satan
normal
neptune
normal
normal
neptune
normal
normal
neptune
neptune
normal
neptune
neptune
ipsweep
nmap
normal
neptune
normal
normal
normal
nmap
normal
normal
neptune
normal
smurf
neptune
neptune
normal
normal
normal
satan
neptune
neptune
normal
normal
neptune
normal
neptune
neptune
normal
neptune
normal
neptune
back
neptune
neptune
normal
satan
normal
normal
normal
portsweep
neptune
normal
portsweep
ipsweep
neptune
normal
normal
neptune
normal
neptune
neptune
neptune
neptune
neptune
neptune
normal
normal
normal
normal
normal
normal
normal
normal
normal
neptune
neptune
normal
satan
neptune
normal
normal
normal
normal
portsweep
ipsweep
neptune
neptune
neptune
neptune
neptune
neptune
normal
normal
normal
smurf
portsweep
neptune
normal
neptune
neptune
neptune
normal
neptune
normal
normal
normal
neptune
neptune
normal
normal
neptune
normal
normal
neptune
neptune
neptune
smurf
normal
neptune
normal
neptune
neptune
portsweep
neptune
normal
nmap
normal
normal
normal
normal
normal
normal
neptune
neptune
normal
normal
normal
warezclient
neptune
normal
neptune
normal
neptune
neptune
normal
warezclient
normal
normal
normal
normal
normal
normal
neptune
neptune
normal
smurf
normal
normal
normal
neptune
normal
portsweep
normal
neptune
neptune
neptune
normal
neptune
neptune
normal
satan
neptune
normal
normal
normal
portsweep
ipsweep
neptune
satan
normal
normal
smurf
normal
normal
neptune
ipsweep
neptune
normal
normal
neptune
normal
neptune
normal
normal
neptune
normal
neptune
neptune
normal
neptune
normal
neptune
neptune
normal
normal
neptune
normal
neptune
satan
normal
smurf
normal
normal
normal
normal
normal
ipsweep
normal
normal
normal
normal
normal
ipsweep
normal
normal
normal
neptune
neptune
neptune
neptune
normal
normal
normal
normal
neptune
normal
normal
normal
normal
normal
normal
normal
normal
neptune
neptune
normal
neptune
normal
normal
teardrop
normal
normal
normal
neptune
normal
normal
normal
normal
normal
neptune
neptune
normal
neptune
neptune
normal
normal
neptune
neptune
normal
neptune
neptune
neptune
normal
portsweep
neptune
normal
normal
normal
neptune
neptune
normal
normal
normal
neptune
satan
normal
normal
teardrop
normal
normal
satan
normal
normal
normal
satan
neptune
normal
normal
normal
normal
neptune
normal
neptune
neptune
normal
neptune
normal
neptune
normal
normal
normal
neptune
normal
normal
normal
normal
neptune
normal
neptune
normal
neptune
normal
normal
normal
neptune
normal
normal
normal
neptune
neptune
neptune
normal
normal
normal
normal
neptune
portsweep
normal
normal
neptune
normal
normal
normal
neptune
smurf
pod
normal
normal
neptune
normal
normal
normal
normal
neptune
normal
smurf
normal
neptune
neptune
nmap
neptune
normal
normal
normal
normal
neptune
normal
normal
normal
neptune
neptune
neptune
normal
normal
neptune
normal
neptune
neptune
smurf
normal
satan
neptune
normal
neptune
normal
normal
neptune
normal
neptune
neptune
normal
normal
normal
normal
normal
normal
normal
normal
normal
neptune
ipsweep
neptune
normal
normal
normal
smurf
neptune
ipsweep
neptune
neptune
normal
normal
normal
neptune
normal
normal
portsweep
normal
neptune
normal
satan
neptune
normal
normal
normal
normal
teardrop
neptune
normal
neptune
neptune
neptune
normal
neptune
neptune
normal
neptune
neptune
normal
neptune
neptune
smurf
neptune
normal
normal
neptune
normal
neptune
normal
neptune
neptune
neptune
normal
neptune
neptune
normal
normal
normal
normal
normal
neptune
neptune
neptune
normal
normal
normal
neptune
normal
normal
neptune
normal
normal
normal
neptune
satan
neptune
normal
normal
normal
neptune
normal
normal
neptune
neptune
normal
normal
back
normal
normal
neptune
ipsweep
neptune
normal
neptune
neptune
normal
normal
neptune
normal
normal
normal
normal
neptune
normal
teardrop
normal
ipsweep
neptune
smurf
normal
normal
neptune
normal
neptune
neptune
normal
normal
satan
normal
normal
normal
normal
ipsweep
normal
neptune
normal
neptune
normal
neptune
smurf
normal
normal
normal
neptune
normal
normal
normal
neptune
normal
neptune
portsweep
smurf
normal
neptune
normal
smurf
normal
neptune
normal
normal
normal
satan
normal
nmap
neptune
neptune
normal
back
normal
normal
normal
normal
normal
neptune
normal
normal
normal
normal
normal
neptune
normal
normal
teardrop
normal
normal
neptune
normal
normal
normal
neptune
ipsweep
neptune
back
teardrop
normal
normal
normal
ipsweep
neptune
normal
nmap
normal
normal
neptune
neptune
smurf
normal
normal
neptune
neptune
pod
normal
satan
normal
neptune
neptune
neptune
normal
normal
neptune
normal
normal
neptune
neptune
neptune
normal
normal
normal
neptune
normal
neptune
neptune
normal
nmap
normal
normal
normal
normal
normal
neptune
normal
normal
normal
neptune
normal
normal
portsweep
normal
neptune
portsweep
normal
neptune
normal
neptune
normal
normal
neptune
normal
neptune
normal
neptune
portsweep
normal
neptune
normal
normal
neptune
neptune
normal
teardrop
smurf
ipsweep
ipsweep
teardrop
normal
normal
neptune
normal
portsweep
back
normal
neptune
neptune
normal
neptune
neptune
smurf
normal
normal
smurf
neptune
normal
nmap
normal
normal
neptune
neptune
normal
normal
normal
normal
normal
neptune
normal
neptune
neptune
neptune
normal
neptune
neptune
normal
normal
neptune
neptune
warezclient
normal
neptune
normal
normal
neptune
portsweep
normal
normal
nmap
ipsweep
normal
neptune
neptune
normal
warezclient
neptune
normal
neptune
normal
ipsweep
normal
neptune
normal
normal
warezmaster
portsweep
normal
normal
neptune
neptune
normal
normal
neptune
normal
normal
normal
neptune
neptune
portsweep
neptune
neptune
normal
normal
normal
normal
neptune
portsweep
normal
normal
normal
normal
normal
normal
neptune
neptune
neptune
neptune
normal
neptune
neptune
neptune
normal
normal
neptune
teardrop
normal
normal
warezclient
normal
satan
neptune
normal
neptune
normal
neptune
normal
normal
warezclient
neptune
normal
ipsweep
normal
normal
satan
normal
neptune
neptune
neptune
neptune
neptune
neptune
normal
normal
normal
normal
normal
neptune
normal
neptune
ipsweep
neptune
normal
normal
normal
normal
normal
neptune
normal
normal
neptune
neptune
neptune
teardrop
normal
normal
portsweep
normal
normal
normal
neptune
neptune
normal
portsweep
neptune
normal
normal
neptune
neptune
normal
neptune
neptune
portsweep
normal
normal
normal
normal
neptune
normal
neptune
normal
neptune
neptune
neptune
normal
normal
normal
normal
neptune
ipsweep
ipsweep
normal
normal
normal
normal
normal
normal
normal
neptune
smurf
normal
normal
normal
normal
neptune
neptune
normal
normal
neptune
satan
normal
neptune
smurf
normal
normal
neptune
normal
neptune
normal
neptune
neptune
normal
neptune
neptune
normal
portsweep
normal
normal
neptune
neptune
normal
neptune
normal
teardrop
neptune
normal
ipsweep
normal
neptune
warezclient
normal
normal
normal
normal
neptune
normal
normal
normal
normal
normal
neptune
neptune
neptune
normal
normal
normal
normal
normal
normal
normal
ipsweep
neptune
normal
normal
normal
neptune
portsweep
satan
normal
normal
normal
neptune
neptune
neptune
normal
normal
normal
neptune
neptune
ipsweep
normal
normal
normal
normal
normal
normal
normal
normal
neptune
normal
normal
normal
portsweep
normal
normal
ipsweep
back
normal
normal
neptune
normal
neptune
satan
neptune
normal
neptune
ipsweep
normal
normal
normal
satan
neptune
normal
neptune
normal
neptune
neptune
neptune
normal
normal
neptune
normal
normal
satan
normal
normal
normal
normal
portsweep
normal
normal
back
normal
normal
neptune
neptune
back
normal
normal
normal
neptune
neptune
normal
normal
neptune
normal
nmap
normal
normal
normal
portsweep
smurf
normal
neptune
neptune
neptune
portsweep
normal
satan
ipsweep
warezclient
normal
neptune
neptune
neptune
normal
neptune
normal
neptune
normal
normal
neptune
neptune
normal
neptune
normal
neptune
normal
normal
normal
normal
neptune
normal
normal
normal
warezclient
neptune
neptune
neptune
normal
normal
normal
neptune
normal
normal
satan
nmap
ipsweep
normal
neptune
neptune
neptune
normal
smurf
normal
neptune
normal
neptune
satan
normal
normal
neptune
neptune
normal
neptune
neptune
normal
normal
neptune
satan
normal
neptune
normal
ipsweep
normal
normal
normal
neptune
normal
normal
normal
normal
normal
normal
normal
neptune
neptune
normal
normal
neptune
neptune
normal
neptune
normal
normal
normal
neptune
normal
portsweep
normal
normal
normal
neptune
normal
neptune
normal
neptune
normal
smurf
neptune
neptune
neptune
neptune
normal
neptune
normal
neptune
normal
normal
normal
normal
normal
neptune
normal
neptune
normal
normal
warezclient
normal
neptune
neptune
normal
smurf
neptune
normal
neptune
normal
neptune
portsweep
neptune
normal
normal
normal
normal
normal
normal
normal
normal
normal
neptune
neptune
normal
neptune
neptune
ipsweep
satan
neptune
nmap
normal
normal
neptune
normal
smurf
normal
neptune
neptune
normal
normal
warezclient
normal
normal
smurf
normal
normal
normal
normal
normal
normal
normal
pod
neptune
normal
normal
neptune
neptune
neptune
normal
portsweep
normal
normal
normal
neptune
neptune
portsweep
normal
neptune
neptune
neptune
neptune
normal
nmap
normal
neptune
neptune
neptune
neptune
normal
normal
neptune
neptune
neptune
portsweep
nmap
neptune
neptune
normal
ipsweep
neptune
neptune
normal
smurf
satan
satan
normal
normal
neptune
normal
normal
normal
teardrop
normal
nmap
normal
normal
neptune
normal
satan
normal
normal
normal
normal
neptune
normal
neptune
neptune
normal
satan
normal
neptune
normal
normal
neptune
normal
normal
normal
normal
normal
normal
normal
normal
normal
normal
neptune
neptune
normal
back
neptune
normal
normal
neptune
neptune
neptune
normal
normal
normal
normal
neptune
neptune
portsweep
neptune
normal
normal
normal
normal
normal
neptune
normal
neptune
neptune
normal
neptune
normal
normal
neptune
neptune
normal
normal
neptune
neptune
nmap
satan
normal
normal
normal
normal
normal
normal
neptune
neptune
neptune
neptune
neptune
normal
normal
neptune
normal
normal
neptune
normal
satan
neptune
pod
ipsweep
normal
ipsweep
neptune
normal
neptune
normal
normal
normal
neptune
neptune
neptune
normal
neptune
normal
neptune
normal
portsweep
neptune
normal
normal
normal
neptune
neptune
normal
ipsweep
normal
normal
normal
normal
neptune
neptune
normal
neptune
neptune
ipsweep
normal
neptune
neptune
neptune
normal
normal
normal
neptune
normal
normal
normal
normal
neptune
warezclient
normal
normal
neptune
ipsweep
normal
normal
neptune
neptune
normal
normal
neptune
normal
neptune
normal
neptune
neptune
normal
normal
normal
normal
neptune
normal
normal
normal
neptune
normal
neptune
normal
normal
neptune
ipsweep
normal
normal
portsweep
normal
neptune
normal
normal
neptune
neptune
normal
normal
normal
normal
neptune
normal
normal
neptune
neptune
normal
neptune
neptune
normal
normal
smurf
normal
neptune
normal
normal
normal
normal
normal
normal
normal
neptune
neptune
normal
neptune
normal
neptune
normal
neptune
normal
neptune
neptune
normal
neptune
smurf
normal
normal
neptune
normal
normal
normal
neptune
normal
normal
normal
normal
neptune
normal
neptune
satan
neptune
neptune
neptune
smurf
neptune
normal
neptune
normal
normal
normal
normal
normal
neptune
normal
normal
neptune
normal
neptune
warezclient
normal
smurf
normal
normal
normal
normal
normal
normal
neptune
normal
normal
neptune
satan
normal
neptune
neptune
normal
portsweep
normal
normal
normal
normal
normal
neptune
normal
neptune
normal
normal
normal
normal
normal
normal
normal
normal
neptune
normal
neptune
neptune
normal
ipsweep
smurf
neptune
normal
normal
neptune
normal
neptune
neptune
pod
neptune
satan
normal
normal
normal
neptune
neptune
normal
normal
warezclient
satan
normal
neptune
normal
neptune
neptune
normal
normal
warezclient
normal
nmap
normal
neptune
normal
normal
neptune
normal
normal
normal
normal
neptune
normal
normal
nmap
teardrop
normal
neptune
ipsweep
normal
portsweep
normal
normal
satan
portsweep
neptune
neptune
normal
normal
normal
normal
neptune
normal
neptune
normal
normal
normal
neptune
neptune
neptune
satan
normal
portsweep
normal
neptune
normal
normal
normal
neptune
normal
normal
neptune
ipsweep
normal
normal
normal
normal
neptune
normal
neptune
ipsweep
normal
neptune
normal
normal
normal
normal
normal
neptune
normal
normal
normal
normal
normal
normal
normal
nmap
neptune
normal
neptune
normal
portsweep
normal
neptune
normal
normal
neptune
normal
normal
normal
neptune
normal
normal
normal
normal
normal
normal
normal
normal
neptune
normal
normal
normal
normal
normal
nmap
neptune
normal
normal
normal
neptune
normal
normal
normal
neptune
neptune
normal
satan
normal
neptune
neptune
normal
normal
neptune
normal
normal
normal
normal
normal
portsweep
normal
neptune
neptune
normal
normal
normal
neptune
neptune
normal
satan
normal
normal
neptune
neptune
smurf
neptune
normal
neptune
normal
smurf
neptune
normal
normal
normal
normal
neptune
normal
neptune
neptune
nmap
normal
nmap
portsweep
back
normal
normal
normal
neptune
normal
normal
normal
neptune
normal
normal
normal
normal
normal
neptune
neptune
normal
normal
ipsweep
neptune
pod
normal
normal
neptune
nmap
normal
normal
neptune
normal
teardrop
neptune
normal
normal
neptune
normal
neptune
neptune
normal
normal
normal
neptune
normal
normal
neptune
normal
normal
normal
normal
neptune
neptune
normal
neptune
neptune
neptune
neptune
normal
normal
normal
neptune
neptune
normal
normal
normal
ipsweep
normal
ipsweep
normal
normal
normal
normal
neptune
normal
normal
normal
normal
normal
normal
satan
normal
normal
normal
ipsweep
normal
normal
normal
neptune
normal
neptune
normal
normal
normal
normal
neptune
normal
normal
normal
normal
normal
neptune
neptune
teardrop
satan
neptune
normal
normal
normal
normal
normal
neptune
neptune
normal
normal
normal
normal
neptune
normal
warezclient
neptune
normal
neptune
normal
teardrop
neptune
neptune
normal
normal
normal
normal
neptune
neptune
normal
normal
normal
normal
neptune
normal
smurf
neptune
normal
normal
normal
neptune
normal
normal
normal
portsweep
neptune
normal
normal
neptune
normal
satan
warezclient
normal
normal
neptune
neptune
satan
normal
neptune
normal
nmap
normal
normal
normal
teardrop
neptune
normal
normal
normal
normal
normal
normal
normal
neptune
normal
normal
normal
neptune
normal
ipsweep
normal
normal
neptune
ipsweep
neptune
warezclient
neptune
normal
normal
normal
neptune
normal
neptune
normal
neptune
satan
neptune
neptune
satan
neptune
normal
portsweep
normal
neptune
neptune
normal
normal
normal
normal
neptune
neptune
normal
warezclient
normal
neptune
normal
neptune
normal
normal
smurf
normal
normal
neptune
normal
normal
pod
neptune
ipsweep
neptune
normal
normal
normal
satan
normal
normal
smurf
neptune
portsweep
neptune
normal
neptune
portsweep
normal
normal
neptune
satan
normal
satan
neptune
normal
neptune
normal
normal
normal
neptune
normal
neptune
satan
normal
normal
ipsweep
warezclient
normal
neptune
neptune
neptune
ipsweep
neptune
neptune
normal
normal
normal
neptune
normal
neptune
normal
normal
neptune
neptune
neptune
neptune
normal
neptune
neptune
neptune
normal
normal
normal
neptune
normal
normal
portsweep
normal
portsweep
ipsweep
normal
neptune
neptune
neptune
normal
normal
neptune
neptune
neptune
portsweep
normal
warezclient
normal
neptune
normal
normal
neptune
normal
warezclient
normal
neptune
normal
neptune
neptune
neptune
ipsweep
satan
satan
neptune
normal
normal
normal
neptune
satan
normal
normal
normal
normal
normal
normal
normal
satan
normal
normal
neptune
normal
normal
neptune
normal
normal
normal
normal
neptune
normal
neptune
satan
normal
normal
normal
normal
neptune
normal
normal
normal
neptune
neptune
normal
normal
neptune
normal
neptune
neptune
neptune
satan
normal
normal
normal
normal
normal
normal
normal
normal
neptune
normal
normal
normal
normal
neptune
neptune
neptune
neptune
neptune
back
neptune
normal
normal
neptune
neptune
neptune
normal
normal
neptune
normal
neptune
neptune
normal
normal
normal
normal
normal
normal
normal
normal
neptune
normal
normal
neptune
normal
neptune
normal
neptune
normal
ipsweep
ipsweep
satan
neptune
normal
normal
neptune
normal
normal
normal
normal
neptune
normal
normal
neptune
normal
normal
normal
neptune
normal
neptune
neptune
normal
neptune
neptune
normal
normal
normal
neptune
neptune
neptune
normal
warezclient
normal
normal
ipsweep
neptune
normal
normal
neptune
normal
normal
normal
neptune
neptune
neptune
neptune
neptune
neptune
normal
normal
satan
neptune
normal
satan
normal
neptune
normal
normal
normal
normal
neptune
portsweep
neptune
nmap
normal
portsweep
neptune
neptune
normal
normal
neptune
neptune
normal
neptune
normal
normal
normal
normal
normal
smurf
portsweep
nmap
normal
normal
satan
normal
ipsweep
normal
normal
normal
warezclient
neptune
normal
neptune
normal
neptune
smurf
normal
normal
normal
normal
normal
normal
ipsweep
neptune
normal
neptune
normal
normal
normal
normal
normal
normal
normal
satan
normal
normal
normal
normal
normal
normal
neptune
normal
normal
neptune
normal
normal
normal
normal
normal
neptune
normal
normal
neptune
normal
normal
normal
ipsweep
smurf
neptune
neptune
neptune
normal
satan
neptune
normal
neptune
normal
normal
neptune
satan
normal
neptune
neptune
normal
neptune
teardrop
normal
normal
normal
normal
normal
normal
neptune
normal
neptune
neptune
normal
normal
normal
normal
neptune
neptune
neptune
normal
neptune
normal
neptune
normal
neptune
neptune
normal
neptune
normal
normal
normal
satan
normal
normal
normal
normal
normal
neptune
neptune
normal
normal
normal
normal
normal
neptune
normal
normal
neptune
normal
satan
normal
satan
normal
neptune
neptune
neptune
nmap
neptune
normal
normal
normal
normal
normal
neptune
nmap
normal
normal
warezclient
normal
neptune
normal
normal
normal
ipsweep
neptune
neptune
normal
neptune
normal
neptune
normal
neptune
ipsweep
normal
neptune
ipsweep
normal
pod
neptune
normal
neptune
back
back
guess_passwd
normal
normal
neptune
normal
neptune
normal
neptune
neptune
normal
neptune
normal
normal
normal
normal
neptune
neptune
normal
normal
normal
ipsweep
neptune
normal
normal
normal
neptune
neptune
normal
normal
normal
normal
normal
normal
normal
neptune
normal
normal
normal
normal
neptune
normal
normal
normal
normal
nmap
normal
normal
normal
normal
satan
normal
normal
neptune
neptune
ipsweep
neptune
neptune
normal
normal
normal
normal
normal
neptune
neptune
neptune
normal
neptune
neptune
neptune
neptune
normal
neptune
normal
normal
normal
smurf
neptune
neptune
normal
normal
satan
neptune
neptune
neptune
normal
neptune
neptune
normal
neptune
normal
neptune
portsweep
smurf
nmap
neptune
normal
neptune
neptune
normal
neptune
normal
normal
neptune
normal
neptune
normal
normal
neptune
normal
neptune
neptune
warezclient
normal
back
normal
neptune
neptune
normal
normal
neptune
neptune
warezclient
normal
portsweep
neptune
normal
smurf
ipsweep
normal
neptune
normal
normal
neptune
normal
neptune
normal
normal
neptune
ipsweep
normal
normal
nmap
smurf
normal
neptune
normal
normal
normal
normal
normal
normal
neptune
normal
neptune
portsweep
neptune
ipsweep
normal
portsweep
normal
neptune
normal
normal
normal
normal
normal
ipsweep
portsweep
normal
normal
normal
normal
normal
neptune
normal
normal
normal
normal
normal
ipsweep
neptune
normal
normal
neptune
satan
normal
normal
normal
neptune
normal
portsweep
neptune
normal
normal
neptune
neptune
portsweep
normal
neptune
normal
normal
neptune
normal
neptune
normal
normal
normal
normal
nmap
normal
normal
normal
normal
neptune
normal
neptune
normal
satan
nmap
nmap
normal
normal
normal
neptune
portsweep
normal
normal
normal
neptune
satan
neptune
neptune
satan
neptune
portsweep
normal
normal
neptune
portsweep
normal
normal
smurf
neptune
neptune
normal
neptune
ipsweep
normal
normal
normal
normal
normal
ipsweep
normal
normal
neptune
normal
neptune
neptune
neptune
neptune
portsweep
normal
neptune
neptune
normal
normal
nmap
neptune
normal
nmap
normal
neptune
neptune
normal
normal
normal
normal
normal
normal
normal
satan
neptune
neptune
normal
normal
satan
neptune
normal
smurf
neptune
normal
normal
normal
smurf
normal
normal
neptune
normal
normal
neptune
neptune
neptune
neptune
back
normal
normal
normal
neptune
normal
normal
normal
neptune
neptune
normal
neptune
normal
neptune
normal
normal
normal
normal
neptune
neptune
normal
ipsweep
normal
neptune
normal
normal
normal
normal
normal
normal
normal
normal
teardrop
neptune
normal
neptune
neptune
normal
normal
normal
neptune
neptune
smurf
neptune
normal
normal
ipsweep
normal
normal
normal
neptune
normal
normal
back
normal
neptune
neptune
normal
neptune
neptune
normal
neptune
ipsweep
normal
normal
normal
neptune
normal
normal
normal
normal
neptune
normal
normal
portsweep
normal
neptune
neptune
normal
neptune
normal
normal
normal
neptune
normal
normal
neptune
normal
neptune
normal
neptune
normal
neptune
normal
normal
neptune
normal
neptune
normal
normal
teardrop
normal
ipsweep
normal
normal
neptune
portsweep
neptune
satan
normal
ipsweep
normal
neptune
satan
normal
normal
normal
neptune
neptune
normal
warezclient
normal
smurf
normal
warezclient
normal
normal
normal
normal
portsweep
neptune
neptune
smurf
normal
ipsweep
ipsweep
neptune
neptune
normal
normal
normal
neptune
neptune
satan
neptune
normal
normal
normal
neptune
nmap
neptune
neptune
neptune
normal
normal
neptune
neptune
neptune
normal
back
neptune
normal
smurf
normal
neptune
normal
normal
normal
normal
normal
neptune
normal
normal
normal
neptune
neptune
neptune
smurf
normal
neptune
normal
ipsweep
normal
teardrop
neptune
neptune
normal
normal
normal
neptune
normal
neptune
neptune
satan
neptune
teardrop
normal
normal
ipsweep
neptune
neptune
normal
normal
normal
neptune
neptune
normal
satan
neptune
normal
neptune
normal
normal
normal
normal
neptune
neptune
normal
portsweep
normal
normal
normal
neptune
neptune
normal
nmap
neptune
neptune
ipsweep
smurf
neptune
neptune
neptune
satan
neptune
neptune
normal
normal
normal
neptune
neptune
neptune
normal
normal
neptune
neptune
neptune
neptune
normal
normal
normal
normal
normal
normal
normal
portsweep
normal
neptune
normal
neptune
neptune
satan
neptune
normal
back
normal
smurf
normal
neptune
neptune
normal
normal
neptune
portsweep
neptune
neptune
neptune
normal
neptune
ipsweep
normal
neptune
portsweep
normal
neptune
normal
portsweep
normal
normal
back
normal
neptune
normal
portsweep
normal
normal
normal
normal
normal
neptune
portsweep
neptune
normal
normal
neptune
neptune
satan
back
nmap
neptune
normal
normal
neptune
neptune
normal
normal
normal
normal
normal
normal
normal
neptune
normal
normal
neptune
normal
neptune
neptune
normal
ipsweep
smurf
neptune
normal
normal
normal
neptune
normal
neptune
neptune
normal
normal
normal
satan
neptune
normal
normal
neptune
normal
neptune
neptune
normal
normal
normal
satan
normal
normal
neptune
normal
neptune
neptune
normal
normal
neptune
neptune
normal
nmap
ipsweep
normal
normal
neptune
normal
normal
normal
normal
normal
normal
normal
neptune
normal
normal
neptune
smurf
neptune
ipsweep
neptune
normal
neptune
neptune
normal
normal
satan
portsweep
neptune
normal
neptune
satan
neptune
normal
normal
normal
neptune
normal
neptune
normal
neptune
normal
normal
neptune
normal
normal
guess_passwd
normal
neptune
neptune
satan
normal
neptune
normal
neptune
smurf
normal
normal
normal
neptune
normal
normal
normal
smurf
normal
warezclient
neptune
normal
normal
normal
ipsweep
normal
normal
normal
normal
normal
neptune
neptune
smurf
neptune
normal
normal
normal
normal
neptune
back
normal
portsweep
satan
normal
normal
neptune
normal
normal
neptune
neptune
neptune
neptune
normal
normal
neptune
normal
neptune
normal
neptune
normal
normal
normal
portsweep
normal
normal
normal
ipsweep
neptune
normal
normal
satan
neptune
normal
normal
neptune
normal
normal
normal
normal
normal
neptune
normal
neptune
neptune
neptune
neptune
neptune
neptune
normal
neptune
neptune
normal
normal
normal
neptune
nmap
neptune
portsweep
normal
neptune
normal
satan
neptune
normal
normal
neptune
ipsweep
normal
normal
neptune
neptune
normal
neptune
normal
normal
neptune
portsweep
neptune
ipsweep
neptune
satan
neptune
smurf
neptune
back
neptune
normal
normal
neptune
neptune
ipsweep
smurf
neptune
neptune
normal
normal
normal
neptune
normal
neptune
normal
normal
neptune
ipsweep
smurf
normal
normal
normal
normal
normal
neptune
neptune
neptune
normal
normal
normal
normal
satan
normal
ipsweep
neptune
normal
normal
back
normal
neptune
smurf
neptune
normal
normal
neptune
portsweep
neptune
normal
normal
neptune
normal
normal
normal
neptune
normal
normal
normal
neptune
normal
neptune
normal
normal
smurf
satan
neptune
neptune
satan
neptune
normal
satan
normal
satan
pod
ipsweep
normal
neptune
neptune
normal
neptune
neptune
neptune
normal
normal
satan
normal
normal
normal
satan
neptune
normal
normal
normal
normal
satan
normal
neptune
warezclient
back
neptune
neptune
normal
neptune
normal
normal
smurf
normal
normal
satan
normal
neptune
normal
normal
portsweep
satan
normal
normal
normal
neptune
normal
neptune
normal
normal
satan
neptune
back
neptune
normal
normal
normal
normal
neptune
normal
neptune
normal
normal
neptune
satan
normal
normal
normal
normal
normal
neptune
normal
normal
neptune
normal
normal
normal
normal
normal
neptune
neptune
normal
normal
teardrop
neptune
normal
normal
normal
neptune
neptune
normal
normal
normal
neptune
normal
normal
satan
neptune
neptune
neptune
neptune
neptune
normal
portsweep
normal
neptune
portsweep
smurf
neptune
normal
normal
normal
normal
normal
normal
normal
normal
ipsweep
portsweep
neptune
neptune
normal
neptune
satan
neptune
normal
normal
normal
neptune
neptune
portsweep
normal
normal
normal
normal
ipsweep
neptune
normal
neptune
normal
normal
neptune
normal
normal
satan
satan
normal
neptune
normal
ipsweep
neptune
satan
normal
normal
normal
neptune
normal
smurf
neptune
neptune
normal
neptune
neptune
neptune
neptune
normal
normal
normal
normal
normal
warezclient
normal
normal
normal
normal
neptune
normal
neptune
portsweep
normal
normal
normal
normal
normal
neptune
neptune
neptune
normal
neptune
satan
portsweep
normal
neptune
normal
normal
neptune
neptune
neptune
neptune
normal
neptune
normal
normal
neptune
portsweep
normal
neptune
neptune
normal
normal
normal
portsweep
normal
neptune
normal
neptune
normal
smurf
normal
normal
neptune
normal
normal
neptune
neptune
normal
normal
normal
normal
neptune
normal
normal
normal
normal
normal
normal
nmap
normal
normal
normal
normal
normal
normal
normal
normal
normal
normal
normal
neptune
normal
neptune
nmap
smurf
neptune
ipsweep
neptune
neptune
neptune
normal
normal
normal
portsweep
normal
normal
normal
neptune
normal
normal
normal
neptune
neptune
normal
normal
normal
neptune
portsweep
neptune
normal
neptune
normal
neptune
normal
normal
normal
neptune
neptune
nmap
normal
neptune
teardrop
normal
normal
normal
normal
normal
normal
normal
normal
normal
neptune
normal
normal
normal
nmap
normal
normal
normal
normal
normal
normal
normal
normal
normal
normal
normal
normal
normal
normal
portsweep
normal
nmap
normal
neptune
normal
normal
normal
neptune
normal
normal
smurf
neptune
normal
neptune
normal
neptune
neptune
normal
portsweep
normal
portsweep
normal
normal
neptune
neptune
normal
normal
neptune
normal
neptune
normal
neptune
neptune
neptune
ipsweep
normal
normal
normal
satan
normal
normal
normal
neptune
normal
warezclient
normal
normal
normal
normal
nmap
normal
warezclient
normal
normal
neptune
normal
normal
neptune
neptune
ipsweep
normal
neptune
neptune
normal
neptune
buffer_overflow
normal
normal
neptune
neptune
warezclient
normal
normal
normal
normal
normal
normal
neptune
normal
warezclient
normal
neptune
normal
normal
normal
neptune
neptune
normal
normal
normal
normal
normal
normal
normal
nmap
neptune
normal
normal
satan
normal
ipsweep
normal
normal
normal
neptune
normal
normal
normal
warezclient
neptune
normal
normal
neptune
neptune
neptune
normal
normal
warezclient
neptune
normal
neptune
neptune
normal
neptune
neptune
normal
neptune
normal
neptune
neptune
neptune
neptune
warezclient
normal
neptune
smurf
normal
normal
neptune
normal
neptune
smurf
normal
smurf
neptune
neptune
satan
neptune
neptune
normal
normal
normal
neptune
neptune
normal
smurf
neptune
normal
neptune
normal
normal
normal
warezclient
normal
neptune
normal
normal
normal
nmap
normal
portsweep
normal
normal
normal
smurf
normal
normal
normal
normal
normal
neptune
normal
normal
neptune
neptune
neptune
satan
normal
neptune
smurf
neptune
normal
normal
normal
neptune
back
warezclient
neptune
neptune
normal
neptune
normal
normal
neptune
normal
normal
neptune
neptune
neptune
normal
normal
smurf
normal
normal
neptune
normal
normal
neptune
normal
portsweep
neptune
neptune
normal
neptune
neptune
ipsweep
neptune
satan
normal
neptune
normal
normal
satan
normal
neptune
normal
neptune
neptune
neptune
normal
normal
normal
normal
normal
neptune
normal
neptune
normal
normal
neptune
nmap
normal
neptune
normal
normal
neptune
neptune
normal
normal
neptune
normal
neptune
neptune
neptune
neptune
normal
nmap
normal
neptune
neptune
normal
normal
normal
normal
neptune
neptune
neptune
normal
normal
neptune
normal
neptune
normal
normal
normal
neptune
ipsweep
neptune
ipsweep
neptune
normal
neptune
normal
normal
neptune
normal
normal
normal
normal
normal
neptune
normal
normal
normal
normal
normal
normal
normal
normal
normal
normal
normal
neptune
portsweep
neptune
normal
normal
normal
neptune
normal
normal
normal
normal
neptune
normal
neptune
normal
portsweep
normal
normal
neptune
smurf
neptune
normal
normal
normal
neptune
neptune
normal
warezclient
neptune
normal
neptune
normal
normal
normal
neptune
neptune
satan
normal
normal
normal
normal
neptune
normal
normal
neptune
normal
neptune
ipsweep
neptune
back
normal
normal
normal
normal
portsweep
neptune
normal
normal
normal
normal
neptune
neptune
normal
normal
smurf
normal
normal
neptune
normal
neptune
normal
normal
neptune
neptune
normal
normal
normal
neptune
neptune
normal
normal
neptune
normal
normal
neptune
satan
neptune
neptune
normal
neptune
normal
neptune
neptune
neptune
normal
teardrop
normal
neptune
warezclient
neptune
neptune
normal
neptune
ipsweep
neptune
neptune
normal
neptune
neptune
normal
normal
neptune
normal
neptune
normal
ipsweep
neptune
neptune
normal
normal
neptune
neptune
neptune
neptune
portsweep
normal
normal
neptune
normal
portsweep
normal
normal
ipsweep
normal
neptune
neptune
neptune
normal
normal
normal
neptune
neptune
normal
normal
neptune
normal
neptune
neptune
neptune
neptune
neptune
neptune
neptune
normal
teardrop
nmap
normal
neptune
neptune
smurf
normal
neptune
normal
neptune
neptune
normal
normal
ipsweep
normal
neptune
normal
normal
normal
neptune
ipsweep
normal
neptune
neptune
neptune
neptune
normal
normal
normal
normal
neptune
normal
neptune
normal
normal
normal
neptune
normal
neptune
neptune
normal
neptune
normal
normal
normal
normal
normal
normal
portsweep
normal
normal
normal
normal
normal
normal
neptune
normal
normal
normal
normal
normal
neptune
neptune
smurf
normal
normal
normal
neptune
normal
neptune
normal
normal
normal
normal
normal
normal
normal
normal
normal
neptune
neptune
normal
warezclient
normal
normal
neptune
neptune
neptune
normal
portsweep
normal
normal
satan
normal
normal
neptune
normal
normal
portsweep
normal
normal
normal
normal
normal
normal
neptune
normal
normal
normal
neptune
neptune
neptune
normal
normal
normal
normal
normal
neptune
ipsweep
normal
neptune
portsweep
portsweep
neptune
normal
normal
neptune
portsweep
neptune
neptune
normal
normal
normal
neptune
neptune
normal
neptune
normal
neptune
rootkit
neptune
smurf
neptune
normal
satan
normal
neptune
normal
normal
normal
normal
normal
normal
normal
normal
normal
satan
neptune
neptune
normal
normal
normal
portsweep
neptune
neptune
neptune
normal
normal
normal
normal
neptune
normal
neptune
neptune
neptune
normal
normal
normal
normal
normal
neptune
neptune
portsweep
normal
normal
neptune
normal
normal
normal
neptune
neptune
neptune
neptune
neptune
neptune
neptune
normal
neptune
neptune
normal
neptune
neptune
smurf
neptune
neptune
neptune
normal
neptune
normal
normal
normal
neptune
ipsweep
normal
neptune
normal
normal
satan
normal
ipsweep
normal
neptune
neptune
normal
neptune
normal
normal
normal
normal
ipsweep
portsweep
normal
normal
neptune
normal
normal
neptune
neptune
neptune
neptune
normal
neptune
normal
normal
normal
normal
normal
normal
normal
neptune
portsweep
neptune
neptune
neptune
normal
satan
normal
ipsweep
normal
normal
neptune
normal
neptune
normal
normal
portsweep
normal
normal
normal
normal
normal
neptune
normal
normal
neptune
normal
portsweep
normal
normal
normal
normal
normal
normal
neptune
normal
normal
normal
neptune
smurf
normal
ipsweep
normal
normal
normal
normal
normal
neptune
normal
neptune
normal
normal
normal
neptune
neptune
ipsweep
normal
normal
neptune
neptune
neptune
normal
smurf
normal
normal
normal
normal
normal
normal
neptune
neptune
normal
normal
normal
neptune
normal
neptune
neptune
normal
normal
portsweep
portsweep
normal
portsweep
ipsweep
normal
neptune
ipsweep
satan
normal
neptune
neptune
smurf
normal
satan
neptune
neptune
neptune
normal
neptune
normal
normal
normal
normal
normal
normal
neptune
back
normal
normal
normal
normal
normal
normal
normal
neptune
normal
normal
neptune
normal
normal
normal
neptune
normal
neptune
normal
neptune
normal
neptune
neptune
neptune
smurf
normal
neptune
normal
normal
normal
satan
normal
normal
portsweep
normal
portsweep
portsweep
neptune
normal
satan
neptune
normal
normal
neptune
normal
normal
neptune
normal
normal
neptune
normal
neptune
neptune
neptune
satan
normal
normal
normal
normal
normal
normal
normal
neptune
satan
neptune
satan
normal
neptune
neptune
back
normal
normal
neptune
normal
neptune
normal
neptune
normal
neptune
neptune
normal
normal
neptune
ipsweep
normal
neptune
normal
neptune
normal
normal
neptune
normal
normal
normal
normal
neptune
normal
normal
neptune
neptune
normal
normal
ipsweep
normal
warezclient
normal
ipsweep
neptune
neptune
normal
normal
neptune
normal
normal
neptune
neptune
normal
ipsweep
normal
nmap
normal
normal
normal
normal
neptune
ipsweep
normal
neptune
neptune
neptune
neptune
satan
normal
neptune
normal
normal
normal
normal
normal
normal
neptune
ipsweep
normal
neptune
normal
neptune
normal
smurf
neptune
neptune
normal
normal
neptune
neptune
normal
normal
neptune
normal
normal
normal
normal
neptune
normal
back
normal
normal
satan
normal
neptune
neptune
neptune
normal
normal
normal
nmap
neptune
normal
normal
normal
neptune
normal
normal
neptune
neptune
normal
normal
normal
neptune
neptune
neptune
neptune
normal
neptune
neptune
normal
normal
normal
neptune
normal
normal
neptune
neptune
smurf
smurf
neptune
satan
neptune
neptune
normal
neptune
neptune
ipsweep
neptune
neptune
normal
neptune
neptune
neptune
neptune
normal
normal
neptune
normal
neptune
neptune
neptune
normal
normal
normal
neptune
smurf
warezclient
normal
normal
neptune
normal
normal
normal
normal
nmap
neptune
normal
neptune
neptune
normal
normal
normal
ipsweep
normal
neptune
normal
normal
normal
nmap
normal
normal
normal
normal
neptune
normal
neptune
normal
normal
neptune
normal
portsweep
normal
normal
neptune
normal
neptune
neptune
normal
normal
normal
normal
nmap
normal
normal
smurf
warezclient
normal
neptune
normal
normal
normal
ipsweep
normal
neptune
normal
nmap
normal
ipsweep
neptune
portsweep
normal
normal
normal
neptune
normal
normal
neptune
normal
neptune
normal
normal
pod
neptune
normal
normal
normal
normal
neptune
smurf
normal
normal
normal
ipsweep
normal
neptune
normal
neptune
normal
normal
normal
neptune
neptune
neptune
normal
normal
normal
neptune
neptune
normal
ipsweep
normal
normal
normal
normal
neptune
neptune
neptune
portsweep
normal
ipsweep
normal
normal
neptune
normal
neptune
neptune
ipsweep
normal
normal
neptune
normal
neptune
neptune
normal
normal
neptune
normal
normal
normal
neptune
normal
normal
normal
neptune
normal
normal
nmap
neptune
neptune
normal
normal
ipsweep
normal
neptune
neptune
teardrop
neptune
normal
nmap
neptune
neptune
ipsweep
normal
normal
teardrop
normal
normal
normal
neptune
normal
normal
portsweep
normal
satan
normal
neptune
neptune
neptune
normal
neptune
normal
pod
neptune
neptune
normal
neptune
normal
neptune
normal
warezclient
normal
neptune
neptune
normal
neptune
normal
normal
neptune
neptune
normal
normal
normal
neptune
normal
normal
satan
neptune
portsweep
neptune
neptune
neptune
normal
satan
normal
back
satan
smurf
neptune
normal
normal
normal
normal
normal
normal
normal
neptune
normal
normal
normal
neptune
neptune
neptune
neptune
normal
neptune
neptune
normal
nmap
normal
neptune
normal
normal
portsweep
neptune
neptune
neptune
normal
normal
neptune
ipsweep
normal
neptune
normal
neptune
normal
neptune
teardrop
normal
neptune
neptune
normal
normal
neptune
normal
normal
normal
neptune
normal
neptune
neptune
normal
normal
normal
normal
normal
neptune
back
neptune
warezclient
neptune
normal
neptune
normal
neptune
normal
normal
normal
neptune
normal
neptune
normal
ipsweep
neptune
neptune
neptune
normal
portsweep
normal
neptune
normal
neptune
neptune
normal
neptune
portsweep
normal
normal
normal
normal
neptune
teardrop
neptune
normal
normal
normal
ipsweep
ipsweep
normal
neptune
normal
satan
teardrop
normal
neptune
normal
neptune
neptune
neptune
normal
normal
neptune
normal
neptune
normal
normal
normal
neptune
normal
normal
portsweep
smurf
portsweep
normal
neptune
neptune
normal
normal
neptune
normal
normal
neptune
neptune
portsweep
satan
satan
normal
normal
normal
neptune
neptune
warezclient
portsweep
neptune
normal
normal
neptune
neptune
neptune
normal
neptune
neptune
neptune
neptune
neptune
normal
neptune
normal
normal
portsweep
normal
neptune
normal
normal
normal
normal
neptune
normal
neptune
neptune
normal
satan
normal
neptune
portsweep
neptune
neptune
neptune
neptune
neptune
normal
satan
neptune
normal
neptune
neptune
ipsweep
normal
neptune
normal
neptune
neptune
normal
normal
normal
neptune
neptune
normal
normal
normal
normal
neptune
normal
normal
neptune
portsweep
normal
portsweep
neptune
normal
neptune
neptune
neptune
neptune
normal
normal
normal
back
normal
neptune
portsweep
normal
normal
normal
normal
normal
satan
warezclient
portsweep
back
normal
normal
neptune
normal
satan
normal
normal
normal
normal
portsweep
normal
normal
normal
neptune
satan
neptune
neptune
satan
normal
neptune
normal
neptune
normal
neptune
normal
normal
normal
neptune
neptune
nmap
neptune
normal
neptune
normal
normal
satan
normal
normal
neptune
portsweep
normal
neptune
normal
neptune
neptune
neptune
normal
guess_passwd
neptune
normal
neptune
normal
neptune
neptune
neptune
normal
normal
neptune
normal
neptune
neptune
normal
normal
portsweep
normal
portsweep
normal
neptune
neptune
neptune
normal
neptune
normal
smurf
normal
normal
normal
normal
normal
normal
neptune
neptune
normal
normal
neptune
neptune
normal
neptune
neptune
neptune
normal
neptune
normal
normal
normal
normal
normal
normal
normal
neptune
neptune
neptune
normal
normal
normal
normal
neptune
neptune
normal
normal
normal
neptune
normal
normal
normal
normal
normal
normal
normal
neptune
normal
normal
neptune
normal
neptune
normal
neptune
normal
normal
neptune
normal
normal
normal
normal
normal
normal
normal
satan
normal
portsweep
satan
neptune
normal
neptune
normal
neptune
normal
normal
normal
neptune
neptune
neptune
portsweep
neptune
normal
normal
normal
neptune
normal
normal
normal
normal
neptune
neptune
normal
nmap
normal
normal
satan
normal
normal
normal
normal
neptune
ipsweep
normal
neptune
neptune
neptune
smurf
neptune
normal
normal
normal
neptune
neptune
neptune
neptune
neptune
neptune
neptune
normal
normal
smurf
normal
ipsweep
neptune
neptune
neptune
neptune
normal
normal
normal
normal
smurf
neptune
normal
neptune
neptune
ipsweep
neptune
neptune
neptune
normal
neptune
neptune
normal
neptune
normal
normal
neptune
normal
normal
normal
normal
normal
neptune
neptune
normal
normal
normal
normal
normal
normal
normal
normal
normal
neptune
normal
normal
neptune
normal
normal
normal
satan
normal
normal
neptune
neptune
normal
normal
neptune
normal
normal
normal
normal
normal
normal
neptune
neptune
neptune
neptune
neptune
normal
neptune
neptune
normal
neptune
neptune
normal
normal
portsweep
normal
normal
normal
normal
neptune
neptune
satan
normal
neptune
normal
normal
normal
ipsweep
normal
normal
normal
normal
neptune
normal
normal
smurf
normal
portsweep
ipsweep
neptune
normal
teardrop
normal
normal
normal
neptune
neptune
normal
neptune
neptune
ipsweep
normal
neptune
normal
normal
normal
normal
normal
normal
normal
neptune
neptune
normal
normal
nmap
normal
neptune
nmap
satan
neptune
normal
normal
normal
normal
neptune
neptune
smurf
satan
normal
normal
normal
normal
normal
satan
normal
neptune
normal
neptune
neptune
normal
neptune
normal
neptune
normal
normal
normal
neptune
normal
neptune
normal
teardrop
neptune
normal
normal
neptune
normal
normal
normal
normal
neptune
ipsweep
neptune
normal
neptune
normal
neptune
neptune
normal
neptune
neptune
satan
normal
neptune
neptune
normal
satan
satan
neptune
normal
ipsweep
smurf
satan
neptune
normal
neptune
normal
nmap
neptune
normal
satan
neptune
normal
normal
satan
normal
neptune
portsweep
neptune
neptune
normal
neptune
neptune
neptune
neptune
normal
neptune
neptune
neptune
normal
normal
normal
neptune
normal
neptune
normal
neptune
satan
normal
normal
normal
normal
neptune
portsweep
neptune
neptune
normal
normal
satan
neptune
neptune
normal
normal
neptune
normal
ipsweep
normal
neptune
normal
neptune
satan
normal
normal
normal
neptune
normal
teardrop
neptune
ipsweep
normal
normal
neptune
neptune
normal
normal
normal
neptune
neptune
neptune
normal
neptune
normal
neptune
normal
normal
normal
ipsweep
neptune
smurf
normal
normal
normal
normal
warezclient
neptune
normal
neptune
normal
normal
neptune
neptune
neptune
neptune
neptune
normal
ipsweep
neptune
neptune
portsweep
normal
normal
normal
satan
normal
normal
neptune
neptune
normal
normal
ipsweep
neptune
neptune
neptune
neptune
normal
normal
normal
normal
neptune
normal
neptune
normal
neptune
neptune
neptune
neptune
normal
normal
normal
neptune
normal
neptune
neptune
satan
nmap
normal
back
neptune
portsweep
normal
neptune
neptune
neptune
neptune
neptune
normal
satan
normal
normal
normal
smurf
satan
portsweep
neptune
neptune
normal
neptune
normal
normal
normal
ipsweep
satan
ipsweep
normal
neptune
normal
normal
normal
normal
normal
neptune
normal
neptune
neptune
neptune
normal
neptune
normal
normal
normal
normal
satan
neptune
normal
normal
normal
normal
normal
normal
normal
neptune
normal
normal
normal
normal
normal
normal
neptune
normal
neptune
normal
neptune
normal
normal
normal
normal
satan
normal
neptune
neptune
normal
neptune
normal
normal
neptune
normal
normal
land
normal
ipsweep
satan
normal
normal
neptune
neptune
neptune
normal
normal
normal
normal
ipsweep
normal
normal
satan
portsweep
neptune
neptune
neptune
normal
normal
normal
normal
normal
neptune
normal
neptune
neptune
neptune
normal
normal
portsweep
neptune
smurf
normal
normal
ipsweep
normal
portsweep
normal
normal
normal
neptune
neptune
satan
neptune
normal
neptune
normal
pod
normal
neptune
neptune
neptune
normal
nmap
neptune
normal
neptune
neptune
normal
neptune
normal
normal
normal
neptune
neptune
teardrop
normal
nmap
normal
normal
normal
neptune
normal
neptune
normal
normal
normal
normal
normal
normal
normal
neptune
normal
neptune
neptune
normal
neptune
neptune
normal
neptune
normal
normal
neptune
nmap
portsweep
normal
normal
normal
normal
neptune
normal
normal
neptune
neptune
normal
neptune
normal
neptune
normal
ipsweep
neptune
neptune
normal
neptune
back
normal
neptune
neptune
satan
normal
normal
neptune
neptune
neptune
back
normal
satan
neptune
normal
normal
normal
neptune
normal
normal
neptune
normal
neptune
normal
normal
normal
normal
normal
normal
normal
neptune
neptune
normal
normal
normal
neptune
neptune
normal
normal
neptune
normal
neptune
normal
neptune
neptune
normal
neptune
satan
satan
normal
neptune
normal
normal
normal
normal
normal
normal
normal
satan
neptune
normal
normal
normal
normal
neptune
neptune
normal
normal
normal
normal
normal
normal
neptune
neptune
neptune
normal
normal
warezclient
portsweep
neptune
neptune
neptune
normal
ipsweep
neptune
neptune
neptune
neptune
neptune
normal
normal
neptune
normal
neptune
normal
neptune
normal
normal
neptune
neptune
normal
neptune
portsweep
neptune
neptune
normal
normal
ipsweep
normal
normal
neptune
normal
normal
normal
ipsweep
normal
neptune
neptune
normal
teardrop
neptune
normal
neptune
normal
normal
normal
neptune
normal
normal
normal
neptune
normal
normal
normal
satan
normal
neptune
normal
portsweep
neptune
normal
neptune
neptune
neptune
normal
normal
ipsweep
normal
normal
normal
normal
neptune
normal
neptune
normal
neptune
neptune
normal
normal
neptune
normal
neptune
neptune
neptune
neptune
normal
normal
nmap
neptune
normal
normal
normal
normal
normal
neptune
portsweep
normal
neptune
neptune
neptune
neptune
normal
warezclient
normal
normal
normal
neptune
neptune
ipsweep
neptune
normal
normal
neptune
neptune
satan
nmap
neptune
normal
normal
normal
neptune
normal
normal
normal
normal
satan
normal
normal
neptune
neptune
normal
neptune
ipsweep
smurf
normal
normal
normal
neptune
ipsweep
neptune
satan
normal
neptune
normal
normal
satan
ipsweep
normal
neptune
normal
normal
neptune
smurf
normal
normal
normal
neptune
normal
normal
normal
satan
normal
normal
normal
neptune
ipsweep
normal
neptune
normal
normal
normal
normal
normal
normal
normal
ipsweep
neptune
normal
normal
normal
normal
neptune
satan
neptune
normal
normal
neptune
neptune
neptune
portsweep
neptune
normal
neptune
neptune
normal
smurf
neptune
normal
neptune
neptune
normal
teardrop
portsweep
satan
normal
normal
warezclient
normal
satan
neptune
neptune
back
normal
normal
ipsweep
normal
normal
neptune
smurf
normal
normal
normal
normal
normal
normal
normal
normal
ipsweep
normal
neptune
normal
normal
neptune
neptune
neptune
normal
normal
ipsweep
neptune
normal
ipsweep
normal
normal
neptune
normal
portsweep
normal
normal
normal
normal
back
neptune
normal
normal
normal
normal
neptune
nmap
normal
portsweep
neptune
neptune
normal
normal
normal
normal
normal
neptune
normal
neptune
neptune
normal
neptune
normal
neptune
normal
neptune
neptune
neptune
neptune
neptune
neptune
normal
satan
normal
normal
warezclient
neptune
neptune
neptune
neptune
normal
neptune
neptune
normal
normal
neptune
neptune
normal
neptune
normal
neptune
normal
neptune
neptune
neptune
neptune
normal
nmap
normal
neptune
ipsweep
normal
neptune
normal
neptune
normal
neptune
normal
neptune
normal
portsweep
normal
neptune
neptune
neptune
neptune
normal
neptune
normal
normal
normal
neptune
neptune
neptune
portsweep
neptune
ipsweep
neptune
ipsweep
neptune
normal
normal
satan
normal
neptune
normal
normal
normal
nmap
neptune
neptune
normal
neptune
ipsweep
neptune
ipsweep
neptune
neptune
normal
neptune
neptune
normal
normal
back
neptune
normal
normal
normal
warezclient
nmap
normal
normal
neptune
normal
satan
normal
normal
normal
neptune
normal
neptune
normal
neptune
normal
normal
neptune
normal
normal
normal
normal
normal
normal
ipsweep
smurf
neptune
neptune
smurf
neptune
normal
normal
neptune
neptune
normal
normal
normal
portsweep
neptune
normal
neptune
normal
neptune
normal
normal
satan
neptune
satan
neptune
normal
normal
normal
neptune
normal
warezclient
normal
neptune
neptune
neptune
neptune
normal
normal
normal
smurf
normal
neptune
smurf
neptune
portsweep
neptune
normal
normal
normal
normal
neptune
normal
normal
normal
normal
warezclient
normal
normal
normal
normal
neptune
neptune
normal
neptune
normal
normal
normal
neptune
satan
normal
normal
neptune
normal
normal
smurf
normal
normal
normal
normal
normal
normal
normal
normal
satan
neptune
nmap
normal
normal
normal
neptune
normal
normal
warezclient
normal
neptune
normal
normal
normal
ipsweep
neptune
normal
neptune
normal
neptune
normal
neptune
normal
normal
neptune
normal
normal
neptune
nmap
normal
normal
neptune
normal
normal
normal
normal
neptune
neptune
normal
portsweep
normal
normal
neptune
neptune
pod
normal
neptune
normal
neptune
normal
back
neptune
normal
neptune
normal
normal
neptune
normal
normal
normal
neptune
normal
normal
neptune
normal
ipsweep
neptune
back
normal
normal
neptune
normal
normal
neptune
neptune
normal
neptune
normal
normal
normal
normal
normal
normal
neptune
satan
neptune
normal
normal
normal
neptune
neptune
normal
normal
normal
normal
normal
neptune
portsweep
normal
normal
normal
normal
normal
normal
neptune
neptune
normal
satan
normal
normal
ipsweep
ipsweep
normal
normal
neptune
neptune
normal
normal
normal
neptune
neptune
neptune
ipsweep
normal
normal
neptune
portsweep
normal
normal
normal
neptune
normal
ipsweep
neptune
neptune
ipsweep
normal
normal
normal
neptune
normal
neptune
smurf
normal
normal
neptune
neptune
normal
neptune
neptune
normal
normal
neptune
neptune
normal
normal
neptune
normal
neptune
normal
normal
neptune
neptune
neptune
normal
neptune
nmap
neptune
neptune
neptune
teardrop
normal
normal
normal
normal
normal
neptune
satan
portsweep
normal
back
normal
normal
normal
normal
satan
neptune
neptune
neptune
neptune
neptune
normal
neptune
normal
normal
smurf
normal
normal
neptune
normal
neptune
normal
normal
normal
nmap
normal
normal
ipsweep
normal
neptune
normal
normal
normal
neptune
normal
normal
normal
normal
back
neptune
back
normal
portsweep
normal
normal
neptune
neptune
normal
normal
ipsweep
neptune
neptune
normal
normal
normal
neptune
smurf
neptune
warezclient
neptune
normal
normal
neptune
ipsweep
normal
nmap
portsweep
normal
ipsweep
satan
normal
normal
satan
normal
neptune
nmap
smurf
normal
neptune
normal
normal
normal
warezclient
ipsweep
neptune
normal
normal
neptune
neptune
neptune
neptune
normal
smurf
normal
normal
neptune
neptune
normal
warezclient
normal
neptune
neptune
normal
neptune
normal
neptune
neptune
normal
neptune
normal
normal
neptune
normal
normal
normal
neptune
normal
satan
normal
normal
normal
neptune
neptune
neptune
ipsweep
normal
neptune
neptune
normal
neptune
normal
normal
normal
neptune
portsweep
neptune
neptune
neptune
normal
normal
normal
normal
normal
normal
ipsweep
normal
neptune
normal
normal
neptune
neptune
neptune
normal
neptune
normal
satan
neptune
neptune
back
neptune
normal
ipsweep
normal
satan
portsweep
neptune
smurf
normal
smurf
neptune
neptune
normal
neptune
neptune
normal
normal
normal
normal
neptune
normal
normal
normal
normal
normal
neptune
normal
normal
normal
neptune
neptune
neptune
ipsweep
teardrop
normal
neptune
normal
normal
neptune
normal
normal
normal
smurf
satan
neptune
neptune
neptune
normal
normal
normal
neptune
satan
back
neptune
neptune
neptune
neptune
normal
normal
normal
normal
smurf
normal
normal
normal
neptune
neptune
satan
neptune
normal
teardrop
pod
normal
ipsweep
normal
normal
normal
normal
normal
normal
normal
normal
neptune
normal
normal
normal
neptune
neptune
neptune
neptune
satan
normal
normal
normal
normal
neptune
normal
neptune
neptune
neptune
satan
neptune
neptune
normal
neptune
neptune
neptune
normal
neptune
neptune
neptune
normal
neptune
normal
neptune
neptune
neptune
ipsweep
normal
neptune
normal
normal
neptune
normal
neptune
neptune
smurf
neptune
satan
normal
neptune
neptune
normal
neptune
neptune
normal
normal
normal
back
normal
neptune
ipsweep
neptune
smurf
neptune
satan
neptune
normal
satan
normal
normal
normal
normal
normal
normal
normal
neptune
neptune
normal
normal
neptune
ipsweep
normal
smurf
normal
normal
neptune
ipsweep
neptune
normal
normal
normal
neptune
neptune
normal
neptune
neptune
satan
neptune
normal
neptune
normal
smurf
normal
normal
smurf
smurf
neptune
neptune
neptune
warezclient
normal
normal
normal
neptune
neptune
normal
normal
neptune
smurf
normal
satan
neptune
normal
normal
normal
normal
ipsweep
neptune
normal
normal
portsweep
normal
neptune
normal
neptune
warezclient
neptune
warezclient
neptune
neptune
ipsweep
normal
normal
ipsweep
normal
neptune
normal
normal
neptune
normal
normal
normal
ipsweep
normal
normal
neptune
normal
normal
normal
neptune
normal
ipsweep
teardrop
neptune
neptune
normal
neptune
neptune
normal
neptune
normal
normal
satan
neptune
satan
normal
neptune
neptune
neptune
normal
normal
neptune
neptune
normal
satan
normal
normal
normal
normal
normal
neptune
normal
normal
normal
neptune
neptune
normal
normal
ipsweep
neptune
neptune
neptune
normal
normal
normal
smurf
normal
neptune
normal
neptune
neptune
neptune
normal
back
neptune
normal
neptune
neptune
neptune
normal
normal
neptune
normal
normal
neptune
neptune
normal
neptune
smurf
neptune
normal
normal
normal
satan
neptune
normal
normal
normal
neptune
normal
neptune
neptune
normal
portsweep
back
neptune
normal
normal
normal
neptune
ipsweep
neptune
normal
neptune
normal
neptune
normal
normal
normal
normal
portsweep
normal
neptune
neptune
normal
normal
smurf
normal
ipsweep
normal
normal
normal
neptune
normal
normal
normal
normal
normal
neptune
neptune
normal
neptune
ipsweep
neptune
normal
neptune
normal
neptune
normal
normal
normal
normal
neptune
normal
neptune
neptune
normal
neptune
normal
normal
normal
neptune
normal
normal
neptune
neptune
satan
normal
normal
normal
normal
normal
neptune
nmap
neptune
neptune
neptune
neptune
normal
neptune
normal
neptune
neptune
neptune
normal
nmap
neptune
ipsweep
neptune
satan
neptune
normal
neptune
neptune
neptune
neptune
neptune
normal
normal
neptune
normal
back
normal
normal
normal
back
neptune
warezmaster
normal
normal
neptune
ipsweep
normal
normal
normal
neptune
normal
neptune
neptune
neptune
neptune
normal
normal
teardrop
normal
neptune
normal
neptune
normal
normal
normal
ipsweep
neptune
neptune
neptune
neptune
normal
normal
normal
neptune
normal
neptune
back
neptune
normal
normal
normal
neptune
normal
normal
normal
neptune
neptune
neptune
neptune
normal
normal
normal
back
portsweep
normal
normal
normal
satan
normal
neptune
normal
normal
smurf
neptune
neptune
neptune
normal
neptune
neptune
smurf
normal
neptune
warezmaster
normal
normal
normal
neptune
neptune
normal
normal
normal
normal
normal
portsweep
satan
neptune
neptune
neptune
neptune
normal
neptune
neptune
normal
neptune
neptune
normal
neptune
normal
normal
normal
neptune
neptune
normal
portsweep
neptune
neptune
smurf
neptune
nmap
normal
normal
normal
neptune
normal
normal
neptune
satan
normal
normal
back
normal
smurf
neptune
neptune
normal
neptune
normal
neptune
neptune
normal
neptune
nmap
nmap
normal
neptune
normal
neptune
normal
neptune
neptune
neptune
satan
normal
normal
neptune
normal
normal
neptune
normal
normal
normal
teardrop
portsweep
normal
neptune
normal
normal
neptune
normal
nmap
neptune
normal
normal
normal
normal
neptune
neptune
normal
normal
normal
normal
normal
neptune
neptune
normal
neptune
normal
normal
normal
normal
neptune
normal
normal
neptune
neptune
neptune
normal
normal
normal
normal
normal
nmap
neptune
neptune
normal
normal
normal
smurf
neptune
neptune
smurf
normal
ipsweep
normal
portsweep
neptune
normal
neptune
normal
normal
normal
satan
normal
portsweep
normal
normal
neptune
normal
normal
normal
normal
neptune
neptune
normal
neptune
neptune
neptune
neptune
neptune
warezclient
normal
neptune
satan
normal
neptune
ipsweep
neptune
neptune
normal
neptune
normal
satan
satan
normal
nmap
satan
normal
smurf
neptune
satan
normal
neptune
normal
normal
neptune
neptune
neptune
warezclient
neptune
normal
neptune
portsweep
back
normal
ipsweep
normal
normal
normal
neptune
normal
normal
normal
normal
neptune
normal
normal
normal
normal
normal
normal
portsweep
normal
portsweep
neptune
normal
neptune
neptune
portsweep
normal
neptune
ipsweep
normal
normal
normal
normal
normal
neptune
normal
normal
nmap
neptune
neptune
normal
nmap
neptune
smurf
normal
normal
normal
normal
satan
normal
neptune
normal
normal
normal
normal
neptune
neptune
neptune
neptune
normal
portsweep
normal
satan
pod
normal
neptune
normal
neptune
neptune
neptune
normal
normal
normal
normal
portsweep
normal
neptune
neptune
smurf
normal
normal
satan
normal
normal
neptune
satan
normal
normal
smurf
neptune
normal
normal
normal
normal
neptune
normal
neptune
normal
neptune
neptune
nmap
neptune
smurf
neptune
normal
neptune
normal
normal
normal
neptune
normal
normal
normal
normal
normal
normal
normal
neptune
normal
normal
neptune
neptune
normal
portsweep
warezclient
satan
normal
normal
neptune
neptune
normal
neptune
normal
neptune
normal
nmap
smurf
neptune
ipsweep
satan
normal
normal
normal
neptune
neptune
portsweep
neptune
neptune
neptune
normal
normal
normal
normal
neptune
smurf
normal
normal
normal
normal
neptune
ipsweep
normal
neptune
normal
normal
normal
normal
normal
normal
normal
neptune
normal
nmap
normal
normal
normal
normal
neptune
neptune
normal
portsweep
normal
normal
ipsweep
satan
teardrop
normal
neptune
normal
normal
neptune
normal
neptune
neptune
neptune
neptune
normal
normal
neptune
neptune
normal
normal
normal
normal
normal
neptune
ipsweep
normal
normal
neptune
neptune
neptune
normal
neptune
normal
neptune
neptune
neptune
neptune
smurf
normal
normal
normal
nmap
neptune
normal
neptune
normal
neptune
normal
normal
normal
neptune
normal
neptune
normal
smurf
normal
normal
normal
normal
normal
normal
neptune
neptune
normal
normal
neptune
normal
normal
neptune
ipsweep
normal
neptune
normal
normal
normal
normal
normal
neptune
neptune
neptune
neptune
normal
neptune
normal
normal
neptune
neptune
normal
neptune
normal
neptune
normal
normal
normal
neptune
normal
ipsweep
neptune
neptune
normal
normal
normal
normal
neptune
normal
normal
neptune
warezclient
satan
normal
normal
normal
normal
neptune
normal
normal
normal
normal
normal
neptune
neptune
normal
satan
neptune
smurf
neptune
normal
neptune
neptune
normal
neptune
neptune
normal
neptune
normal
neptune
portsweep
neptune
portsweep
neptune
normal
normal
neptune
neptune
neptune
neptune
normal
neptune
normal
normal
normal
normal
normal
neptune
normal
neptune
normal
smurf
normal
normal
satan
normal
normal
neptune
normal
normal
normal
normal
normal
neptune
normal
neptune
ipsweep
neptune
normal
neptune
normal
normal
normal
normal
normal
neptune
smurf
neptune
normal
nmap
rootkit
neptune
neptune
neptune
normal
normal
normal
normal
neptune
normal
normal
normal
normal
normal
normal
normal
pod
normal
normal
normal
normal
normal
normal
normal
normal
neptune
neptune
neptune
neptune
normal
normal
normal
normal
normal
neptune
ipsweep
normal
satan
normal
normal
normal
normal
normal
normal
normal
normal
normal
ipsweep
back
normal
normal
normal
normal
normal
normal
normal
neptune
neptune
normal
normal
neptune
normal
normal
normal
neptune
neptune
normal
normal
neptune
normal
neptune
satan
normal
normal
ipsweep
normal
normal
normal
normal
normal
normal
normal
normal
satan
normal
normal
neptune
neptune
neptune
neptune
normal
normal
normal
normal
neptune
normal
normal
back
portsweep
normal
neptune
normal
normal
normal
normal
neptune
neptune
normal
neptune
normal
neptune
normal
neptune
normal
neptune
normal
normal
neptune
smurf
normal
neptune
satan
normal
neptune
normal
normal
warezclient
neptune
ipsweep
ipsweep
normal
neptune
normal
normal
normal
neptune
normal
normal
normal
neptune
neptune
normal
normal
normal
neptune
smurf
normal
normal
normal
neptune
normal
normal
neptune
neptune
neptune
normal
neptune
normal
normal
satan
normal
neptune
normal
normal
normal
normal
normal
normal
normal
normal
normal
neptune
neptune
normal
normal
neptune
neptune
normal
normal
normal
normal
ipsweep
smurf
normal
neptune
neptune
neptune
neptune
normal
normal
normal
neptune
neptune
neptune
portsweep
normal
normal
neptune
neptune
normal
neptune
normal
normal
normal
normal
normal
normal
normal
normal
normal
neptune
normal
neptune
normal
normal
normal
neptune
normal
normal
portsweep
neptune
normal
neptune
normal
normal
neptune
neptune
normal
warezclient
normal
satan
normal
normal
neptune
normal
normal
normal
normal
normal
normal
neptune
neptune
normal
normal
normal
normal
neptune
neptune
neptune
neptune
normal
neptune
normal
normal
normal
neptune
normal
back
neptune
neptune
neptune
normal
normal
normal
normal
smurf
portsweep
neptune
neptune
normal
normal
normal
neptune
normal
neptune
ipsweep
neptune
normal
normal
normal
neptune
normal
normal
normal
normal
normal
neptune
neptune
neptune
normal
normal
normal
normal
neptune
neptune
neptune
normal
portsweep
normal
neptune
normal
normal
neptune
ipsweep
neptune
neptune
normal
normal
normal
normal
neptune
normal
neptune
neptune
smurf
neptune
normal
neptune
neptune
normal
satan
normal
normal
ipsweep
portsweep
neptune
normal
portsweep
normal
normal
normal
nmap
neptune
portsweep
smurf
neptune
normal
normal
normal
normal
normal
ipsweep
neptune
neptune
neptune
normal
normal
neptune
normal
neptune
normal
neptune
normal
normal
normal
ipsweep
neptune
neptune
neptune
neptune
neptune
neptune
portsweep
normal
normal
normal
neptune
neptune
normal
neptune
neptune
neptune
neptune
normal
neptune
smurf
neptune
normal
normal
neptune
normal
neptune
neptune
normal
normal
normal
neptune
normal
normal
portsweep
normal
normal
normal
nmap
neptune
neptune
normal
neptune
normal
neptune
normal
normal
neptune
satan
back
neptune
neptune
normal
normal
normal
neptune
portsweep
neptune
normal
normal
neptune
ipsweep
neptune
neptune
smurf
neptune
neptune
normal
neptune
neptune
neptune
normal
normal
normal
normal
normal
neptune
normal
neptune
neptune
neptune
normal
normal
normal
normal
normal
normal
normal
normal
normal
normal
normal
normal
neptune
normal
normal
normal
normal
neptune
normal
smurf
normal
normal
nmap
normal
ipsweep
normal
normal
normal
neptune
normal
normal
portsweep
neptune
back
normal
normal
normal
normal
normal
neptune
neptune
neptune
neptune
neptune
normal
normal
normal
normal
normal
smurf
normal
normal
normal
normal
ipsweep
normal
neptune
normal
normal
normal
normal
back
normal
neptune
normal
normal
neptune
normal
normal
neptune
neptune
normal
normal
normal
neptune
normal
satan
normal
normal
neptune
neptune
neptune
normal
smurf
neptune
normal
neptune
normal
satan
neptune
normal
normal
normal
normal
normal
neptune
normal
neptune
satan
neptune
normal
normal
neptune
neptune
warezclient
normal
neptune
normal
normal
normal
normal
ipsweep
neptune
neptune
normal
neptune
normal
neptune
normal
normal
normal
satan
ipsweep
neptune
neptune
neptune
normal
nmap
normal
normal
normal
normal
neptune
normal
neptune
normal
normal
neptune
normal
normal
normal
neptune
back
normal
neptune
normal
normal
neptune
ipsweep
normal
neptune
smurf
normal
neptune
neptune
neptune
normal
back
portsweep
neptune
ipsweep
normal
normal
normal
normal
normal
normal
neptune
normal
neptune
normal
normal
normal
normal
neptune
smurf
normal
normal
normal
neptune
neptune
normal
normal
normal
neptune
normal
normal
neptune
normal
neptune
neptune
normal
portsweep
neptune
normal
normal
normal
neptune
neptune
warezclient
neptune
normal
normal
neptune
normal
normal
normal
neptune
normal
normal
normal
portsweep
neptune
normal
normal
normal
normal
normal
neptune
normal
normal
normal
normal
normal
normal
normal
normal
neptune
normal
normal
neptune
warezclient
normal
normal
normal
neptune
neptune
normal
neptune
normal
neptune
normal
normal
normal
normal
neptune
normal
normal
normal
neptune
normal
neptune
nmap
normal
neptune
normal
ipsweep
neptune
satan
neptune
normal
neptune
normal
neptune
normal
neptune
normal
normal
neptune
normal
ipsweep
neptune
normal
normal
neptune
normal
normal
normal
neptune
neptune
satan
normal
normal
normal
neptune
neptune
normal
warezclient
normal
neptune
normal
normal
satan
normal
normal
neptune
neptune
neptune
normal
neptune
normal
neptune
neptune
neptune
normal
normal
neptune
neptune
normal
normal
normal
normal
normal
normal
nmap
neptune
back
neptune
satan
normal
normal
normal
neptune
normal
neptune
neptune
normal
normal
neptune
normal
normal
normal
neptune
nmap
normal
normal
normal
normal
normal
normal
neptune
neptune
pod
neptune
neptune
normal
neptune
normal
neptune
neptune
ipsweep
portsweep
nmap
neptune
normal
normal
neptune
normal
normal
smurf
neptune
normal
normal
normal
normal
normal
normal
normal
neptune
normal
neptune
neptune
normal
normal
normal
normal
normal
neptune
normal
smurf
normal
normal
neptune
normal
normal
ipsweep
normal
normal
normal
normal
neptune
normal
neptune
normal
neptune
ipsweep
normal
normal
normal
normal
normal
neptune
ipsweep
normal
neptune
neptune
normal
normal
normal
neptune
neptune
neptune
satan
smurf
normal
smurf
normal
neptune
neptune
normal
normal
normal
normal
neptune
normal
normal
normal
normal
normal
normal
smurf
neptune
normal
warezclient
normal
loadmodule
normal
neptune
portsweep
neptune
neptune
ipsweep
normal
normal
teardrop
neptune
normal
normal
neptune
normal
normal
normal
normal
normal
normal
back
normal
normal
normal
normal
smurf
neptune
satan
neptune
smurf
normal
normal
neptune
ipsweep
normal
normal
normal
normal
neptune
normal
normal
back
neptune
normal
neptune
neptune
normal
normal
normal
normal
neptune
ipsweep
normal
normal
normal
normal
smurf
normal
normal
normal
neptune
normal
neptune
back
ipsweep
normal
smurf
normal
smurf
neptune
normal
neptune
satan
ipsweep
normal
normal
neptune
neptune
back
satan
normal
neptune
normal
neptune
neptune
neptune
normal
normal
neptune
neptune
neptune
ipsweep
portsweep
normal
teardrop
normal
neptune
neptune
neptune
normal
normal
normal
neptune
neptune
normal
normal
normal
normal
neptune
normal
normal
neptune
neptune
neptune
normal
neptune
normal
normal
normal
normal
normal
neptune
ipsweep
normal
neptune
normal
normal
normal
normal
neptune
neptune
neptune
nmap
normal
satan
ipsweep
neptune
neptune
neptune
normal
normal
normal
neptune
normal
neptune
satan
normal
normal
neptune
neptune
normal
neptune
neptune
neptune
normal
neptune
satan
normal
normal
normal
nmap
normal
normal
neptune
smurf
neptune
normal
neptune
neptune
neptune
neptune
neptune
normal
portsweep
neptune
normal
neptune
neptune
normal
neptune
normal
back
normal
neptune
satan
portsweep
normal
neptune
normal
normal
normal
normal
neptune
neptune
neptune
normal
ipsweep
normal
neptune
portsweep
normal
normal
normal
neptune
neptune
neptune
portsweep
normal
portsweep
ipsweep
normal
normal
normal
normal
neptune
normal
normal
normal
normal
normal
normal
smurf
warezclient
normal
normal
neptune
normal
normal
neptune
normal
neptune
neptune
neptune
neptune
normal
neptune
normal
satan
normal
normal
warezclient
neptune
neptune
normal
ipsweep
normal
normal
neptune
portsweep
nmap
ipsweep
neptune
neptune
warezclient
normal
normal
normal
normal
satan
neptune
normal
normal
normal
normal
neptune
normal
neptune
portsweep
neptune
neptune
neptune
normal
normal
neptune
normal
neptune
neptune
neptune
satan
normal
normal
normal
neptune
neptune
neptune
normal
normal
normal
teardrop
normal
neptune
neptune
normal
normal
normal
neptune
neptune
normal
neptune
normal
neptune
neptune
neptune
smurf
normal
normal
nmap
normal
normal
back
normal
normal
normal
normal
normal
normal
neptune
normal
neptune
neptune
normal
normal
neptune
neptune
normal
neptune
nmap
nmap
normal
normal
portsweep
ipsweep
normal
normal
neptune
normal
neptune
back
normal
neptune
normal
normal
neptune
neptune
neptune
normal
normal
neptune
portsweep
normal
neptune
neptune
normal
normal
neptune
normal
neptune
normal
neptune
nmap
normal
portsweep
neptune
normal
neptune
normal
neptune
normal
normal
neptune
portsweep
neptune
neptune
normal
neptune
normal
back
normal
satan
normal
neptune
normal
neptune
neptune
normal
normal
neptune
normal
normal
normal
teardrop
neptune
neptune
normal
normal
ipsweep
smurf
normal
normal
neptune
normal
neptune
neptune
normal
normal
normal
neptune
neptune
neptune
portsweep
normal
normal
normal
normal
neptune
normal
normal
normal
normal
normal
normal
normal
satan
normal
neptune
neptune
neptune
neptune
neptune
normal
normal
warezclient
neptune
normal
neptune
normal
satan
neptune
normal
satan
normal
portsweep
satan
neptune
normal
normal
neptune
normal
neptune
satan
normal
normal
normal
normal
normal
neptune
satan
normal
normal
neptune
neptune
normal
normal
neptune
normal
neptune
back
normal
neptune
normal
neptune
normal
portsweep
normal
back
normal
ipsweep
normal
normal
normal
normal
ipsweep
normal
neptune
normal
neptune
ipsweep
normal
neptune
normal
neptune
nmap
neptune
normal
normal
normal
neptune
normal
ipsweep
normal
normal
ipsweep
normal
smurf
satan
normal
normal
teardrop
neptune
neptune
normal
neptune
normal
normal
neptune
portsweep
portsweep
normal
smurf
smurf
ipsweep
ipsweep
normal
neptune
normal
normal
normal
neptune
normal
neptune
normal
neptune
neptune
normal
normal
normal
normal
normal
neptune
neptune
normal
neptune
portsweep
normal
normal
normal
normal
neptune
smurf
normal
normal
neptune
neptune
normal
neptune
neptune
neptune
neptune
neptune
ipsweep
normal
neptune
neptune
normal
neptune
normal
normal
ipsweep
neptune
neptune
normal
neptune
normal
normal
normal
neptune
normal
neptune
normal
normal
neptune
neptune
normal
normal
normal
normal
neptune
neptune
normal
normal
neptune
normal
ipsweep
neptune
neptune
ipsweep
smurf
normal
smurf
normal
neptune
neptune
neptune
neptune
normal
normal
normal
neptune
normal
neptune
normal
neptune
normal
normal
normal
normal
normal
normal
normal
normal
normal
neptune
normal
normal
neptune
warezclient
neptune
normal
neptune
warezclient
normal
neptune
neptune
normal
neptune
normal
neptune
normal
neptune
neptune
neptune
neptune
neptune
normal
normal
normal
normal
normal
normal
neptune
neptune
normal
neptune
neptune
normal
ipsweep
normal
normal
normal
neptune
normal
neptune
neptune
normal
back
normal
normal
neptune
neptune
normal
normal
neptune
neptune
normal
ipsweep
ipsweep
normal
neptune
nmap
normal
buffer_overflow
neptune
normal
neptune
neptune
normal
neptune
neptune
neptune
portsweep
normal
normal
normal
neptune
normal
ipsweep
normal
normal
normal
neptune
normal
neptune
normal
normal
satan
normal
back
normal
neptune
neptune
normal
normal
normal
normal
neptune
normal
nmap
neptune
normal
neptune
normal
neptune
neptune
normal
normal
normal
smurf
normal
neptune
normal
normal
neptune
normal
satan
neptune
normal
portsweep
normal
normal
normal
normal
neptune
normal
neptune
normal
neptune
satan
satan
normal
portsweep
neptune
neptune
back
neptune
neptune
normal
normal
normal
neptune
normal
normal
normal
portsweep
normal
portsweep
neptune
normal
neptune
normal
normal
normal
normal
satan
ipsweep
normal
normal
normal
neptune
normal
normal
normal
normal
normal
teardrop
normal
normal
normal
neptune
normal
neptune
neptune
portsweep
neptune
neptune
satan
portsweep
warezclient
normal
normal
normal
neptune
normal
normal
neptune
normal
pod
normal
neptune
portsweep
neptune
normal
neptune
neptune
smurf
warezclient
neptune
normal
normal
neptune
normal
satan
neptune
normal
normal
neptune
normal
neptune
neptune
normal
neptune
neptune
portsweep
normal
normal
ipsweep
neptune
neptune
ipsweep
normal
normal
normal
neptune
portsweep
normal
normal
normal
portsweep
normal
rootkit
normal
normal
ipsweep
normal
neptune
normal
neptune
normal
normal
normal
back
neptune
normal
normal
normal
normal
normal
normal
normal
neptune
neptune
normal
neptune
normal
normal
normal
neptune
normal
nmap
neptune
normal
normal
normal
neptune
normal
normal
normal
warezclient
neptune
neptune
normal
normal
portsweep
neptune
normal
normal
neptune
neptune
portsweep
neptune
normal
portsweep
normal
normal
neptune
neptune
neptune
normal
neptune
normal
neptune
normal
ipsweep
back
neptune
normal
neptune
normal
normal
neptune
normal
normal
neptune
normal
normal
normal
neptune
normal
normal
neptune
neptune
neptune
portsweep
normal
normal
normal
normal
smurf
normal
neptune
neptune
normal
normal
normal
normal
normal
neptune
portsweep
normal
neptune
normal
neptune
normal
neptune
normal
satan
normal
normal
normal
normal
normal
normal
neptune
normal
normal
normal
warezclient
neptune
normal
neptune
neptune
normal
back
normal
neptune
normal
normal
neptune
neptune
neptune
normal
neptune
neptune
neptune
neptune
neptune
normal
neptune
neptune
portsweep
neptune
normal
normal
normal
ipsweep
neptune
normal
normal
normal
normal
normal
normal
neptune
normal
neptune
satan
normal
satan
normal
neptune
normal
normal
normal
satan
portsweep
neptune
normal
normal
normal
neptune
neptune
normal
normal
satan
normal
normal
neptune
neptune
normal
normal
normal
normal
normal
normal
neptune
normal
satan
normal
normal
normal
ipsweep
normal
smurf
normal
neptune
normal
neptune
neptune
normal
normal
neptune
smurf
neptune
normal
neptune
normal
neptune
normal
normal
nmap
normal
normal
normal
normal
normal
normal
normal
neptune
normal
normal
normal
normal
normal
neptune
normal
neptune
nmap
neptune
portsweep
neptune
normal
normal
smurf
neptune
neptune
neptune
neptune
normal
normal
neptune
neptune
nmap
neptune
normal
normal
teardrop
neptune
neptune
ipsweep
normal
normal
neptune
neptune
normal
neptune
ipsweep
normal
neptune
normal
normal
normal
normal
normal
normal
normal
normal
normal
smurf
neptune
normal
ipsweep
satan
normal
neptune
normal
normal
neptune
normal
normal
normal
normal
normal
normal
neptune
neptune
normal
normal
portsweep
neptune
neptune
neptune
neptune
normal
portsweep
neptune
normal
neptune
neptune
normal
normal
normal
normal
normal
neptune
neptune
normal
normal
neptune
normal
neptune
normal
nmap
neptune
smurf
normal
normal
neptune
neptune
neptune
neptune
normal
normal
normal
satan
normal
neptune
normal
neptune
normal
normal
normal
normal
normal
normal
normal
normal
normal
normal
satan
normal
ipsweep
neptune
normal
neptune
normal
normal
normal
neptune
neptune
normal
neptune
neptune
normal
normal
nmap
nmap
normal
normal
normal
neptune
neptune
normal
neptune
normal
nmap
neptune
normal
nmap
neptune
neptune
normal
normal
normal
neptune
normal
normal
normal
neptune
normal
normal
normal
back
ipsweep
normal
normal
normal
neptune
neptune
normal
normal
ipsweep
normal
neptune
neptune
portsweep
normal
neptune
ipsweep
neptune
neptune
neptune
neptune
normal
portsweep
normal
neptune
neptune
normal
neptune
neptune
portsweep
normal
neptune
satan
neptune
normal
neptune
portsweep
neptune
neptune
normal
normal
normal
neptune
neptune
normal
neptune
neptune
normal
normal
normal
normal
normal
normal
normal
normal
satan
normal
smurf
normal
normal
normal
normal
normal
neptune
normal
normal
neptune
normal
normal
normal
neptune
back
normal
normal
normal
neptune
normal
neptune
normal
normal
neptune
neptune
normal
normal
smurf
neptune
normal
neptune
normal
neptune
neptune
neptune
ipsweep
neptune
normal
normal
neptune
normal
neptune
normal
ipsweep
normal
normal
neptune
neptune
normal
normal
neptune
normal
neptune
neptune
neptune
neptune
normal
normal
neptune
warezclient
neptune
normal
smurf
neptune
normal
normal
normal
neptune
neptune
normal
smurf
teardrop
normal
normal
ipsweep
neptune
normal
normal
normal
normal
neptune
neptune
normal
normal
normal
normal
normal
normal
neptune
normal
normal
normal
normal
neptune
neptune
normal
normal
normal
normal
neptune
normal
neptune
satan
normal
normal
normal
neptune
normal
neptune
normal
normal
neptune
neptune
normal
neptune
normal
nmap
neptune
neptune
neptune
normal
normal
neptune
neptune
normal
neptune
normal
neptune
neptune
satan
neptune
normal
neptune
normal
normal
normal
normal
normal
normal
neptune
neptune
neptune
normal
neptune
smurf
normal
normal
normal
neptune
normal
neptune
normal
satan
ipsweep
normal
normal
neptune
neptune
normal
smurf
neptune
neptune
neptune
normal
normal
normal
back
normal
neptune
neptune
smurf
normal
neptune
normal
ipsweep
normal
neptune
neptune
neptune
normal
satan
neptune
neptune
neptune
normal
neptune
neptune
normal
normal
neptune
satan
neptune
normal
neptune
neptune
neptune
neptune
neptune
neptune
normal
normal
neptune
normal
normal
normal
neptune
normal
normal
normal
neptune
neptune
normal
neptune
neptune
normal
neptune
normal
neptune
portsweep
normal
neptune
neptune
normal
normal
normal
normal
neptune
normal
neptune
satan
neptune
normal
normal
ipsweep
neptune
normal
normal
normal
normal
ipsweep
normal
neptune
normal
neptune
normal
normal
normal
normal
normal
normal
ipsweep
normal
normal
neptune
normal
normal
normal
neptune
normal
pod
normal
teardrop
normal
smurf
normal
neptune
normal
neptune
normal
normal
neptune
neptune
portsweep
portsweep
normal
portsweep
normal
neptune
portsweep
ipsweep
neptune
neptune
neptune
normal
normal
normal
neptune
normal
normal
neptune
ipsweep
neptune
smurf
normal
normal
neptune
satan
satan
normal
normal
neptune
portsweep
normal
neptune
neptune
normal
normal
neptune
normal
normal
normal
smurf
neptune
neptune
neptune
neptune
normal
normal
normal
normal
neptune
smurf
satan
normal
neptune
smurf
normal
normal
normal
normal
neptune
neptune
warezclient
normal
neptune
portsweep
neptune
neptune
normal
warezclient
normal
normal
normal
neptune
normal
normal
neptune
neptune
normal
ipsweep
normal
normal
neptune
normal
normal
normal
neptune
smurf
normal
satan
neptune
normal
neptune
neptune
neptune
normal
normal
neptune
normal
neptune
neptune
neptune
neptune
normal
normal
neptune
neptune
neptune
back
neptune
neptune
normal
normal
normal
normal
neptune
normal
normal
normal
normal
normal
neptune
ipsweep
neptune
normal
neptune
nmap
normal
satan
normal
normal
normal
neptune
neptune
normal
normal
normal
normal
neptune
normal
normal
neptune
normal
normal
neptune
normal
normal
normal
normal
normal
satan
normal
neptune
normal
normal
portsweep
neptune
normal
normal
normal
normal
normal
normal
normal
ipsweep
neptune
normal
neptune
normal
normal
neptune
ipsweep
normal
normal
ipsweep
normal
neptune
normal
neptune
neptune
neptune
normal
neptune
normal
neptune
normal
neptune
normal
normal
ipsweep
normal
normal
normal
normal
normal
ipsweep
normal
neptune
neptune
neptune
neptune
neptune
normal
neptune
normal
normal
normal
back
normal
neptune
normal
normal
neptune
portsweep
normal
neptune
normal
normal
normal
neptune
normal
normal
normal
normal
normal
normal
ipsweep
normal
normal
neptune
normal
neptune
neptune
neptune
normal
normal
normal
normal
normal
normal
neptune
neptune
normal
neptune
normal
normal
normal
neptune
normal
normal
normal
neptune
neptune
normal
normal
neptune
nmap
neptune
neptune
normal
neptune
satan
neptune
ipsweep
neptune
neptune
neptune
normal
neptune
normal
normal
neptune
normal
ipsweep
normal
portsweep
neptune
neptune
portsweep
neptune
normal
normal
normal
ipsweep
normal
normal
neptune
normal
normal
neptune
nmap
normal
normal
neptune
normal
neptune
satan
normal
normal
neptune
neptune
normal
back
normal
neptune
normal
portsweep
normal
normal
normal
normal
neptune
normal
normal
neptune
normal
neptune
normal
normal
normal
satan
smurf
normal
neptune
neptune
neptune
normal
normal
satan
normal
normal
neptune
normal
normal
neptune
normal
normal
neptune
neptune
normal
satan
normal
normal
neptune
normal
ipsweep
neptune
normal
satan
neptune
satan
normal
normal
teardrop
neptune
satan
satan
neptune
neptune
neptune
neptune
normal
normal
normal
neptune
neptune
neptune
neptune
normal
normal
neptune
normal
warezclient
normal
smurf
warezclient
normal
normal
normal
normal
neptune
normal
normal
normal
normal
portsweep
normal
neptune
normal
ipsweep
normal
neptune
normal
normal
neptune
normal
normal
normal
neptune
normal
neptune
normal
normal
normal
neptune
neptune
normal
normal
neptune
normal
normal
normal
normal
normal
normal
normal
neptune
nmap
normal
normal
normal
portsweep
neptune
neptune
satan
normal
warezclient
normal
neptune
normal
neptune
smurf
smurf
normal
neptune
neptune
normal
ipsweep
neptune
normal
normal
neptune
normal
normal
neptune
normal
neptune
normal
neptune
neptune
normal
normal
normal
ipsweep
normal
normal
neptune
normal
normal
neptune
portsweep
neptune
normal
normal
neptune
neptune
neptune
normal
warezclient
normal
normal
ipsweep
neptune
normal
nmap
ipsweep
normal
neptune
neptune
neptune
normal
normal
neptune
normal
satan
neptune
neptune
normal
neptune
neptune
neptune
neptune
neptune
neptune
satan
neptune
normal
satan
normal
neptune
normal
neptune
normal
neptune
neptune
teardrop
neptune
normal
back
neptune
normal
neptune
normal
normal
warezclient
normal
normal
neptune
portsweep
normal
neptune
satan
neptune
neptune
normal
neptune
neptune
smurf
normal
normal
normal
portsweep
normal
normal
normal
normal
normal
normal
neptune
normal
neptune
neptune
neptune
smurf
normal
neptune
neptune
nmap
satan
portsweep
normal
ipsweep
normal
neptune
neptune
neptune
neptune
portsweep
normal
normal
normal
smurf
neptune
normal
normal
normal
neptune
normal
neptune
neptune
neptune
normal
normal
normal
normal
normal
guess_passwd
neptune
normal
neptune
normal
normal
normal
neptune
neptune
neptune
normal
normal
normal
neptune
normal
ipsweep
normal
normal
normal
neptune
neptune
normal
normal
normal
normal
neptune
normal
ipsweep
normal
normal
normal
neptune
normal
neptune
portsweep
normal
neptune
smurf
normal
back
normal
portsweep
neptune
normal
neptune
normal
satan
nmap
neptune
nmap
normal
normal
normal
neptune
neptune
normal
normal
neptune
satan
neptune
normal
teardrop
normal
back
normal
neptune
neptune
normal
normal
nmap
normal
satan
neptune
satan
neptune
normal
satan
neptune
normal
normal
normal
normal
neptune
normal
normal
neptune
neptune
neptune
normal
normal
normal
normal
normal
neptune
normal
neptune
neptune
normal
ipsweep
neptune
normal
neptune
normal
normal
neptune
neptune
normal
portsweep
neptune
neptune
normal
smurf
normal
neptune
neptune
neptune
normal
pod
neptune
neptune
normal
normal
neptune
smurf
normal
neptune
neptune
normal
normal
neptune
satan
neptune
normal
smurf
normal
normal
normal
normal
normal
normal
normal
normal
normal
normal
neptune
normal
normal
normal
normal
neptune
normal
neptune
neptune
normal
ipsweep
normal
neptune
neptune
neptune
normal
normal
normal
neptune
neptune
normal
normal
neptune
normal
normal
neptune
normal
normal
neptune
neptune
normal
normal
neptune
normal
normal
normal
normal
normal
neptune
normal
normal
normal
normal
satan
normal
neptune
normal
normal
normal
normal
normal
ipsweep
normal
normal
teardrop
normal
neptune
ipsweep
satan
smurf
satan
portsweep
satan
neptune
neptune
neptune
normal
ipsweep
neptune
normal
neptune
satan
neptune
neptune
normal
neptune
normal
neptune
portsweep
normal
normal
ipsweep
normal
satan
normal
neptune
normal
normal
normal
neptune
normal
neptune
ipsweep
neptune
neptune
smurf
neptune
neptune
normal
normal
normal
normal
normal
normal
neptune
neptune
nmap
portsweep
normal
normal
portsweep
neptune
normal
normal
back
neptune
normal
normal
normal
normal
neptune
normal
neptune
normal
normal
neptune
neptune
normal
neptune
normal
normal
neptune
neptune
neptune
neptune
normal
satan
neptune
neptune
normal
normal
normal
normal
normal
normal
neptune
neptune
normal
normal
normal
normal
normal
neptune
neptune
normal
nmap
nmap
neptune
normal
neptune
neptune
normal
neptune
normal
satan
normal
normal
normal
neptune
normal
normal
neptune
neptune
normal
normal
neptune
normal
normal
nmap
back
normal
normal
normal
teardrop
neptune
normal
neptune
normal
normal
neptune
ipsweep
neptune
neptune
normal
normal
normal
normal
normal
neptune
normal
normal
normal
neptune
neptune
normal
normal
normal
normal
neptune
normal
nmap
neptune
neptune
normal
normal
normal
normal
normal
neptune
normal
neptune
neptune
normal
neptune
neptune
normal
normal
normal
neptune
normal
teardrop
normal
neptune
neptune
normal
normal
normal
ipsweep
normal
normal
normal
normal
normal
neptune
normal
ipsweep
normal
neptune
normal
normal
neptune
normal
normal
normal
normal
normal
normal
normal
smurf
neptune
neptune
normal
normal
normal
normal
normal
teardrop
normal
back
normal
normal
normal
normal
normal
neptune
normal
neptune
normal
neptune
neptune
normal
normal
normal
normal
normal
normal
normal
portsweep
normal
ipsweep
normal
portsweep
normal
normal
nmap
neptune
normal
neptune
portsweep
warezclient
neptune
portsweep
normal
neptune
normal
portsweep
neptune
normal
neptune
satan
neptune
neptune
smurf
neptune
neptune
normal
normal
normal
normal
normal
normal
normal
neptune
satan
portsweep
normal
neptune
normal
normal
normal
satan
neptune
neptune
normal
normal
neptune
normal
normal
satan
normal
portsweep
normal
neptune
neptune
neptune
normal
neptune
normal
normal
normal
normal
normal
normal
normal
normal
normal
neptune
neptune
normal
normal
neptune
neptune
normal
normal
normal
portsweep
normal
neptune
normal
normal
neptune
satan
warezclient
ipsweep
neptune
normal
warezclient
neptune
normal
normal
neptune
normal
ipsweep
normal
normal
neptune
normal
normal
neptune
neptune
normal
teardrop
normal
normal
smurf
neptune
normal
neptune
normal
normal
normal
neptune
neptune
smurf
neptune
smurf
ipsweep
normal
neptune
neptune
neptune
normal
neptune
normal
neptune
normal
normal
normal
neptune
ipsweep
normal
normal
neptune
neptune
normal
normal
portsweep
normal
satan
normal
normal
smurf
normal
pod
neptune
smurf
ipsweep
normal
nmap
smurf
smurf
ipsweep
normal
normal
neptune
ipsweep
normal
portsweep
warezclient
neptune
normal
satan
normal
satan
neptune
neptune
normal
ipsweep
neptune
normal
normal
ipsweep
normal
normal
neptune
normal
smurf
normal
normal
neptune
neptune
normal
neptune
neptune
normal
satan
neptune
normal
satan
neptune
neptune
neptune
neptune
neptune
neptune
normal
normal
normal
smurf
normal
neptune
neptune
neptune
normal
neptune
neptune
neptune
neptune
normal
neptune
neptune
normal
normal
normal
normal
satan
neptune
normal
ipsweep
neptune
neptune
neptune
normal
normal
normal
normal
normal
normal
normal
neptune
smurf
neptune
neptune
normal
normal
normal
neptune
satan
normal
neptune
neptune
normal
neptune
smurf
portsweep
normal
normal
neptune
normal
normal
neptune
normal
neptune
normal
normal
normal
neptune
normal
neptune
normal
neptune
nmap
normal
normal
normal
normal
normal
normal
normal
normal
normal
normal
normal
normal
normal
normal
neptune
normal
warezclient
neptune
normal
smurf
normal
neptune
neptune
normal
neptune
neptune
neptune
teardrop
normal
normal
normal
normal
neptune
normal
normal
normal
normal
normal
normal
normal
neptune
normal
normal
neptune
neptune
neptune
normal
smurf
normal
normal
normal
normal
normal
neptune
normal
normal
ipsweep
normal
neptune
normal
portsweep
normal
neptune
neptune
smurf
normal
neptune
neptune
neptune
neptune
neptune
normal
normal
satan
neptune
normal
neptune
neptune
normal
warezclient
normal
satan
normal
normal
neptune
neptune
normal
normal
normal
normal
normal
normal
neptune
normal
neptune
normal
normal
neptune
normal
normal
normal
normal
normal
neptune
neptune
normal
normal
neptune
neptune
nmap
neptune
neptune
normal
neptune
ipsweep
normal
neptune
normal
neptune
normal
normal
normal
normal
normal
neptune
neptune
neptune
normal
normal
neptune
normal
neptune
neptune
neptune
normal
neptune
normal
neptune
neptune
normal
neptune
neptune
normal
neptune
neptune
satan
neptune
normal
neptune
warezclient
satan
teardrop
neptune
normal
normal
normal
smurf
neptune
normal
portsweep
neptune
normal
neptune
neptune
nmap
neptune
nmap
normal
normal
neptune
neptune
normal
satan
normal
normal
normal
normal
neptune
normal
normal
normal
ipsweep
neptune
neptune
normal
normal
neptune
neptune
normal
ipsweep
normal
satan
normal
smurf
normal
normal
ipsweep
normal
normal
normal
normal
normal
teardrop
normal
neptune
neptune
neptune
normal
normal
neptune
smurf
neptune
ipsweep
neptune
nmap
normal
normal
normal
normal
normal
portsweep
portsweep
normal
normal
neptune
neptune
normal
neptune
normal
ipsweep
neptune
neptune
normal
normal
ipsweep
normal
normal
normal
neptune
ipsweep
normal
normal
normal
neptune
portsweep
neptune
neptune
neptune
neptune
normal
neptune
normal
normal
pod
normal
normal
normal
normal
normal
normal
back
normal
neptune
portsweep
neptune
neptune
normal
neptune
neptune
normal
normal
normal
smurf
ipsweep
neptune
neptune
normal
back
normal
normal
normal
neptune
ipsweep
normal
normal
normal
neptune
normal
normal
neptune
neptune
neptune
neptune
neptune
neptune
normal
normal
normal
neptune
normal
normal
warezclient
normal
normal
normal
normal
neptune
neptune
normal
normal
normal
back
neptune
normal
normal
normal
normal
portsweep
normal
neptune
portsweep
normal
neptune
neptune
neptune
normal
normal
neptune
neptune
normal
normal
neptune
neptune
normal
normal
satan
normal
normal
normal
normal
satan
normal
normal
normal
normal
neptune
normal
normal
normal
normal
neptune
normal
neptune
normal
satan
portsweep
normal
neptune
normal
normal
neptune
normal
normal
neptune
neptune
normal
neptune
ipsweep
normal
neptune
normal
neptune
normal
satan
neptune
normal
normal
neptune
neptune
normal
normal
normal
neptune
neptune
neptune
neptune
neptune
normal
normal
neptune
neptune
normal
neptune
neptune
normal
normal
neptune
neptune
satan
normal
normal
normal
normal
normal
neptune
normal
neptune
neptune
portsweep
normal
normal
normal
neptune
neptune
neptune
normal
neptune
normal
neptune
neptune
normal
normal
normal
neptune
neptune
normal
normal
normal
normal
neptune
neptune
normal
normal
neptune
neptune
normal
nmap
neptune
ipsweep
normal
neptune
portsweep
neptune
normal
normal
normal
normal
ipsweep
normal
neptune
ipsweep
normal
normal
neptune
nmap
normal
normal
teardrop
normal
normal
normal
normal
neptune
normal
neptune
neptune
teardrop
normal
teardrop
normal
normal
neptune
normal
neptune
normal
ipsweep
normal
neptune
neptune
neptune
satan
neptune
normal
normal
normal
neptune
neptune
normal
normal
neptune
normal
normal
normal
neptune
satan
normal
normal
smurf
normal
smurf
normal
normal
normal
normal
normal
normal
normal
normal
neptune
normal
normal
neptune
normal
neptune
normal
neptune
normal
normal
neptune
neptune
normal
neptune
normal
normal
portsweep
neptune
satan
neptune
normal
neptune
normal
normal
normal
satan
ipsweep
ipsweep
normal
neptune
normal
neptune
normal
normal
normal
normal
nmap
neptune
normal
portsweep
neptune
neptune
normal
normal
neptune
smurf
normal
normal
normal
normal
neptune
normal
normal
neptune
normal
normal
normal
normal
normal
normal
normal
neptune
normal
normal
normal
normal
neptune
neptune
back
normal
neptune
neptune
normal
satan
neptune
normal
normal
neptune
normal
normal
neptune
normal
normal
neptune
portsweep
normal
neptune
normal
normal
normal
portsweep
ipsweep
neptune
normal
neptune
normal
neptune
normal
portsweep
normal
normal
normal
ipsweep
normal
normal
satan
normal
normal
normal
normal
normal
normal
satan
portsweep
neptune
normal
neptune
normal
neptune
neptune
normal
normal
normal
normal
neptune
normal
back
normal
neptune
normal
neptune
normal
normal
neptune
portsweep
neptune
normal
normal
normal
normal
neptune
normal
normal
normal
neptune
normal
neptune
neptune
smurf
normal
neptune
neptune
normal
neptune
normal
neptune
normal
normal
normal
normal
neptune
pod
neptune
normal
neptune
normal
neptune
neptune
normal
normal
satan
normal
normal
normal
neptune
neptune
neptune
satan
neptune
neptune
neptune
nmap
normal
normal
neptune
neptune
neptune
normal
portsweep
neptune
normal
normal
neptune
normal
neptune
neptune
normal
neptune
normal
normal
neptune
normal
normal
ipsweep
normal
normal
neptune
normal
normal
normal
normal
normal
normal
neptune
normal
normal
neptune
neptune
neptune
normal
normal
neptune
neptune
portsweep
normal
neptune
normal
neptune
neptune
normal
normal
normal
normal
neptune
normal
normal
normal
neptune
neptune
normal
neptune
normal
neptune
neptune
neptune
normal
neptune
normal
normal
neptune
normal
neptune
neptune
teardrop
normal
normal
normal
normal
normal
portsweep
nmap
normal
neptune
normal
portsweep
normal
neptune
neptune
normal
normal
warezclient
neptune
guess_passwd
normal
neptune
normal
neptune
neptune
normal
normal
neptune
normal
normal
neptune
neptune
teardrop
neptune
normal
neptune
normal
smurf
neptune
normal
smurf
neptune
neptune
normal
normal
teardrop
normal
normal
normal
neptune
neptune
neptune
neptune
neptune
neptune
normal
normal
normal
normal
nmap
normal
normal
smurf
normal
normal
normal
normal
neptune
normal
nmap
neptune
normal
normal
normal
normal
normal
normal
normal
normal
neptune
ipsweep
ipsweep
normal
neptune
normal
portsweep
normal
normal
normal
normal
satan
neptune
neptune
normal
neptune
neptune
neptune
neptune
neptune
nmap
neptune
normal
normal
normal
normal
satan
neptune
normal
neptune
smurf
normal
normal
normal
portsweep
normal
normal
neptune
normal
normal
neptune
normal
neptune
normal
normal
normal
normal
neptune
normal
normal
neptune
ipsweep
normal
neptune
normal
neptune
normal
normal
normal
normal
normal
normal
neptune
normal
normal
normal
normal
normal
normal
neptune
normal
normal
neptune
normal
normal
neptune
neptune
normal
neptune
normal
neptune
neptune
normal
neptune
normal
normal
normal
normal
normal
normal
normal
normal
neptune
normal
neptune
neptune
neptune
neptune
normal
neptune
normal
normal
normal
normal
neptune
neptune
normal
neptune
nmap
normal
neptune
normal
normal
neptune
smurf
teardrop
normal
neptune
neptune
portsweep
neptune
nmap
normal
neptune
neptune
neptune
normal
normal
neptune
neptune
normal
normal
neptune
normal
neptune
normal
normal
normal
neptune
normal
normal
portsweep
neptune
warezclient
neptune
normal
portsweep
neptune
normal
satan
normal
ipsweep
neptune
neptune
normal
normal
neptune
ipsweep
normal
normal
normal
teardrop
satan
neptune
neptune
normal
neptune
neptune
normal
neptune
neptune
normal
normal
normal
neptune
neptune
normal
warezclient
normal
normal
normal
neptune
neptune
neptune
neptune
normal
neptune
normal
neptune
neptune
normal
neptune
neptune
neptune
neptune
normal
neptune
normal
normal
portsweep
neptune
normal
neptune
normal
normal
neptune
portsweep
normal
neptune
neptune
neptune
neptune
normal
neptune
normal
normal
normal
normal
normal
normal
neptune
normal
normal
normal
normal
teardrop
normal
nmap
nmap
neptune
normal
nmap
normal
normal
normal
satan
normal
normal
neptune
normal
normal
neptune
normal
normal
normal
normal
satan
pod
normal
neptune
neptune
normal
neptune
neptune
neptune
neptune
normal
neptune
normal
normal
normal
normal
normal
neptune
normal
neptune
normal
normal
normal
neptune
neptune
neptune
neptune
neptune
normal
normal
normal
normal
normal
normal
neptune
neptune
neptune
pod
normal
normal
neptune
neptune
teardrop
warezclient
smurf
normal
neptune
normal
nmap
neptune
normal
neptune
back
normal
normal
neptune
neptune
ipsweep
neptune
neptune
neptune
normal
neptune
normal
ipsweep
warezclient
normal
normal
smurf
neptune
normal
normal
normal
normal
normal
normal
neptune
normal
portsweep
normal
normal
neptune
portsweep
normal
neptune
normal
normal
normal
neptune
normal
neptune
normal
normal
normal
normal
normal
normal
normal
normal
normal
normal
normal
nmap
normal
neptune
normal
normal
normal
normal
normal
normal
normal
normal
normal
ipsweep
normal
neptune
normal
ipsweep
neptune
neptune
neptune
neptune
neptune
normal
normal
normal
normal
neptune
neptune
normal
normal
neptune
neptune
neptune
normal
normal
neptune
neptune
normal
neptune
normal
portsweep
neptune
normal
normal
normal
neptune
normal
normal
normal
normal
normal
normal
normal
normal
smurf
neptune
normal
neptune
neptune
normal
teardrop
smurf
ipsweep
normal
normal
smurf
normal
neptune
normal
normal
neptune
normal
neptune
normal
smurf
normal
neptune
neptune
normal
neptune
normal
normal
normal
neptune
ipsweep
neptune
normal
normal
neptune
normal
normal
normal
neptune
normal
satan
normal
neptune
normal
normal
portsweep
normal
normal
normal
neptune
neptune
normal
neptune
normal
normal
warezclient
normal
normal
normal
neptune
back
normal
normal
warezclient
satan
neptune
neptune
satan
normal
satan
neptune
normal
normal
normal
normal
normal
smurf
neptune
ipsweep
neptune
portsweep
normal
neptune
normal
normal
neptune
neptune
normal
normal
normal
portsweep
portsweep
normal
normal
neptune
normal
normal
neptune
neptune
neptune
normal
neptune
normal
neptune
normal
normal
normal
normal
neptune
normal
neptune
neptune
normal
normal
normal
normal
normal
normal
neptune
satan
normal
normal
neptune
normal
normal
normal
neptune
pod
neptune
normal
neptune
neptune
normal
normal
normal
neptune
normal
normal
normal
normal
neptune
neptune
normal
normal
normal
normal
neptune
normal
normal
neptune
neptune
neptune
neptune
neptune
normal
neptune
normal
normal
normal
normal
neptune
teardrop
nmap
normal
neptune
normal
normal
neptune
normal
neptune
normal
neptune
normal
normal
normal
neptune
portsweep
normal
normal
normal
neptune
neptune
normal
normal
neptune
normal
normal
neptune
normal
ipsweep
neptune
neptune
normal
normal
normal
normal
normal
neptune
neptune
neptune
normal
normal
normal
normal
normal
smurf
normal
normal
satan
normal
normal
normal
normal
normal
neptune
teardrop
neptune
neptune
ipsweep
normal
neptune
neptune
normal
normal
normal
neptune
normal
normal
neptune
neptune
normal
normal
neptune
normal
normal
normal
normal
normal
normal
normal
normal
normal
neptune
normal
normal
normal
normal
normal
warezclient
normal
normal
portsweep
ipsweep
normal
neptune
normal
normal
neptune
normal
normal
normal
neptune
normal
ipsweep
normal
normal
neptune
normal
normal
satan
normal
smurf
normal
satan
normal
normal
neptune
neptune
normal
satan
neptune
normal
normal
neptune
normal
normal
neptune
normal
normal
normal
neptune
normal
neptune
back
neptune
neptune
neptune
neptune
normal
neptune
normal
neptune
normal
normal
normal
neptune
neptune
normal
normal
normal
normal
normal
normal
neptune
normal
neptune
normal
neptune
normal
portsweep
neptune
normal
normal
normal
back
normal
warezclient
normal
portsweep
normal
neptune
neptune
normal
normal
neptune
smurf
normal
neptune
normal
normal
neptune
normal
normal
normal
smurf
normal
neptune
normal
portsweep
normal
neptune
normal
neptune
smurf
satan
normal
normal
normal
neptune
normal
buffer_overflow
neptune
neptune
normal
normal
neptune
normal
normal
normal
normal
portsweep
normal
satan
satan
neptune
neptune
ipsweep
normal
neptune
neptune
neptune
neptune
neptune
normal
normal
normal
normal
satan
normal
normal
normal
normal
neptune
neptune
normal
normal
neptune
neptune
neptune
portsweep
neptune
neptune
neptune
normal
normal
satan
normal
normal
warezclient
ipsweep
ipsweep
normal
normal
ipsweep
normal
normal
normal
normal
neptune
teardrop
normal
normal
normal
neptune
neptune
portsweep
normal
normal
normal
normal
normal
normal
normal
normal
normal
back
normal
normal
normal
normal
neptune
neptune
normal
back
nmap
normal
normal
satan
neptune
normal
neptune
normal
normal
normal
neptune
normal
warezclient
neptune
ipsweep
normal
smurf
smurf
normal
normal
normal
ipsweep
neptune
neptune
normal
normal
normal
normal
normal
neptune
normal
neptune
normal
normal
neptune
portsweep
satan
normal
normal
normal
neptune
normal
smurf
neptune
neptune
warezclient
neptune
normal
normal
neptune
neptune
normal
neptune
neptune
neptune
neptune
neptune
neptune
normal
normal
normal
normal
ipsweep
portsweep
neptune
normal
neptune
normal
normal
neptune
neptune
neptune
neptune
normal
normal
normal
normal
normal
smurf
normal
neptune
neptune
neptune
warezclient
normal
ipsweep
normal
normal
neptune
normal
normal
normal
normal
normal
normal
satan
normal
neptune
normal
smurf
normal
normal
normal
smurf
normal
normal
neptune
portsweep
neptune
normal
normal
normal
normal
neptune
normal
normal
normal
normal
normal
normal
neptune
normal
normal
neptune
neptune
normal
neptune
smurf
normal
normal
normal
normal
normal
neptune
normal
normal
neptune
neptune
normal
normal
normal
normal
normal
normal
neptune
normal
neptune
normal
neptune
normal
normal
normal
normal
normal
smurf
normal
neptune
normal
normal
normal
normal
satan
normal
neptune
neptune
ipsweep
neptune
normal
neptune
neptune
neptune
normal
normal
neptune
normal
portsweep
normal
warezclient
neptune
normal
normal
neptune
normal
neptune
normal
satan
normal
neptune
normal
normal
normal
satan
smurf
normal
normal
normal
normal
neptune
neptune
normal
normal
satan
neptune
portsweep
normal
normal
normal
satan
normal
normal
neptune
neptune
neptune
normal
neptune
normal
normal
normal
neptune
neptune
normal
neptune
neptune
nmap
ipsweep
normal
back
normal
normal
normal
normal
normal
normal
normal
neptune
normal
nmap
nmap
neptune
neptune
normal
normal
normal
portsweep
normal
normal
normal
normal
normal
normal
normal
portsweep
normal
neptune
neptune
normal
neptune
normal
normal
ipsweep
normal
teardrop
neptune
normal
normal
satan
normal
normal
neptune
nmap
neptune
normal
neptune
normal
normal
normal
normal
normal
normal
normal
normal
neptune
normal
neptune
normal
portsweep
normal
normal
normal
neptune
neptune
normal
normal
neptune
neptune
normal
neptune
neptune
normal
normal
normal
nmap
neptune
normal
nmap
normal
portsweep
normal
neptune
normal
normal
normal
normal
neptune
normal
neptune
multihop
neptune
neptune
portsweep
normal
neptune
normal
normal
normal
normal
neptune
normal
neptune
normal
normal
normal
neptune
normal
normal
neptune
normal
normal
normal
normal
neptune
normal
normal
normal
normal
normal
neptune
normal
normal
normal
normal
normal
normal
smurf
normal
neptune
normal
normal
neptune
ipsweep
neptune
normal
neptune
satan
nmap
normal
neptune
normal
ipsweep
neptune
normal
normal
neptune
normal
neptune
normal
normal
normal
normal
normal
normal
normal
neptune
smurf
normal
normal
ipsweep
normal
neptune
smurf
neptune
normal
normal
normal
neptune
neptune
neptune
normal
ipsweep
neptune
normal
normal
normal
neptune
neptune
neptune
normal
neptune
neptune
neptune
normal
normal
normal
neptune
neptune
neptune
normal
portsweep
normal
neptune
normal
normal
neptune
normal
smurf
portsweep
neptune
neptune
normal
neptune
smurf
normal
normal
normal
smurf
normal
normal
normal
normal
neptune
normal
neptune
normal
satan
normal
teardrop
normal
normal
warezclient
normal
normal
normal
neptune
normal
normal
ipsweep
normal
neptune
satan
neptune
normal
neptune
neptune
teardrop
satan
normal
normal
neptune
ipsweep
satan
neptune
normal
normal
neptune
normal
neptune
normal
neptune
neptune
normal
neptune
normal
normal
neptune
normal
normal
neptune
normal
neptune
normal
normal
normal
normal
normal
neptune
neptune
normal
satan
normal
normal
normal
normal
normal
neptune
back
normal
neptune
normal
satan
neptune
normal
neptune
neptune
neptune
neptune
normal
portsweep
normal
neptune
normal
normal
neptune
normal
normal
normal
normal
satan
neptune
neptune
normal
neptune
neptune
neptune
normal
neptune
normal
normal
normal
normal
normal
normal
neptune
normal
satan
neptune
normal
normal
normal
normal
normal
neptune
normal
neptune
satan
neptune
smurf
normal
normal
normal
neptune
normal
normal
normal
normal
normal
normal
ipsweep
normal
normal
smurf
normal
normal
neptune
normal
neptune
normal
neptune
normal
neptune
normal
normal
neptune
portsweep
normal
normal
normal
neptune
normal
normal
satan
normal
normal
normal
portsweep
neptune
normal
normal
normal
normal
satan
neptune
normal
portsweep
normal
normal
normal
ipsweep
satan
neptune
normal
teardrop
normal
neptune
normal
neptune
normal
normal
normal
normal
neptune
neptune
neptune
ipsweep
normal
normal
neptune
teardrop
normal
normal
smurf
neptune
satan
ipsweep
neptune
normal
normal
neptune
nmap
normal
normal
nmap
neptune
normal
neptune
normal
neptune
satan
normal
normal
smurf
normal
normal
normal
neptune
neptune
teardrop
neptune
neptune
normal
normal
neptune
satan
neptune
ipsweep
normal
normal
satan
neptune
normal
normal
normal
neptune
warezclient
neptune
neptune
normal
normal
neptune
normal
neptune
normal
normal
neptune
normal
normal
normal
normal
neptune
normal
normal
normal
ipsweep
normal
satan
normal
normal
neptune
satan
neptune
normal
neptune
normal
normal
portsweep
normal
neptune
normal
normal
neptune
warezclient
normal
normal
neptune
normal
normal
neptune
normal
normal
normal
neptune
neptune
normal
normal
normal
neptune
neptune
normal
normal
normal
neptune
neptune
neptune
neptune
normal
normal
normal
normal
neptune
normal
neptune
normal
neptune
normal
portsweep
portsweep
normal
back
normal
normal
portsweep
normal
normal
normal
neptune
normal
neptune
smurf
normal
normal
normal
normal
normal
neptune
ipsweep
normal
neptune
normal
normal
neptune
normal
normal
neptune
normal
neptune
neptune
neptune
normal
normal
normal
neptune
neptune
normal
neptune
neptune
neptune
neptune
nmap
satan
normal
normal
neptune
neptune
satan
normal
neptune
neptune
neptune
normal
smurf
normal
satan
portsweep
normal
neptune
normal
neptune
normal
neptune
back
normal
neptune
neptune
neptune
normal
satan
normal
normal
normal
nmap
normal
normal
neptune
normal
warezclient
normal
normal
normal
normal
neptune
neptune
neptune
normal
normal
normal
neptune
neptune
normal
neptune
neptune
normal
normal
normal
normal
ipsweep
normal
satan
normal
neptune
normal
neptune
normal
neptune
normal
neptune
neptune
neptune
neptune
normal
normal
satan
normal
neptune
neptune
normal
neptune
satan
warezclient
neptune
teardrop
normal
normal
neptune
portsweep
portsweep
normal
neptune
normal
satan
neptune
portsweep
guess_passwd
neptune
satan
ipsweep
normal
neptune
neptune
normal
normal
normal
back
normal
neptune
neptune
guess_passwd
normal
ipsweep
neptune
normal
portsweep
normal
neptune
normal
normal
normal
neptune
normal
normal
normal
neptune
normal
ipsweep
normal
normal
normal
normal
normal
teardrop
normal
neptune
satan
normal
neptune
normal
neptune
neptune
ipsweep
normal
neptune
normal
normal
normal
neptune
normal
normal
neptune
neptune
neptune
normal
neptune
neptune
neptune
portsweep
normal
neptune
normal
normal
pod
neptune
normal
normal
portsweep
normal
neptune
normal
normal
neptune
normal
normal
normal
neptune
normal
back
neptune
smurf
neptune
neptune
neptune
normal
normal
normal
normal
neptune
neptune
neptune
neptune
ipsweep
normal
normal
normal
normal
neptune
normal
normal
neptune
neptune
normal
normal
normal
neptune
normal
normal
normal
normal
normal
neptune
normal
normal
normal
portsweep
normal
neptune
normal
normal
neptune
normal
neptune
normal
normal
neptune
normal
normal
neptune
normal
satan
normal
neptune
ipsweep
neptune
neptune
normal
normal
portsweep
neptune
normal
neptune
ipsweep
normal
normal
normal
neptune
satan
normal
smurf
normal
neptune
ipsweep
normal
teardrop
back
normal
neptune
normal
normal
normal
portsweep
satan
neptune
neptune
normal
normal
normal
neptune
warezclient
normal
normal
normal
neptune
normal
neptune
normal
neptune
normal
nmap
normal
normal
portsweep
neptune
normal
normal
neptune
normal
neptune
nmap
neptune
normal
nmap
normal
normal
normal
normal
normal
normal
normal
neptune
neptune
neptune
normal
neptune
portsweep
normal
normal
warezclient
pod
portsweep
normal
neptune
normal
neptune
ipsweep
normal
neptune
normal
normal
neptune
ipsweep
normal
normal
normal
smurf
neptune
normal
satan
neptune
neptune
ipsweep
normal
normal
neptune
normal
smurf
normal
normal
neptune
normal
neptune
neptune
neptune
normal
ipsweep
neptune
neptune
normal
normal
neptune
nmap
neptune
normal
normal
nmap
neptune
normal
normal
normal
neptune
neptune
normal
normal
normal
normal
neptune
ipsweep
normal
neptune
normal
portsweep
normal
normal
normal
normal
normal
normal
neptune
ipsweep
normal
normal
neptune
normal
neptune
normal
satan
neptune
neptune
neptune
ipsweep
normal
normal
neptune
neptune
normal
normal
normal
satan
normal
neptune
normal
neptune
normal
normal
neptune
normal
normal
normal
normal
neptune
normal
neptune
normal
normal
neptune
normal
neptune
normal
normal
neptune
normal
neptune
normal
neptune
portsweep
normal
normal
normal
neptune
normal
neptune
normal
neptune
neptune
satan
neptune
neptune
normal
neptune
normal
neptune
normal
normal
satan
neptune
normal
normal
normal
neptune
smurf
normal
warezclient
neptune
neptune
neptune
neptune
normal
normal
neptune
neptune
normal
neptune
normal
satan
neptune
neptune
normal
normal
neptune
normal
neptune
neptune
neptune
normal
normal
smurf
normal
normal
normal
portsweep
normal
neptune
normal
normal
normal
portsweep
normal
neptune
normal
neptune
neptune
neptune
normal
normal
normal
normal
neptune
normal
neptune
neptune
normal
teardrop
normal
normal
portsweep
normal
portsweep
neptune
neptune
neptune
normal
neptune
neptune
neptune
neptune
back
normal
normal
normal
normal
normal
normal
normal
normal
neptune
normal
normal
normal
neptune
phf
neptune
normal
neptune
normal
back
neptune
neptune
neptune
neptune
smurf
normal
neptune
normal
normal
nmap
neptune
normal
satan
normal
neptune
normal
normal
portsweep
neptune
normal
normal
neptune
normal
neptune
normal
neptune
normal
neptune
ipsweep
portsweep
normal
ipsweep
normal
normal
normal
normal
normal
neptune
normal
neptune
portsweep
normal
neptune
neptune
neptune
normal
normal
normal
ipsweep
normal
normal
neptune
neptune
neptune
normal
normal
neptune
smurf
normal
normal
normal
normal
normal
neptune
normal
satan
neptune
neptune
normal
normal
normal
normal
satan
neptune
neptune
neptune
normal
normal
normal
normal
normal
neptune
neptune
portsweep
normal
neptune
neptune
neptune
normal
normal
normal
neptune
smurf
normal
neptune
normal
teardrop
normal
neptune
satan
smurf
neptune
normal
normal
normal
normal
normal
normal
satan
normal
neptune
normal
neptune
neptune
normal
normal
neptune
neptune
normal
neptune
normal
normal
normal
normal
neptune
portsweep
satan
normal
normal
neptune
normal
normal
normal
normal
smurf
neptune
neptune
normal
normal
normal
normal
neptune
normal
normal
normal
normal
normal
neptune
normal
normal
normal
neptune
neptune
neptune
neptune
normal
teardrop
normal
normal
normal
normal
ipsweep
normal
neptune
normal
normal
normal
normal
normal
neptune
neptune
normal
neptune
normal
neptune
normal
normal
ipsweep
portsweep
neptune
normal
normal
normal
normal
normal
normal
neptune
normal
normal
normal
normal
portsweep
normal
ipsweep
neptune
satan
normal
normal
satan
neptune
normal
neptune
neptune
neptune
normal
normal
normal
neptune
normal
normal
normal
normal
normal
normal
normal
neptune
neptune
neptune
neptune
normal
neptune
normal
neptune
neptune
neptune
normal
satan
neptune
normal
normal
neptune
neptune
neptune
normal
portsweep
neptune
normal
ipsweep
normal
neptune
normal
normal
normal
ipsweep
normal
normal
normal
neptune
normal
neptune
normal
portsweep
neptune
neptune
normal
normal
normal
normal
ipsweep
nmap
smurf
normal
normal
neptune
neptune
neptune
neptune
ipsweep
neptune
normal
normal
normal
normal
normal
neptune
normal
normal
normal
neptune
neptune
neptune
normal
normal
normal
normal
normal
normal
portsweep
normal
neptune
normal
normal
neptune
normal
normal
teardrop
normal
normal
normal
normal
normal
ipsweep
normal
normal
smurf
neptune
normal
normal
normal
normal
neptune
neptune
normal
normal
normal
normal
neptune
portsweep
normal
neptune
normal
smurf
neptune
neptune
neptune
normal
normal
normal
smurf
normal
neptune
normal
neptune
normal
neptune
neptune
normal
normal
normal
portsweep
neptune
ipsweep
normal
normal
normal
neptune
normal
normal
neptune
normal
neptune
nmap
normal
neptune
neptune
neptune
normal
neptune
portsweep
normal
normal
portsweep
neptune
normal
normal
neptune
normal
normal
portsweep
neptune
neptune
neptune
nmap
normal
normal
neptune
normal
normal
neptune
normal
normal
normal
neptune
neptune
normal
neptune
normal
neptune
normal
normal
normal
neptune
satan
normal
neptune
normal
normal
normal
normal
normal
normal
normal
portsweep
normal
normal
neptune
normal
normal
normal
normal
nmap
normal
normal
neptune
neptune
normal
normal
normal
nmap
normal
neptune
normal
normal
normal
normal
neptune
neptune
normal
normal
neptune
normal
normal
normal
satan
neptune
normal
neptune
neptune
neptune
neptune
normal
ipsweep
normal
normal
neptune
normal
neptune
normal
normal
neptune
neptune
neptune
normal
warezclient
neptune
normal
normal
neptune
normal
neptune
normal
normal
warezclient
normal
normal
normal
satan
normal
normal
neptune
neptune
normal
normal
neptune
normal
normal
normal
warezclient
neptune
normal
neptune
neptune
normal
neptune
normal
normal
normal
nmap
normal
neptune
normal
smurf
neptune
neptune
neptune
normal
neptune
neptune
normal
satan
normal
normal
normal
neptune
normal
normal
neptune
normal
normal
normal
neptune
normal
neptune
neptune
neptune
normal
normal
neptune
neptune
normal
normal
normal
normal
neptune
neptune
ipsweep
neptune
normal
portsweep
ipsweep
normal
neptune
normal
normal
neptune
neptune
satan
normal
back
neptune
normal
neptune
normal
normal
normal
normal
neptune
normal
neptune
normal
normal
smurf
normal
normal
neptune
normal
neptune
neptune
neptune
normal
normal
neptune
satan
normal
nmap
neptune
normal
neptune
neptune
normal
normal
neptune
normal
neptune
neptune
neptune
normal
normal
normal
neptune
normal
neptune
normal
normal
neptune
normal
neptune
satan
portsweep
neptune
normal
portsweep
neptune
ipsweep
satan
neptune
neptune
neptune
normal
neptune
normal
normal
normal
normal
normal
normal
ipsweep
normal
normal
back
neptune
neptune
normal
normal
normal
normal
normal
neptune
normal
neptune
nmap
neptune
neptune
normal
smurf
neptune
normal
normal
normal
teardrop
normal
neptune
normal
satan
normal
normal
neptune
normal
normal
neptune
neptune
normal
neptune
normal
ipsweep
smurf
normal
teardrop
normal
normal
normal
neptune
normal
neptune
normal
neptune
neptune
neptune
normal
normal
normal
neptune
normal
normal
normal
normal
neptune
neptune
neptune
neptune
normal
normal
normal
neptune
neptune
normal
normal
normal
normal
neptune
normal
normal
neptune
neptune
neptune
normal
neptune
normal
normal
neptune
satan
normal
normal
teardrop
normal
neptune
neptune
normal
normal
neptune
normal
normal
neptune
normal
normal
nmap
neptune
neptune
neptune
neptune
normal
normal
neptune
warezclient
ipsweep
normal
normal
normal
normal
portsweep
normal
normal
neptune
normal
neptune
neptune
normal
neptune
neptune
normal
neptune
neptune
ipsweep
normal
normal
neptune
normal
normal
smurf
neptune
ipsweep
neptune
normal
normal
normal
normal
normal
normal
neptune
normal
normal
neptune
normal
normal
normal
neptune
normal
normal
normal
normal
normal
normal
neptune
neptune
normal
normal
normal
normal
normal
normal
normal
neptune
neptune
normal
neptune
normal
neptune
normal
normal
normal
teardrop
neptune
normal
normal
neptune
normal
neptune
neptune
neptune
neptune
normal
normal
normal
neptune
normal
portsweep
normal
normal
neptune
normal
normal
neptune
normal
neptune
neptune
normal
normal
neptune
normal
normal
neptune
normal
normal
portsweep
neptune
neptune
neptune
neptune
normal
normal
neptune
normal
neptune
back
neptune
neptune
neptune
portsweep
neptune
normal
normal
neptune
neptune
normal
normal
normal
neptune
normal
normal
neptune
normal
normal
normal
neptune
normal
normal
normal
normal
neptune
neptune
neptune
normal
normal
neptune
neptune
normal
neptune
neptune
normal
normal
normal
normal
neptune
neptune
warezclient
normal
neptune
normal
normal
normal
ipsweep
normal
normal
normal
neptune
normal
normal
normal
normal
normal
normal
neptune
neptune
normal
neptune
neptune
neptune
normal
normal
normal
neptune
normal
normal
smurf
neptune
normal
neptune
normal
back
normal
nmap
smurf
normal
normal
neptune
satan
normal
normal
normal
neptune
neptune
normal
normal
normal
normal
normal
nmap
normal
normal
neptune
portsweep
neptune
neptune
neptune
normal
normal
neptune
normal
neptune
normal
neptune
neptune
neptune
normal
normal
normal
neptune
neptune
normal
ipsweep
neptune
ipsweep
neptune
neptune
normal
normal
neptune
normal
neptune
neptune
teardrop
normal
normal
normal
normal
portsweep
normal
normal
nmap
neptune
normal
neptune
normal
normal
neptune
satan
normal
normal
satan
normal
normal
normal
normal
normal
neptune
normal
neptune
satan
neptune
normal
neptune
satan
normal
normal
normal
normal
smurf
normal
normal
normal
neptune
neptune
normal
normal
neptune
neptune
portsweep
neptune
normal
normal
normal
neptune
neptune
neptune
normal
normal
neptune
normal
neptune
normal
neptune
neptune
nmap
normal
neptune
normal
normal
normal
normal
pod
normal
normal
teardrop
neptune
normal
normal
normal
normal
neptune
satan
neptune
smurf
normal
neptune
neptune
neptune
normal
smurf
normal
neptune
normal
normal
normal
normal
ipsweep
normal
neptune
normal
normal
normal
neptune
neptune
normal
neptune
normal
normal
normal
neptune
neptune
normal
ipsweep
neptune
neptune
normal
normal
normal
neptune
normal
neptune
ipsweep
neptune
normal
neptune
portsweep
back
neptune
normal
neptune
normal
neptune
neptune
normal
normal
normal
neptune
normal
satan
normal
neptune
neptune
normal
neptune
neptune
normal
normal
normal
normal
neptune
neptune
normal
normal
normal
smurf
ipsweep
normal
normal
neptune
neptune
normal
neptune
normal
satan
normal
portsweep
normal
normal
normal
neptune
neptune
ipsweep
normal
normal
back
neptune
normal
neptune
normal
neptune
ipsweep
neptune
normal
normal
normal
normal
normal
ipsweep
portsweep
normal
normal
normal
neptune
normal
normal
neptune
neptune
normal
neptune
normal
normal
smurf
neptune
normal
warezclient
normal
normal
normal
normal
neptune
normal
portsweep
normal
satan
portsweep
normal
neptune
neptune
back
neptune
satan
normal
normal
nmap
smurf
normal
neptune
neptune
back
normal
normal
neptune
neptune
neptune
normal
normal
normal
normal
normal
normal
teardrop
normal
normal
normal
normal
normal
normal
neptune
normal
normal
normal
loadmodule
neptune
normal
neptune
normal
normal
normal
neptune
normal
normal
normal
normal
portsweep
normal
normal
normal
normal
normal
normal
normal
normal
normal
normal
normal
neptune
normal
neptune
normal
neptune
neptune
normal
normal
neptune
neptune
smurf
normal
ipsweep
satan
satan
normal
normal
smurf
neptune
normal
normal
neptune
normal
normal
neptune
neptune
normal
neptune
neptune
neptune
normal
neptune
neptune
neptune
nmap
normal
neptune
normal
normal
neptune
neptune
neptune
normal
normal
normal
neptune
normal
neptune
normal
neptune
normal
normal
normal
normal
normal
normal
neptune
normal
normal
neptune
normal
teardrop
neptune
smurf
normal
normal
normal
normal
neptune
neptune
neptune
normal
neptune
normal
neptune
normal
neptune
normal
neptune
back
back
normal
normal
normal
normal
normal
normal
neptune
normal
normal
normal
neptune
normal
normal
normal
neptune
normal
normal
normal
normal
normal
normal
normal
normal
normal
neptune
satan
normal
teardrop
smurf
neptune
neptune
neptune
normal
normal
neptune
portsweep
normal
neptune
neptune
normal
back
normal
satan
normal
normal
ipsweep
neptune
normal
neptune
normal
neptune
normal
neptune
neptune
normal
normal
neptune
warezclient
neptune
neptune
neptune
neptune
neptune
neptune
normal
normal
normal
normal
normal
normal
normal
normal
normal
neptune
smurf
neptune
normal
normal
normal
neptune
smurf
neptune
normal
normal
back
satan
normal
satan
normal
normal
neptune
normal
normal
neptune
normal
normal
neptune
normal
normal
normal
satan
back
normal
satan
neptune
normal
normal
neptune
normal
neptune
neptune
neptune
normal
neptune
neptune
normal
normal
normal
normal
teardrop
normal
ipsweep
normal
neptune
normal
normal
normal
normal
normal
portsweep
normal
satan
normal
normal
neptune
normal
satan
normal
normal
normal
normal
ipsweep
neptune
normal
neptune
normal
normal
normal
neptune
normal
normal
normal
neptune
normal
normal
normal
normal
normal
normal
ipsweep
normal
neptune
normal
neptune
normal
normal
normal
normal
normal
neptune
normal
normal
neptune
normal
back
satan
satan
normal
neptune
normal
normal
neptune
portsweep
neptune
normal
normal
normal
normal
nmap
neptune
satan
normal
normal
normal
normal
neptune
normal
neptune
normal
neptune
neptune
normal
neptune
normal
normal
normal
teardrop
neptune
normal
normal
satan
normal
neptune
neptune
nmap
normal
normal
normal
nmap
satan
satan
normal
neptune
neptune
normal
normal
normal
neptune
neptune
neptune
neptune
normal
neptune
neptune
normal
normal
normal
neptune
neptune
neptune
normal
ipsweep
normal
normal
normal
neptune
neptune
normal
neptune
normal
normal
neptune
normal
normal
normal
neptune
neptune
portsweep
normal
normal
normal
nmap
neptune
back
normal
normal
normal
normal
normal
normal
normal
normal
neptune
normal
normal
normal
normal
normal
normal
neptune
neptune
normal
normal
neptune
neptune
normal
normal
normal
neptune
normal
normal
normal
normal
normal
normal
neptune
normal
portsweep
normal
normal
satan
neptune
normal
normal
nmap
nmap
normal
neptune
neptune
normal
normal
neptune
normal
normal
normal
smurf
neptune
neptune
normal
neptune
normal
normal
neptune
neptune
normal
neptune
neptune
neptune
normal
normal
portsweep
ipsweep
neptune
normal
satan
normal
normal
normal
neptune
neptune
normal
neptune
neptune
normal
neptune
satan
neptune
normal
neptune
normal
normal
neptune
normal
normal
neptune
neptune
normal
normal
smurf
neptune
normal
normal
normal
normal
normal
normal
neptune
neptune
normal
normal
neptune
back
neptune
neptune
normal
normal
normal
ipsweep
normal
normal
satan
neptune
normal
normal
normal
normal
normal
neptune
normal
normal
normal
normal
normal
normal
normal
normal
normal
neptune
neptune
neptune
neptune
normal
normal
portsweep
portsweep
neptune
neptune
neptune
neptune
normal
normal
neptune
normal
normal
normal
neptune
neptune
normal
normal
normal
normal
smurf
back
neptune
normal
normal
neptune
normal
normal
normal
normal
back
warezclient
normal
normal
neptune
normal
normal
neptune
nmap
neptune
neptune
normal
normal
normal
neptune
normal
smurf
neptune
neptune
portsweep
normal
neptune
neptune
neptune
neptune
satan
normal
neptune
pod
normal
normal
smurf
normal
normal
neptune
ipsweep
normal
normal
neptune
normal
normal
neptune
portsweep
neptune
normal
portsweep
neptune
normal
neptune
normal
normal
normal
normal
normal
normal
neptune
normal
normal
normal
normal
ipsweep
neptune
normal
normal
normal
neptune
portsweep
neptune
neptune
neptune
neptune
neptune
normal
ipsweep
neptune
normal
neptune
normal
normal
neptune
normal
normal
normal
neptune
satan
smurf
neptune
normal
normal
ipsweep
normal
neptune
smurf
normal
nmap
normal
ipsweep
normal
neptune
normal
neptune
smurf
neptune
normal
normal
satan
satan
normal
nmap
normal
normal
normal
neptune
normal
normal
normal
normal
neptune
satan
normal
neptune
neptune
neptune
neptune
satan
normal
normal
normal
warezclient
neptune
normal
normal
normal
normal
ipsweep
neptune
normal
neptune
neptune
normal
normal
normal
normal
normal
normal
normal
neptune
normal
normal
normal
normal
neptune
normal
neptune
neptune
normal
normal
normal
normal
normal
neptune
neptune
normal
normal
normal
neptune
normal
normal
normal
neptune
back
neptune
normal
normal
ipsweep
nmap
normal
normal
normal
neptune
neptune
satan
neptune
neptune
normal
normal
normal
neptune
neptune
back
smurf
normal
smurf
normal
normal
normal
normal
normal
normal
neptune
normal
neptune
neptune
normal
normal
normal
back
normal
smurf
normal
normal
normal
back
normal
normal
portsweep
normal
neptune
normal
normal
neptune
neptune
normal
normal
neptune
neptune
normal
normal
normal
nmap
nmap
normal
neptune
neptune
normal
normal
normal
normal
normal
smurf
neptune
normal
normal
neptune
nmap
normal
smurf
neptune
back
normal
normal
normal
neptune
normal
normal
back
normal
neptune
normal
normal
normal
normal
ipsweep
normal
normal
satan
neptune
portsweep
neptune
normal
normal
neptune
normal
normal
normal
normal
normal
normal
normal
normal
neptune
neptune
normal
neptune
normal
neptune
normal
warezmaster
neptune
neptune
neptune
neptune
normal
neptune
ipsweep
normal
neptune
neptune
normal
normal
neptune
normal
normal
normal
neptune
neptune
neptune
normal
neptune
normal
neptune
portsweep
neptune
neptune
normal
normal
normal
neptune
normal
satan
normal
normal
neptune
normal
normal
neptune
normal
normal
normal
neptune
normal
normal
neptune
normal
normal
normal
neptune
normal
normal
neptune
normal
neptune
neptune
normal
neptune
neptune
normal
normal
normal
portsweep
normal
smurf
normal
normal
neptune
smurf
normal
neptune
normal
normal
neptune
normal
normal
neptune
normal
neptune
neptune
ipsweep
ipsweep
normal
neptune
neptune
neptune
normal
normal
normal
nmap
neptune
neptune
normal
normal
normal
normal
neptune
normal
neptune
normal
ipsweep
normal
neptune
ipsweep
normal
normal
normal
normal
normal
neptune
normal
neptune
teardrop
normal
normal
normal
normal
normal
satan
normal
neptune
neptune
neptune
normal
normal
neptune
normal
back
normal
neptune
normal
normal
normal
neptune
ipsweep
neptune
neptune
neptune
neptune
neptune
neptune
portsweep
neptune
normal
neptune
neptune
normal
ipsweep
neptune
normal
normal
portsweep
normal
normal
normal
neptune
neptune
satan
normal
normal
normal
normal
neptune
neptune
normal
normal
neptune
neptune
neptune
normal
portsweep
ipsweep
normal
neptune
neptune
neptune
normal
neptune
normal
neptune
normal
neptune
normal
neptune
normal
neptune
back
neptune
normal
normal
normal
normal
normal
neptune
normal
neptune
neptune
satan
normal
neptune
nmap
neptune
normal
normal
normal
neptune
normal
normal
neptune
normal
neptune
normal
normal
normal
normal
normal
normal
teardrop
teardrop
neptune
normal
neptune
neptune
normal
portsweep
neptune
neptune
neptune
neptune
normal
neptune
normal
neptune
normal
neptune
neptune
normal
normal
normal
neptune
neptune
normal
normal
normal
neptune
smurf
normal
neptune
normal
normal
neptune
normal
normal
normal
normal
neptune
ipsweep
warezclient
normal
normal
normal
normal
neptune
neptune
satan
neptune
neptune
neptune
normal
neptune
normal
neptune
neptune
normal
normal
normal
neptune
neptune
normal
normal
normal
normal
neptune
normal
neptune
neptune
neptune
normal
normal
neptune
smurf
normal
normal
satan
normal
ipsweep
satan
normal
neptune
neptune
normal
normal
normal
normal
neptune
normal
portsweep
neptune
neptune
neptune
nmap
normal
neptune
neptune
neptune
nmap
neptune
normal
normal
portsweep
neptune
neptune
normal
neptune
normal
normal
normal
neptune
neptune
neptune
neptune
normal
neptune
neptune
normal
neptune
normal
normal
normal
normal
normal
neptune
normal
neptune
normal
neptune
nmap
neptune
normal
normal
neptune
normal
ipsweep
normal
teardrop
neptune
normal
normal
neptune
neptune
normal
neptune
neptune
normal
normal
normal
normal
normal
normal
normal
normal
normal
normal
normal
smurf
neptune
normal
normal
normal
normal
ipsweep
neptune
warezclient
neptune
neptune
normal
normal
satan
normal
neptune
portsweep
normal
normal
neptune
neptune
normal
neptune
normal
normal
normal
normal
normal
neptune
neptune
neptune
neptune
normal
satan
normal
ipsweep
neptune
normal
neptune
normal
normal
smurf
ipsweep
normal
neptune
neptune
normal
normal
ipsweep
normal
satan
neptune
normal
neptune
neptune
neptune
normal
normal
ipsweep
normal
normal
neptune
neptune
neptune
normal
satan
neptune
normal
neptune
neptune
normal
neptune
neptune
normal
normal
neptune
normal
ipsweep
satan
normal
smurf
portsweep
neptune
portsweep
satan
normal
ipsweep
normal
normal
normal
teardrop
normal
normal
neptune
normal
neptune
satan
satan
normal
normal
normal
ipsweep
teardrop
normal
nmap
normal
normal
ipsweep
normal
satan
ipsweep
normal
normal
normal
neptune
neptune
normal
neptune
normal
neptune
neptune
neptune
teardrop
neptune
portsweep
neptune
normal
normal
normal
normal
normal
neptune
normal
normal
neptune
normal
neptune
normal
warezclient
normal
normal
neptune
normal
neptune
normal
neptune
nmap
neptune
neptune
ipsweep
normal
normal
neptune
normal
normal
neptune
satan
normal
normal
normal
neptune
neptune
nmap
normal
neptune
normal
normal
neptune
normal
neptune
smurf
neptune
neptune
normal
normal
normal
normal
normal
normal
neptune
normal
neptune
normal
normal
normal
normal
normal
normal
ipsweep
neptune
neptune
normal
neptune
normal
neptune
normal
neptune
normal
normal
normal
normal
neptune
neptune
normal
neptune
normal
normal
neptune
neptune
normal
neptune
normal
neptune
normal
neptune
teardrop
neptune
normal
neptune
normal
neptune
neptune
normal
normal
normal
neptune
normal
ipsweep
ipsweep
back
neptune
neptune
neptune
normal
normal
neptune
normal
neptune
normal
normal
normal
normal
neptune
normal
smurf
normal
neptune
satan
neptune
normal
smurf
neptune
neptune
normal
normal
neptune
neptune
normal
normal
neptune
normal
neptune
back
normal
neptune
neptune
normal
neptune
normal
neptune
normal
neptune
normal
portsweep
normal
neptune
normal
normal
neptune
normal
normal
normal
normal
smurf
neptune
normal
normal
neptune
neptune
normal
neptune
neptune
normal
normal
normal
normal
normal
neptune
neptune
normal
normal
normal
portsweep
neptune
normal
normal
portsweep
neptune
neptune
normal
neptune
normal
normal
normal
normal
neptune
normal
normal
normal
warezclient
neptune
neptune
normal
neptune
neptune
warezclient
normal
normal
normal
back
normal
normal
satan
neptune
neptune
normal
normal
normal
neptune
normal
satan
neptune
neptune
normal
normal
back
normal
neptune
normal
normal
normal
neptune
normal
neptune
normal
neptune
neptune
portsweep
neptune
normal
smurf
normal
normal
normal
smurf
normal
neptune
ipsweep
neptune
neptune
neptune
neptune
normal
neptune
neptune
normal
normal
neptune
neptune
portsweep
smurf
neptune
normal
normal
neptune
normal
normal
neptune
normal
normal
neptune
normal
normal
normal
normal
normal
normal
neptune
normal
neptune
normal
neptune
normal
neptune
satan
neptune
normal
normal
smurf
neptune
neptune
normal
neptune
normal
normal
normal
nmap
neptune
neptune
neptune
normal
normal
normal
normal
normal
normal
normal
normal
neptune
neptune
warezclient
portsweep
neptune
normal
normal
normal
teardrop
ipsweep
neptune
neptune
neptune
normal
normal
normal
normal
normal
satan
normal
neptune
ipsweep
neptune
neptune
neptune
normal
normal
neptune
normal
normal
normal
neptune
normal
normal
neptune
neptune
neptune
normal
normal
normal
normal
ipsweep
normal
neptune
neptune
teardrop
normal
normal
neptune
normal
neptune
neptune
back
neptune
normal
neptune
nmap
neptune
normal
normal
neptune
normal
neptune
neptune
normal
normal
normal
neptune
neptune
neptune
neptune
normal
neptune
normal
normal
normal
normal
normal
normal
ipsweep
ipsweep
normal
neptune
normal
normal
normal
normal
neptune
normal
back
normal
neptune
neptune
neptune
normal
satan
neptune
ipsweep
normal
neptune
nmap
normal
normal
normal
normal
neptune
neptune
normal
normal
satan
neptune
neptune
normal
neptune
normal
neptune
normal
neptune
normal
normal
normal
normal
neptune
neptune
normal
smurf
smurf
normal
neptune
neptune
normal
neptune
normal
normal
neptune
neptune
portsweep
neptune
normal
neptune
smurf
normal
normal
neptune
ipsweep
normal
normal
neptune
normal
neptune
teardrop
neptune
normal
normal
normal
normal
neptune
normal
neptune
portsweep
normal
smurf
neptune
portsweep
neptune
normal
normal
neptune
normal
ipsweep
normal
normal
normal
normal
neptune
neptune
normal
ipsweep
neptune
normal
satan
normal
normal
normal
normal
neptune
normal
smurf
normal
normal
normal
normal
normal
normal
normal
normal
warezclient
neptune
neptune
neptune
neptune
normal
neptune
normal
normal
neptune
ipsweep
normal
neptune
normal
normal
normal
normal
normal
neptune
normal
normal
neptune
neptune
normal
normal
neptune
neptune
normal
neptune
neptune
normal
neptune
normal
back
neptune
neptune
neptune
ipsweep
normal
neptune
neptune
normal
normal
neptune
normal
neptune
normal
normal
neptune
normal
normal
smurf
normal
neptune
neptune
normal
normal
normal
normal
portsweep
normal
normal
normal
smurf
normal
normal
normal
normal
normal
normal
normal
neptune
smurf
normal
neptune
normal
normal
normal
ipsweep
normal
normal
normal
neptune
normal
satan
portsweep
nmap
neptune
normal
normal
normal
neptune
neptune
neptune
normal
neptune
ipsweep
normal
ipsweep
neptune
neptune
normal
normal
normal
normal
normal
normal
neptune
normal
normal
normal
normal
normal
portsweep
neptune
neptune
normal
neptune
neptune
normal
normal
normal
normal
normal
warezclient
normal
normal
normal
neptune
ipsweep
smurf
portsweep
ipsweep
normal
neptune
normal
normal
normal
normal
neptune
neptune
ipsweep
normal
neptune
neptune
neptune
normal
neptune
normal
normal
neptune
neptune
normal
normal
normal
normal
satan
normal
normal
back
normal
neptune
neptune
normal
neptune
neptune
neptune
neptune
neptune
neptune
normal
satan
normal
normal
normal
normal
normal
neptune
satan
portsweep
neptune
normal
normal
smurf
neptune
normal
normal
neptune
neptune
normal
satan
normal
neptune
normal
normal
normal
neptune
normal
normal
normal
normal
neptune
normal
neptune
normal
normal
normal
normal
normal
normal
neptune
smurf
nmap
normal
normal
normal
normal
portsweep
neptune
normal
normal
normal
normal
neptune
normal
neptune
normal
neptune
normal
normal
normal
normal
neptune
normal
normal
neptune
normal
normal
neptune
normal
normal
normal
normal
neptune
normal
normal
neptune
normal
neptune
neptune
normal
neptune
normal
portsweep
neptune
neptune
neptune
normal
normal
neptune
normal
neptune
satan
normal
neptune
neptune
neptune
normal
neptune
back
neptune
normal
normal
normal
normal
normal
normal
normal
satan
normal
teardrop
ipsweep
neptune
normal
normal
normal
neptune
normal
ipsweep
normal
normal
satan
neptune
normal
ipsweep
neptune
normal
normal
neptune
neptune
normal
normal
normal
neptune
neptune
normal
normal
smurf
neptune
normal
ipsweep
neptune
ipsweep
normal
neptune
normal
neptune
normal
normal
neptune
normal
neptune
normal
normal
normal
normal
neptune
normal
neptune
warezclient
normal
normal
neptune
normal
normal
normal
neptune
neptune
ipsweep
smurf
normal
normal
neptune
satan
normal
normal
normal
neptune
normal
portsweep
neptune
normal
satan
normal
neptune
neptune
neptune
normal
neptune
satan
normal
neptune
nmap
normal
normal
satan
ipsweep
normal
neptune
nmap
normal
normal
normal
normal
normal
neptune
back
normal
neptune
neptune
neptune
normal
neptune
normal
neptune
normal
normal
satan
normal
normal
warezclient
normal
normal
normal
neptune
neptune
normal
neptune
neptune
normal
ipsweep
normal
normal
normal
neptune
neptune
normal
normal
nmap
neptune
neptune
portsweep
neptune
normal
neptune
normal
neptune
normal
normal
normal
portsweep
normal
normal
normal
normal
neptune
normal
neptune
neptune
neptune
normal
normal
normal
neptune
neptune
normal
smurf
normal
normal
neptune
neptune
neptune
normal
neptune
normal
normal
neptune
normal
normal
neptune
ipsweep
neptune
neptune
normal
normal
normal
normal
normal
neptune
normal
normal
normal
neptune
normal
normal
normal
normal
neptune
normal
normal
neptune
neptune
portsweep
normal
neptune
normal
normal
neptune
neptune
smurf
normal
normal
normal
normal
normal
normal
ipsweep
neptune
normal
normal
neptune
normal
normal
neptune
satan
normal
normal
normal
normal
normal
normal
normal
normal
normal
neptune
neptune
neptune
normal
normal
ipsweep
neptune
neptune
normal
neptune
neptune
normal
neptune
neptune
smurf
ipsweep
neptune
neptune
normal
portsweep
normal
normal
portsweep
normal
normal
neptune
neptune
satan
normal
normal
neptune
neptune
normal
normal
normal
normal
normal
normal
normal
smurf
neptune
portsweep
ipsweep
neptune
normal
normal
normal
satan
ipsweep
normal
normal
normal
normal
neptune
normal
neptune
normal
normal
normal
neptune
neptune
normal
neptune
normal
normal
normal
neptune
normal
back
normal
smurf
normal
satan
normal
normal
neptune
normal
normal
normal
neptune
normal
normal
normal
normal
normal
normal
normal
neptune
neptune
normal
neptune
normal
normal
neptune
normal
ftp_write
normal
neptune
normal
normal
normal
normal
smurf
normal
normal
normal
normal
normal
normal
neptune
normal
neptune
normal
normal
normal
normal
neptune
normal
normal
normal
neptune
neptune
neptune
normal
normal
neptune
normal
neptune
normal
normal
nmap
normal
normal
normal
normal
neptune
normal
normal
normal
normal
normal
normal
normal
neptune
smurf
neptune
neptune
normal
normal
normal
warezclient
normal
normal
normal
normal
normal
neptune
normal
neptune
normal
normal
satan
neptune
normal
satan
neptune
neptune
neptune
normal
neptune
portsweep
normal
normal
normal
normal
normal
normal
smurf
normal
normal
neptune
normal
normal
normal
neptune
neptune
normal
normal
normal
normal
neptune
normal
neptune
neptune
normal
neptune
nmap
ipsweep
normal
normal
normal
neptune
normal
ipsweep
neptune
neptune
neptune
neptune
normal
neptune
normal
neptune
normal
neptune
normal
normal
normal
normal
normal
neptune
ipsweep
neptune
warezclient
normal
neptune
neptune
normal
neptune
neptune
neptune
neptune
neptune
nmap
normal
normal
normal
normal
neptune
normal
normal
neptune
neptune
normal
neptune
satan
smurf
nmap
normal
normal
normal
neptune
neptune
normal
normal
normal
neptune
neptune
neptune
neptune
portsweep
normal
neptune
neptune
satan
neptune
normal
smurf
normal
neptune
normal
normal
normal
normal
normal
normal
neptune
smurf
neptune
portsweep
ipsweep
neptune
normal
neptune
normal
normal
normal
neptune
normal
normal
normal
neptune
warezclient
neptune
normal
normal
normal
smurf
neptune
normal
neptune
normal
neptune
normal
normal
neptune
normal
normal
normal
normal
neptune
normal
normal
neptune
normal
normal
normal
normal
neptune
neptune
normal
neptune
normal
normal
smurf
portsweep
neptune
warezclient
normal
neptune
neptune
neptune
normal
normal
neptune
ipsweep
normal
normal
normal
satan
neptune
normal
normal
neptune
normal
normal
neptune
normal
normal
normal
neptune
neptune
normal
normal
neptune
satan
normal
neptune
normal
normal
normal
neptune
neptune
neptune
normal
normal
back
smurf
normal
normal
normal
neptune
normal
normal
normal
normal
normal
satan
normal
normal
normal
portsweep
neptune
normal
portsweep
normal
normal
normal
neptune
normal
smurf
normal
nmap
neptune
normal
neptune
normal
normal
neptune
normal
normal
smurf
normal
normal
neptune
normal
normal
normal
normal
neptune
normal
neptune
neptune
neptune
neptune
nmap
neptune
normal
neptune
neptune
normal
nmap
normal
normal
normal
normal
portsweep
normal
normal
normal
neptune
neptune
normal
neptune
neptune
smurf
neptune
neptune
neptune
neptune
neptune
normal
neptune
normal
normal
neptune
smurf
neptune
normal
normal
normal
neptune
neptune
neptune
neptune
normal
normal
neptune
smurf
normal
neptune
normal
ipsweep
neptune
neptune
neptune
neptune
neptune
nmap
normal
normal
normal
neptune
normal
normal
neptune
teardrop
neptune
normal
neptune
normal
smurf
normal
normal
neptune
neptune
neptune
normal
ipsweep
neptune
neptune
neptune
normal
normal
portsweep
ipsweep
normal
neptune
normal
portsweep
guess_passwd
normal
satan
normal
neptune
normal
normal
normal
normal
normal
neptune
normal
normal
normal
normal
satan
normal
normal
normal
normal
normal
back
neptune
neptune
normal
satan
ipsweep
normal
ipsweep
satan
normal
neptune
normal
ipsweep
normal
normal
neptune
normal
normal
normal
normal
normal
normal
satan
normal
neptune
neptune
normal
normal
normal
normal
neptune
normal
neptune
normal
normal
normal
normal
neptune
normal
normal
normal
normal
normal
neptune
neptune
smurf
normal
smurf
normal
neptune
neptune
normal
normal
portsweep
normal
teardrop
normal
normal
normal
normal
neptune
neptune
normal
normal
normal
smurf
neptune
neptune
normal
smurf
normal
normal
neptune
neptune
neptune
normal
neptune
teardrop
neptune
neptune
ipsweep
neptune
normal
neptune
normal
neptune
normal
normal
neptune
normal
normal
neptune
normal
normal
neptune
normal
neptune
normal
normal
normal
neptune
normal
neptune
neptune
normal
normal
portsweep
neptune
normal
neptune
neptune
normal
normal
neptune
normal
neptune
normal
neptune
normal
normal
normal
smurf
teardrop
neptune
neptune
normal
normal
normal
normal
neptune
normal
neptune
normal
normal
normal
satan
neptune
neptune
neptune
normal
normal
neptune
satan
normal
normal
normal
portsweep
satan
normal
normal
neptune
neptune
normal
normal
normal
neptune
normal
normal
neptune
normal
neptune
normal
neptune
neptune
normal
normal
normal
back
normal
normal
neptune
portsweep
satan
normal
neptune
normal
neptune
ipsweep
normal
neptune
normal
neptune
normal
neptune
normal
normal
normal
normal
normal
normal
ipsweep
normal
normal
neptune
normal
normal
neptune
neptune
satan
normal
normal
neptune
neptune
portsweep
normal
ipsweep
normal
normal
normal
normal
normal
normal
normal
normal
normal
normal
normal
neptune
neptune
neptune
normal
neptune
neptune
normal
warezclient
portsweep
ftp_write
normal
normal
neptune
normal
neptune
normal
neptune
normal
normal
normal
normal
normal
normal
neptune
neptune
normal
normal
neptune
neptune
warezclient
neptune
normal
normal
normal
neptune
normal
satan
normal
neptune
normal
normal
neptune
normal
normal
normal
normal
normal
ipsweep
neptune
normal
smurf
normal
normal
normal
neptune
neptune
back
normal
neptune
normal
satan
normal
normal
neptune
normal
normal
normal
normal
satan
neptune
normal
neptune
neptune
neptune
smurf
normal
normal
normal
normal
neptune
normal
normal
normal
neptune
ipsweep
neptune
normal
normal
smurf
ipsweep
normal
neptune
normal
neptune
normal
normal
normal
neptune
normal
back
neptune
neptune
neptune
normal
warezclient
normal
neptune
neptune
nmap
normal
normal
neptune
ipsweep
neptune
neptune
normal
neptune
normal
normal
normal
normal
neptune
normal
normal
normal
neptune
normal
ipsweep
neptune
neptune
neptune
neptune
neptune
neptune
teardrop
normal
normal
normal
normal
warezclient
neptune
normal
neptune
back
neptune
neptune
normal
normal
normal
normal
normal
neptune
normal
satan
normal
neptune
normal
satan
ipsweep
normal
normal
neptune
normal
normal
normal
normal
normal
neptune
normal
normal
normal
satan
portsweep
normal
normal
normal
ipsweep
normal
warezclient
normal
neptune
neptune
normal
neptune
neptune
neptune
neptune
normal
normal
normal
normal
ipsweep
neptune
neptune
normal
normal
neptune
neptune
neptune
normal
ipsweep
neptune
normal
neptune
neptune
neptune
normal
neptune
portsweep
neptune
normal
ipsweep
normal
normal
portsweep
neptune
satan
nmap
normal
neptune
normal
neptune
normal
neptune
normal
warezclient
neptune
normal
neptune
neptune
normal
neptune
neptune
neptune
neptune
normal
neptune
smurf
neptune
portsweep
normal
neptune
normal
normal
satan
normal
neptune
normal
neptune
ipsweep
neptune
neptune
neptune
normal
normal
normal
normal
normal
normal
normal
normal
neptune
normal
nmap
normal
neptune
neptune
normal
smurf
normal
neptune
neptune
neptune
neptune
neptune
neptune
normal
smurf
neptune
neptune
neptune
normal
neptune
normal
satan
normal
neptune
normal
neptune
normal
neptune
normal
normal
warezclient
warezclient
neptune
normal
neptune
neptune
neptune
normal
smurf
normal
neptune
normal
normal
normal
normal
normal
neptune
normal
neptune
neptune
neptune
normal
neptune
teardrop
normal
neptune
teardrop
normal
ipsweep
neptune
normal
neptune
neptune
portsweep
portsweep
normal
normal
neptune
neptune
neptune
neptune
normal
normal
normal
neptune
teardrop
normal
normal
normal
neptune
normal
neptune
neptune
neptune
normal
normal
normal
neptune
normal
normal
neptune
neptune
neptune
neptune
normal
neptune
normal
normal
neptune
normal
neptune
normal
neptune
normal
normal
neptune
neptune
normal
neptune
normal
smurf
ipsweep
normal
normal
neptune
neptune
neptune
neptune
normal
neptune
neptune
normal
neptune
nmap
normal
normal
satan
normal
neptune
normal
neptune
neptune
neptune
normal
normal
neptune
back
neptune
neptune
satan
normal
normal
normal
normal
normal
satan
neptune
normal
nmap
normal
neptune
neptune
normal
normal
normal
neptune
normal
normal
normal
nmap
neptune
normal
normal
neptune
normal
neptune
normal
normal
smurf
normal
normal
normal
normal
normal
normal
normal
smurf
normal
normal
normal
neptune
normal
neptune
normal
normal
normal
normal
normal
ipsweep
normal
normal
normal
normal
warezclient
teardrop
normal
normal
neptune
normal
normal
back
neptune
normal
neptune
normal
satan
normal
neptune
normal
neptune
normal
ipsweep
normal
neptune
normal
normal
neptune
normal
neptune
normal
normal
neptune
normal
normal
neptune
normal
normal
neptune
ipsweep
normal
normal
normal
neptune
normal
normal
normal
normal
normal
normal
normal
ipsweep
normal
normal
normal
normal
normal
normal
neptune
normal
neptune
normal
normal
neptune
normal
normal
portsweep
neptune
neptune
normal
normal
normal
ipsweep
neptune
neptune
neptune
neptune
normal
normal
normal
normal
neptune
smurf
neptune
smurf
neptune
ipsweep
neptune
normal
portsweep
smurf
normal
neptune
normal
neptune
normal
normal
neptune
normal
normal
neptune
normal
normal
normal
normal
normal
neptune
neptune
neptune
smurf
neptune
normal
normal
normal
normal
normal
normal
normal
neptune
normal
normal
smurf
neptune
neptune
normal
portsweep
neptune
normal
normal
portsweep
normal
normal
normal
neptune
neptune
neptune
neptune
neptune
normal
neptune
neptune
neptune
normal
neptune
normal
normal
neptune
normal
normal
normal
neptune
normal
normal
normal
normal
normal
portsweep
nmap
normal
normal
normal
portsweep
normal
normal
normal
normal
normal
normal
neptune
normal
neptune
normal
normal
neptune
neptune
normal
normal
neptune
neptune
normal
smurf
neptune
smurf
normal
normal
normal
normal
normal
normal
normal
nmap
normal
normal
normal
satan
normal
normal
ipsweep
satan
normal
normal
normal
normal
normal
smurf
ipsweep
neptune
neptune
neptune
normal
normal
neptune
neptune
normal
normal
neptune
normal
back
normal
neptune
smurf
neptune
normal
normal
portsweep
normal
neptune
normal
neptune
neptune
normal
normal
neptune
normal
normal
normal
normal
normal
neptune
normal
neptune
satan
normal
neptune
normal
normal
normal
neptune
normal
neptune
back
normal
normal
smurf
normal
neptune
normal
normal
neptune
warezclient
neptune
normal
nmap
normal
normal
normal
normal
nmap
normal
neptune
normal
normal
normal
normal
normal
normal
normal
normal
neptune
back
normal
portsweep
neptune
warezclient
normal
normal
portsweep
normal
satan
normal
neptune
portsweep
normal
normal
normal
neptune
neptune
normal
normal
smurf
normal
normal
normal
neptune
normal
normal
neptune
normal
normal
neptune
satan
neptune
normal
normal
normal
neptune
normal
neptune
neptune
normal
normal
normal
normal
normal
neptune
neptune
normal
normal
nmap
normal
normal
neptune
neptune
normal
normal
neptune
normal
normal
normal
normal
normal
normal
normal
normal
neptune
neptune
neptune
portsweep
neptune
normal
neptune
normal
normal
normal
neptune
normal
normal
neptune
neptune
neptune
neptune
normal
normal
neptune
ipsweep
neptune
normal
ipsweep
warezclient
normal
normal
neptune
neptune
normal
satan
neptune
normal
neptune
neptune
neptune
normal
neptune
neptune
neptune
normal
neptune
neptune
normal
normal
normal
normal
neptune
normal
normal
teardrop
normal
normal
normal
land
normal
satan
normal
neptune
normal
normal
normal
normal
normal
neptune
normal
normal
neptune
normal
normal
neptune
normal
normal
neptune
normal
smurf
normal
normal
neptune
neptune
normal
normal
normal
normal
normal
normal
neptune
neptune
normal
normal
neptune
normal
neptune
normal
neptune
normal
portsweep
neptune
normal
neptune
normal
normal
satan
normal
neptune
neptune
normal
normal
normal
normal
normal
normal
normal
normal
normal
neptune
normal
neptune
normal
neptune
normal
neptune
normal
normal
neptune
normal
normal
satan
normal
neptune
neptune
normal
normal
neptune
normal
normal
neptune
normal
normal
normal
portsweep
normal
normal
neptune
neptune
normal
neptune
normal
neptune
satan
normal
normal
ipsweep
normal
normal
satan
normal
normal
neptune
neptune
neptune
smurf
normal
neptune
normal
normal
neptune
normal
normal
normal
normal
satan
normal
normal
neptune
neptune
satan
neptune
portsweep
normal
normal
neptune
normal
normal
satan
neptune
normal
neptune
normal
normal
neptune
normal
normal
neptune
normal
normal
normal
normal
ipsweep
neptune
neptune
neptune
portsweep
neptune
normal
normal
normal
ipsweep
normal
neptune
neptune
normal
satan
neptune
normal
normal
ipsweep
normal
normal
normal
normal
normal
normal
ipsweep
normal
normal
neptune
normal
normal
normal
normal
normal
neptune
normal
normal
neptune
normal
portsweep
neptune
neptune
portsweep
normal
normal
normal
smurf
neptune
normal
ipsweep
normal
neptune
normal
neptune
neptune
neptune
normal
neptune
normal
normal
normal
normal
satan
neptune
satan
normal
neptune
normal
normal
neptune
normal
normal
normal
warezclient
neptune
neptune
normal
normal
normal
normal
neptune
normal
neptune
normal
portsweep
normal
neptune
ipsweep
normal
smurf
normal
neptune
normal
normal
neptune
neptune
normal
smurf
neptune
neptune
neptune
normal
neptune
neptune
normal
neptune
normal
smurf
neptune
normal
normal
normal
normal
normal
neptune
ipsweep
neptune
neptune
normal
neptune
neptune
normal
neptune
normal
normal
neptune
normal
normal
neptune
normal
normal
portsweep
neptune
normal
neptune
neptune
normal
normal
normal
neptune
normal
nmap
normal
normal
normal
portsweep
neptune
satan
normal
normal
normal
smurf
neptune
neptune
normal
neptune
normal
normal
normal
normal
neptune
neptune
normal
normal
normal
satan
normal
normal
normal
normal
normal
ipsweep
normal
normal
neptune
ipsweep
neptune
neptune
neptune
normal
neptune
neptune
normal
neptune
neptune
neptune
neptune
normal
normal
nmap
ipsweep
normal
normal
normal
normal
neptune
normal
ipsweep
neptune
portsweep
neptune
satan
neptune
normal
satan
normal
neptune
normal
neptune
neptune
neptune
normal
normal
normal
neptune
neptune
normal
normal
normal
normal
normal
neptune
neptune
normal
neptune
normal
neptune
normal
neptune
neptune
normal
neptune
neptune
warezclient
normal
normal
smurf
normal
normal
neptune
neptune
neptune
neptune
normal
normal
neptune
normal
normal
neptune
neptune
neptune
portsweep
normal
portsweep
normal
neptune
neptune
normal
normal
normal
normal
normal
normal
normal
ipsweep
neptune
satan
normal
neptune
neptune
neptune
normal
normal
satan
normal
normal
normal
normal
neptune
satan
normal
normal
neptune
neptune
normal
normal
smurf
normal
normal
normal
neptune
normal
normal
normal
normal
neptune
normal
normal
portsweep
nmap
normal
normal
normal
neptune
neptune
normal
normal
neptune
back
normal
normal
neptune
satan
normal
neptune
neptune
normal
normal
normal
neptune
normal
normal
normal
normal
normal
normal
normal
normal
neptune
normal
normal
normal
neptune
smurf
normal
neptune
normal
normal
neptune
neptune
neptune
nmap
ipsweep
normal
neptune
neptune
neptune
neptune
normal
normal
normal
normal
neptune
neptune
normal
normal
normal
normal
neptune
satan
neptune
satan
neptune
normal
normal
neptune
normal
neptune
neptune
normal
normal
neptune
normal
normal
satan
normal
normal
neptune
normal
neptune
normal
back
normal
normal
neptune
neptune
neptune
neptune
normal
normal
neptune
smurf
neptune
neptune
normal
back
normal
normal
ipsweep
normal
neptune
neptune
neptune
normal
normal
normal
normal
normal
normal
portsweep
normal
smurf
normal
normal
neptune
normal
normal
satan
normal
neptune
neptune
neptune
neptune
normal
neptune
neptune
normal
neptune
normal
normal
normal
neptune
neptune
neptune
normal
neptune
normal
normal
neptune
neptune
normal
normal
normal
normal
normal
normal
normal
neptune
neptune
neptune
ipsweep
normal
normal
neptune
normal
neptune
neptune
normal
normal
normal
normal
normal
normal
normal
normal
neptune
normal
neptune
neptune
normal
neptune
normal
normal
normal
normal
ipsweep
neptune
normal
smurf
normal
normal
neptune
neptune
neptune
neptune
neptune
normal
nmap
neptune
normal
neptune
normal
normal
normal
neptune
buffer_overflow
normal
normal
neptune
neptune
normal
normal
neptune
neptune
normal
ipsweep
normal
normal
normal
neptune
back
normal
portsweep
normal
neptune
normal
normal
neptune
neptune
normal
normal
neptune
satan
normal
normal
normal
neptune
normal
normal
satan
neptune
normal
normal
normal
neptune
normal
normal
normal
normal
neptune
normal
neptune
neptune
nmap
teardrop
normal
neptune
neptune
satan
normal
normal
teardrop
neptune
neptune
normal
neptune
normal
normal
normal
normal
normal
normal
satan
normal
neptune
normal
neptune
normal
normal
teardrop
neptune
normal
satan
satan
neptune
normal
normal
normal
satan
neptune
normal
normal
satan
neptune
normal
ipsweep
neptune
satan
normal
normal
portsweep
normal
neptune
portsweep
normal
neptune
normal
normal
neptune
satan
neptune
normal
normal
normal
normal
normal
neptune
normal
portsweep
normal
normal
portsweep
normal
normal
neptune
normal
normal
neptune
normal
satan
neptune
normal
neptune
neptune
neptune
ipsweep
normal
normal
normal
neptune
satan
normal
normal
neptune
normal
normal
neptune
neptune
normal
normal
normal
back
neptune
neptune
normal
neptune
normal
normal
normal
back
normal
neptune
normal
nmap
normal
portsweep
neptune
normal
normal
neptune
normal
normal
neptune
neptune
normal
normal
neptune
normal
ipsweep
neptune
portsweep
neptune
neptune
teardrop
neptune
normal
neptune
neptune
neptune
normal
normal
ipsweep
normal
normal
normal
smurf
normal
normal
portsweep
neptune
normal
neptune
normal
normal
neptune
normal
neptune
neptune
normal
normal
neptune
normal
normal
neptune
neptune
normal
back
normal
neptune
normal
ipsweep
normal
portsweep
normal
normal
normal
neptune
ipsweep
satan
neptune
normal
neptune
portsweep
neptune
neptune
warezclient
normal
normal
neptune
neptune
ipsweep
normal
normal
normal
normal
neptune
neptune
neptune
ipsweep
neptune
normal
neptune
normal
normal
portsweep
normal
neptune
normal
neptune
neptune
normal
neptune
normal
normal
normal
neptune
teardrop
neptune
smurf
normal
neptune
satan
satan
normal
neptune
normal
satan
normal
normal
normal
normal
normal
neptune
normal
normal
normal
neptune
neptune
neptune
neptune
normal
neptune
normal
neptune
neptune
normal
normal
normal
normal
normal
normal
normal
normal
normal
normal
teardrop
teardrop
neptune
satan
normal
normal
normal
normal
normal
normal
ipsweep
normal
normal
normal
ipsweep
normal
neptune
back
normal
normal
ipsweep
neptune
normal
portsweep
neptune
neptune
normal
normal
neptune
normal
neptune
normal
normal
ipsweep
normal
normal
normal
ipsweep
normal
normal
smurf
normal
neptune
normal
normal
normal
normal
nmap
neptune
neptune
normal
normal
normal
neptune
neptune
normal
neptune
normal
normal
satan
neptune
back
normal
neptune
normal
neptune
normal
neptune
neptune
portsweep
neptune
portsweep
normal
neptune
neptune
normal
ipsweep
neptune
back
normal
normal
normal
normal
normal
neptune
normal
neptune
normal
normal
neptune
smurf
portsweep
normal
normal
normal
normal
normal
neptune
normal
normal
normal
normal
neptune
neptune
normal
normal
neptune
neptune
normal
normal
normal
neptune
neptune
neptune
normal
portsweep
neptune
normal
portsweep
neptune
normal
normal
neptune
portsweep
neptune
normal
ipsweep
neptune
neptune
normal
normal
normal
normal
normal
normal
portsweep
teardrop
neptune
normal
normal
normal
neptune
normal
normal
normal
normal
normal
normal
neptune
normal
ipsweep
normal
neptune
normal
satan
normal
neptune
neptune
normal
normal
neptune
smurf
neptune
neptune
neptune
satan
normal
normal
normal
neptune
normal
neptune
normal
neptune
normal
neptune
smurf
neptune
normal
normal
normal
normal
neptune
neptune
neptune
normal
smurf
portsweep
normal
neptune
neptune
normal
nmap
normal
satan
normal
normal
normal
normal
neptune
normal
ipsweep
satan
neptune
neptune
normal
smurf
satan
normal
normal
normal
normal
normal
normal
ipsweep
normal
satan
normal
portsweep
neptune
normal
neptune
neptune
normal
smurf
normal
normal
neptune
normal
normal
neptune
normal
normal
normal
normal
normal
normal
normal
normal
normal
neptune
normal
neptune
normal
neptune
normal
neptune
nmap
neptune
normal
normal
normal
normal
neptune
normal
portsweep
smurf
normal
neptune
normal
normal
ipsweep
normal
neptune
neptune
neptune
neptune
neptune
smurf
normal
neptune
satan
normal
normal
normal
normal
normal
neptune
normal
normal
neptune
satan
normal
smurf
normal
normal
normal
neptune
buffer_overflow
normal
neptune
satan
normal
neptune
normal
normal
normal
normal
normal
neptune
normal
normal
neptune
normal
neptune
normal
normal
teardrop
neptune
normal
neptune
normal
neptune
normal
normal
normal
neptune
normal
neptune
neptune
normal
smurf
normal
ipsweep
normal
ipsweep
normal
portsweep
normal
normal
neptune
normal
normal
normal
normal
normal
neptune
normal
normal
normal
neptune
normal
ipsweep
normal
normal
smurf
normal
smurf
normal
portsweep
neptune
neptune
normal
normal
neptune
satan
normal
normal
satan
normal
normal
neptune
normal
normal
normal
normal
normal
back
normal
normal
normal
back
normal
neptune
normal
normal
normal
normal
neptune
normal
normal
normal
neptune
normal
back
normal
neptune
neptune
normal
normal
neptune
normal
normal
normal
neptune
normal
normal
neptune
neptune
neptune
normal
neptune
normal
normal
normal
normal
neptune
neptune
neptune
normal
neptune
normal
normal
normal
normal
neptune
neptune
normal
normal
neptune
neptune
neptune
normal
ipsweep
normal
normal
normal
neptune
neptune
neptune
normal
neptune
normal
normal
neptune
portsweep
normal
normal
normal
normal
normal
neptune
pod
normal
normal
normal
neptune
neptune
neptune
neptune
neptune
teardrop
neptune
neptune
normal
normal
ipsweep
normal
normal
normal
neptune
normal
normal
normal
normal
nmap
normal
normal
satan
neptune
teardrop
neptune
normal
satan
neptune
satan
normal
normal
neptune
neptune
neptune
normal
normal
normal
neptune
neptune
ipsweep
neptune
normal
neptune
neptune
normal
normal
normal
neptune
neptune
normal
normal
normal
normal
normal
normal
normal
neptune
normal
neptune
neptune
neptune
neptune
neptune
normal
neptune
neptune
normal
teardrop
normal
normal
normal
neptune
normal
portsweep
normal
normal
normal
satan
normal
normal
normal
neptune
satan
smurf
ipsweep
neptune
normal
normal
normal
neptune
neptune
neptune
normal
neptune
normal
satan
normal
neptune
normal
neptune
neptune
normal
neptune
normal
neptune
smurf
normal
normal
normal
neptune
satan
normal
normal
neptune
normal
normal
normal
satan
normal
portsweep
neptune
normal
normal
neptune
neptune
neptune
neptune
normal
smurf
normal
neptune
normal
neptune
normal
neptune
normal
neptune
normal
satan
normal
neptune
normal
neptune
ipsweep
normal
ipsweep
normal
normal
normal
normal
neptune
ipsweep
ipsweep
neptune
normal
neptune
neptune
neptune
normal
normal
normal
portsweep
buffer_overflow
normal
neptune
neptune
normal
normal
normal
neptune
neptune
nmap
normal
normal
normal
normal
normal
normal
normal
neptune
neptune
neptune
neptune
teardrop
normal
normal
normal
normal
normal
normal
neptune
normal
neptune
normal
portsweep
neptune
neptune
normal
neptune
normal
normal
normal
normal
normal
normal
normal
normal
neptune
neptune
neptune
normal
neptune
neptune
neptune
neptune
normal
normal
neptune
normal
neptune
neptune
normal
normal
normal
satan
neptune
normal
neptune
normal
neptune
normal
normal
normal
neptune
normal
nmap
normal
normal
neptune
normal
neptune
satan
ipsweep
normal
normal
normal
neptune
neptune
normal
neptune
normal
normal
neptune
normal
normal
normal
neptune
normal
neptune
neptune
normal
neptune
neptune
neptune
neptune
normal
satan
smurf
back
nmap
smurf
teardrop
normal
normal
normal
neptune
neptune
neptune
warezclient
normal
normal
normal
neptune
normal
neptune
normal
satan
neptune
warezclient
neptune
normal
normal
normal
normal
ipsweep
normal
neptune
neptune
neptune
normal
neptune
neptune
normal
neptune
normal
neptune
normal
normal
normal
normal
normal
normal
neptune
normal
normal
neptune
normal
normal
normal
normal
normal
neptune
neptune
neptune
normal
neptune
normal
normal
normal
normal
portsweep
normal
neptune
smurf
neptune
normal
normal
portsweep
normal
normal
normal
normal
normal
ipsweep
neptune
neptune
normal
normal
neptune
normal
smurf
normal
normal
neptune
neptune
normal
normal
normal
normal
normal
ipsweep
normal
neptune
neptune
normal
normal
neptune
nmap
normal
normal
normal
normal
normal
neptune
neptune
neptune
normal
normal
neptune
normal
satan
neptune
nmap
normal
normal
normal
normal
normal
neptune
normal
neptune
normal
neptune
neptune
neptune
normal
normal
normal
normal
portsweep
normal
neptune
neptune
normal
neptune
normal
nmap
normal
normal
neptune
normal
neptune
neptune
neptune
normal
normal
neptune
neptune
normal
neptune
smurf
normal
neptune
normal
normal
normal
neptune
normal
normal
normal
neptune
normal
back
normal
nmap
normal
normal
neptune
normal
normal
neptune
neptune
normal
normal
normal
portsweep
normal
normal
ipsweep
neptune
normal
normal
normal
neptune
neptune
normal
normal
normal
normal
neptune
normal
neptune
normal
normal
normal
normal
normal
normal
normal
neptune
normal
normal
normal
normal
normal
normal
neptune
neptune
neptune
neptune
normal
normal
normal
normal
normal
normal
neptune
normal
normal
neptune
normal
normal
normal
neptune
warezclient
ipsweep
satan
smurf
neptune
normal
normal
normal
normal
normal
normal
normal
satan
normal
normal
normal
smurf
normal
neptune
back
normal
normal
normal
neptune
normal
normal
neptune
normal
normal
neptune
satan
neptune
normal
portsweep
neptune
normal
normal
neptune
normal
portsweep
normal
neptune
ipsweep
neptune
normal
portsweep
normal
normal
normal
neptune
normal
normal
normal
neptune
neptune
smurf
normal
normal
normal
ipsweep
normal
normal
satan
neptune
guess_passwd
normal
satan
normal
neptune
neptune
neptune
neptune
neptune
neptune
normal
normal
normal
normal
normal
neptune
normal
normal
normal
normal
normal
normal
normal
neptune
normal
neptune
neptune
smurf
smurf
neptune
neptune
neptune
neptune
normal
normal
normal
neptune
neptune
neptune
neptune
normal
normal
normal
normal
normal
neptune
normal
normal
normal
neptune
neptune
neptune
neptune
ipsweep
warezclient
normal
normal
normal
neptune
neptune
normal
normal
normal
normal
neptune
neptune
normal
normal
neptune
satan
normal
normal
normal
neptune
normal
normal
normal
neptune
satan
normal
normal
smurf
satan
normal
neptune
normal
normal
normal
normal
neptune
normal
neptune
satan
normal
neptune
normal
normal
neptune
normal
normal
neptune
neptune
neptune
teardrop
normal
normal
neptune
neptune
neptune
normal
normal
neptune
normal
normal
normal
neptune
smurf
neptune
normal
neptune
normal
normal
neptune
smurf
normal
normal
normal
normal
back
normal
ipsweep
normal
portsweep
normal
normal
normal
ipsweep
normal
portsweep
neptune
normal
neptune
normal
satan
normal
portsweep
smurf
normal
smurf
neptune
normal
neptune
normal
normal
normal
neptune
normal
normal
neptune
normal
normal
normal
neptune
normal
neptune
neptune
normal
normal
normal
neptune
normal
normal
neptune
neptune
normal
normal
normal
normal
normal
normal
neptune
normal
normal
neptune
normal
normal
normal
neptune
satan
normal
neptune
normal
normal
neptune
neptune
ipsweep
nmap
normal
neptune
neptune
neptune
neptune
normal
neptune
neptune
normal
neptune
normal
normal
smurf
satan
normal
neptune
normal
normal
neptune
neptune
neptune
neptune
neptune
normal
neptune
normal
neptune
normal
satan
normal
normal
normal
neptune
normal
neptune
normal
neptune
neptune
portsweep
normal
neptune
neptune
neptune
normal
normal
normal
normal
neptune
neptune
normal
normal
satan
normal
normal
normal
neptune
neptune
neptune
normal
neptune
neptune
neptune
normal
neptune
normal
normal
neptune
normal
smurf
neptune
neptune
neptune
normal
neptune
normal
neptune
normal
neptune
normal
neptune
neptune
neptune
normal
neptune
normal
neptune
neptune
normal
normal
neptune
neptune
normal
normal
neptune
normal
normal
neptune
normal
back
neptune
normal
neptune
portsweep
normal
normal
neptune
normal
normal
neptune
neptune
neptune
warezclient
normal
normal
neptune
neptune
normal
normal
normal
normal
normal
normal
normal
neptune
portsweep
normal
neptune
normal
normal
ipsweep
normal
normal
normal
normal
normal
normal
normal
normal
neptune
neptune
normal
neptune
neptune
normal
nmap
neptune
neptune
neptune
normal
satan
nmap
neptune
normal
neptune
normal
normal
neptune
normal
normal
neptune
neptune
normal
normal
neptune
neptune
neptune
normal
normal
satan
neptune
normal
neptune
ipsweep
neptune
neptune
normal
neptune
neptune
normal
neptune
normal
normal
normal
normal
normal
normal
normal
normal
normal
normal
smurf
normal
neptune
neptune
normal
neptune
ipsweep
normal
neptune
normal
normal
back
normal
normal
warezclient
normal
neptune
neptune
normal
neptune
normal
neptune
normal
normal
neptune
nmap
normal
normal
normal
normal
neptune
neptune
normal
portsweep
normal
neptune
normal
normal
portsweep
normal
normal
normal
neptune
smurf
neptune
neptune
neptune
normal
normal
normal
portsweep
normal
neptune
neptune
normal
smurf
neptune
normal
smurf
neptune
normal
normal
normal
neptune
neptune
neptune
normal
neptune
normal
neptune
neptune
normal
normal
normal
neptune
normal
normal
normal
normal
neptune
normal
normal
neptune
normal
normal
normal
normal
normal
teardrop
normal
normal
neptune
neptune
nmap
normal
neptune
normal
neptune
portsweep
normal
teardrop
normal
neptune
neptune
neptune
normal
neptune
normal
normal
smurf
normal
neptune
neptune
neptune
neptune
neptune
neptune
neptune
normal
neptune
neptune
neptune
normal
normal
normal
normal
portsweep
neptune
normal
normal
normal
normal
ipsweep
neptune
normal
normal
portsweep
normal
neptune
normal
normal
neptune
normal
normal
normal
normal
neptune
normal
normal
portsweep
portsweep
normal
ipsweep
normal
normal
teardrop
teardrop
normal
normal
smurf
normal
normal
normal
neptune
neptune
nmap
neptune
satan
normal
neptune
normal
neptune
neptune
neptune
neptune
neptune
neptune
neptune
normal
neptune
normal
normal
ipsweep
portsweep
neptune
normal
normal
normal
neptune
normal
normal
neptune
normal
neptune
smurf
neptune
normal
normal
normal
normal
neptune
normal
normal
back
neptune
normal
normal
neptune
portsweep
normal
neptune
normal
normal
normal
normal
nmap
ipsweep
normal
normal
neptune
normal
normal
normal
neptune
normal
normal
normal
normal
neptune
normal
neptune
neptune
normal
neptune
ipsweep
normal
normal
normal
neptune
nmap
neptune
neptune
satan
normal
neptune
normal
normal
normal
normal
satan
normal
normal
normal
normal
neptune
smurf
neptune
portsweep
neptune
smurf
neptune
normal
normal
normal
nmap
neptune
normal
normal
normal
normal
ipsweep
neptune
neptune
normal
normal
normal
normal
neptune
neptune
neptune
normal
normal
neptune
normal
normal
neptune
normal
normal
normal
neptune
neptune
normal
neptune
neptune
ipsweep
satan
normal
neptune
normal
normal
neptune
neptune
normal
normal
normal
neptune
normal
normal
normal
neptune
normal
satan
nmap
normal
normal
satan
normal
normal
normal
normal
normal
normal
neptune
normal
smurf
warezclient
normal
normal
neptune
neptune
normal
satan
normal
normal
neptune
neptune
normal
neptune
neptune
neptune
normal
normal
normal
normal
ipsweep
normal
warezclient
teardrop
normal
normal
neptune
normal
nmap
neptune
neptune
neptune
neptune
neptune
back
normal
neptune
neptune
neptune
normal
smurf
normal
normal
satan
ipsweep
normal
normal
neptune
satan
neptune
neptune
normal
neptune
normal
neptune
normal
normal
normal
normal
normal
ipsweep
neptune
smurf
normal
neptune
neptune
normal
neptune
neptune
neptune
neptune
neptune
normal
neptune
neptune
normal
normal
neptune
ipsweep
normal
normal
neptune
normal
normal
ipsweep
neptune
normal
normal
normal
normal
normal
normal
neptune
normal
neptune
neptune
normal
neptune
normal
neptune
neptune
normal
normal
normal
normal
normal
normal
neptune
neptune
normal
normal
neptune
portsweep
satan
normal
normal
neptune
back
neptune
normal
neptune
neptune
normal
neptune
normal
neptune
normal
normal
normal
normal
normal
normal
normal
normal
normal
normal
normal
normal
normal
normal
normal
normal
neptune
smurf
neptune
normal
normal
ipsweep
neptune
normal
neptune
neptune
normal
normal
neptune
normal
neptune
neptune
neptune
neptune
normal
neptune
smurf
normal
normal
normal
neptune
ipsweep
normal
normal
ipsweep
normal
normal
neptune
normal
satan
normal
normal
teardrop
normal
normal
normal
normal
neptune
neptune
normal
neptune
normal
normal
normal
neptune
normal
normal
normal
normal
normal
normal
neptune
neptune
normal
neptune
neptune
normal
normal
normal
portsweep
neptune
normal
normal
ipsweep
normal
neptune
smurf
normal
neptune
portsweep
normal
normal
normal
normal
normal
normal
normal
normal
normal
neptune
neptune
teardrop
normal
normal
normal
portsweep
normal
normal
normal
normal
neptune
back
neptune
neptune
normal
normal
neptune
neptune
portsweep
normal
neptune
neptune
neptune
normal
neptune
neptune
neptune
normal
neptune
neptune
neptune
normal
normal
neptune
normal
neptune
neptune
normal
normal
neptune
neptune
normal
ipsweep
normal
neptune
neptune
normal
normal
normal
normal
neptune
neptune
normal
normal
normal
neptune
neptune
neptune
normal
normal
normal
neptune
normal
normal
portsweep
normal
neptune
neptune
teardrop
neptune
neptune
normal
normal
normal
normal
normal
neptune
normal
neptune
portsweep
nmap
neptune
normal
normal
normal
normal
normal
smurf
neptune
neptune
neptune
normal
normal
smurf
ipsweep
normal
normal
normal
normal
normal
normal
neptune
normal
normal
neptune
neptune
normal
neptune
normal
normal
neptune
normal
neptune
neptune
normal
normal
normal
normal
normal
normal
neptune
normal
neptune
normal
normal
teardrop
normal
portsweep
normal
neptune
normal
neptune
normal
neptune
normal
normal
normal
normal
neptune
normal
neptune
normal
neptune
normal
ipsweep
neptune
normal
satan
neptune
normal
normal
neptune
portsweep
normal
normal
neptune
pod
satan
neptune
normal
normal
neptune
normal
normal
neptune
normal
normal
normal
portsweep
normal
normal
neptune
normal
normal
normal
neptune
neptune
neptune
neptune
normal
ipsweep
neptune
neptune
neptune
neptune
normal
normal
ipsweep
normal
normal
neptune
normal
satan
neptune
normal
normal
neptune
normal
normal
normal
normal
neptune
normal
neptune
smurf
neptune
normal
normal
neptune
neptune
neptune
normal
normal
normal
neptune
neptune
normal
portsweep
normal
neptune
normal
normal
normal
normal
neptune
back
normal
normal
neptune
normal
smurf
portsweep
neptune
back
neptune
normal
normal
portsweep
normal
normal
normal
normal
normal
normal
ipsweep
normal
normal
neptune
normal
neptune
normal
neptune
normal
neptune
normal
normal
normal
teardrop
neptune
neptune
neptune
neptune
neptune
normal
normal
smurf
normal
neptune
neptune
neptune
normal
neptune
normal
normal
normal
neptune
neptune
normal
portsweep
portsweep
neptune
normal
normal
neptune
normal
neptune
neptune
normal
neptune
neptune
normal
neptune
normal
neptune
normal
normal
normal
normal
neptune
normal
neptune
normal
ipsweep
neptune
normal
satan
normal
neptune
neptune
neptune
normal
normal
nmap
neptune
normal
neptune
normal
normal
neptune
smurf
normal
neptune
neptune
normal
neptune
normal
neptune
smurf
normal
neptune
neptune
neptune
back
normal
normal
normal
satan
neptune
normal
normal
neptune
normal
normal
normal
neptune
normal
normal
neptune
neptune
normal
portsweep
neptune
neptune
neptune
normal
normal
normal
neptune
neptune
smurf
normal
ipsweep
normal
neptune
neptune
normal
normal
normal
normal
smurf
neptune
normal
normal
normal
normal
normal
normal
neptune
normal
portsweep
normal
normal
normal
normal
normal
normal
normal
normal
normal
normal
neptune
neptune
normal
normal
warezclient
normal
neptune
back
back
neptune
neptune
normal
neptune
satan
neptune
normal
neptune
normal
normal
normal
ipsweep
neptune
normal
neptune
neptune
normal
normal
normal
neptune
portsweep
normal
portsweep
smurf
normal
neptune
normal
neptune
satan
ipsweep
normal
neptune
normal
normal
neptune
normal
normal
normal
normal
neptune
neptune
neptune
normal
neptune
normal
normal
smurf
neptune
neptune
normal
normal
neptune
neptune
normal
normal
normal
neptune
neptune
normal
smurf
normal
neptune
smurf
normal
normal
normal
neptune
neptune
neptune
normal
normal
neptune
smurf
normal
normal
normal
neptune
portsweep
normal
neptune
neptune
normal
nmap
normal
normal
warezclient
normal
smurf
neptune
normal
normal
normal
normal
normal
normal
neptune
normal
normal
smurf
normal
normal
normal
normal
normal
normal
normal
neptune
normal
neptune
ipsweep
ipsweep
neptune
neptune
normal
normal
neptune
normal
normal
neptune
nmap
neptune
normal
neptune
nmap
neptune
neptune
normal
normal
warezclient
neptune
normal
neptune
normal
neptune
ipsweep
normal
neptune
normal
neptune
normal
normal
normal
normal
normal
neptune
normal
neptune
normal
neptune
normal
neptune
normal
neptune
normal
normal
satan
neptune
normal
smurf
normal
portsweep
normal
normal
normal
normal
normal
normal
portsweep
normal
normal
neptune
normal
normal
normal
neptune
neptune
normal
normal
normal
normal
normal
normal
neptune
normal
normal
normal
normal
normal
normal
neptune
normal
neptune
normal
normal
normal
normal
normal
normal
nmap
normal
normal
normal
normal
neptune
satan
normal
pod
normal
neptune
normal
normal
back
normal
normal
nmap
normal
normal
warezclient
normal
normal
neptune
neptune
normal
normal
neptune
normal
neptune
ipsweep
neptune
normal
neptune
satan
normal
normal
normal
normal
neptune
ipsweep
normal
normal
neptune
normal
normal
satan
normal
neptune
neptune
teardrop
normal
normal
neptune
normal
neptune
smurf
neptune
neptune
normal
normal
normal
normal
neptune
normal
normal
normal
neptune
normal
satan
normal
normal
neptune
normal
back
normal
neptune
normal
normal
neptune
ipsweep
neptune
normal
portsweep
normal
normal
normal
neptune
normal
neptune
normal
normal
neptune
normal
normal
neptune
neptune
normal
normal
normal
neptune
normal
neptune
nmap
normal
neptune
ipsweep
normal
normal
normal
nmap
warezclient
neptune
neptune
neptune
normal
normal
neptune
normal
neptune
normal
normal
normal
normal
normal
neptune
normal
normal
normal
normal
neptune
normal
neptune
neptune
neptune
normal
neptune
neptune
neptune
neptune
warezclient
normal
neptune
normal
neptune
neptune
nmap
nmap
normal
normal
neptune
neptune
neptune
neptune
normal
normal
normal
normal
normal
neptune
neptune
neptune
neptune
neptune
neptune
warezclient
normal
normal
normal
normal
normal
neptune
normal
normal
normal
neptune
normal
normal
neptune
normal
neptune
normal
neptune
normal
neptune
neptune
satan
normal
normal
normal
neptune
normal
neptune
normal
normal
normal
ipsweep
satan
normal
neptune
neptune
neptune
normal
normal
normal
normal
neptune
neptune
normal
normal
normal
normal
normal
normal
neptune
normal
normal
neptune
normal
neptune
normal
normal
neptune
neptune
normal
neptune
normal
normal
normal
neptune
normal
normal
warezclient
normal
normal
neptune
normal
portsweep
ipsweep
neptune
neptune
neptune
normal
normal
neptune
normal
normal
normal
normal
normal
portsweep
neptune
normal
neptune
normal
neptune
neptune
neptune
neptune
normal
normal
normal
normal
normal
normal
portsweep
portsweep
satan
normal
normal
neptune
warezclient
neptune
normal
neptune
neptune
normal
normal
normal
normal
neptune
neptune
ipsweep
nmap
normal
neptune
normal
neptune
normal
neptune
neptune
normal
neptune
normal
neptune
normal
normal
neptune
neptune
neptune
normal
normal
normal
normal
normal
normal
normal
neptune
smurf
satan
normal
normal
nmap
normal
portsweep
normal
neptune
normal
neptune
neptune
neptune
normal
portsweep
normal
normal
normal
normal
neptune
nmap
satan
normal
normal
normal
normal
normal
normal
neptune
normal
normal
neptune
normal
normal
nmap
neptune
normal
neptune
normal
portsweep
neptune
neptune
neptune
satan
normal
normal
neptune
normal
normal
normal
neptune
normal
normal
normal
normal
normal
normal
ipsweep
normal
neptune
neptune
normal
neptune
normal
neptune
portsweep
nmap
satan
normal
ipsweep
neptune
neptune
normal
neptune
neptune
normal
neptune
neptune
normal
neptune
neptune
normal
normal
normal
normal
neptune
normal
normal
normal
neptune
normal
normal
normal
normal
normal
normal
normal
neptune
neptune
neptune
neptune
normal
normal
normal
normal
normal
ipsweep
neptune
smurf
normal
normal
normal
normal
normal
neptune
normal
normal
normal
neptune
neptune
normal
normal
normal
ipsweep
neptune
normal
neptune
neptune
normal
neptune
warezclient
normal
normal
neptune
normal
neptune
normal
neptune
normal
normal
neptune
normal
normal
ipsweep
neptune
satan
neptune
normal
normal
neptune
normal
normal
normal
normal
normal
normal
smurf
neptune
normal
neptune
neptune
normal
ipsweep
normal
normal
teardrop
normal
neptune
normal
ipsweep
neptune
neptune
normal
normal
normal
neptune
neptune
neptune
neptune
ipsweep
neptune
normal
normal
normal
neptune
neptune
normal
ipsweep
neptune
neptune
neptune
normal
normal
normal
neptune
normal
neptune
normal
satan
normal
normal
normal
normal
neptune
smurf
normal
normal
normal
normal
normal
neptune
normal
back
normal
neptune
neptune
normal
neptune
neptune
normal
neptune
normal
neptune
neptune
normal
normal
normal
portsweep
normal
teardrop
neptune
neptune
smurf
normal
normal
smurf
normal
normal
normal
normal
normal
neptune
normal
neptune
neptune
neptune
normal
normal
normal
neptune
normal
satan
normal
neptune
normal
normal
neptune
normal
normal
normal
back
neptune
normal
neptune
normal
normal
normal
normal
normal
neptune
neptune
ipsweep
neptune
neptune
neptune
normal
neptune
normal
satan
normal
normal
normal
normal
normal
normal
satan
normal
neptune
neptune
normal
normal
normal
normal
neptune
normal
ipsweep
normal
normal
neptune
normal
smurf
normal
satan
neptune
normal
normal
normal
normal
normal
normal
normal
normal
normal
normal
ipsweep
neptune
normal
neptune
neptune
normal
normal
normal
portsweep
normal
normal
warezclient
normal
teardrop
neptune
neptune
normal
normal
neptune
normal
neptune
ipsweep
normal
neptune
normal
neptune
normal
neptune
satan
normal
normal
normal
neptune
normal
smurf
normal
smurf
normal
neptune
neptune
normal
normal
smurf
normal
neptune
neptune
neptune
normal
normal
normal
neptune
normal
neptune
nmap
normal
neptune
neptune
neptune
ipsweep
normal
normal
normal
normal
normal
neptune
neptune
normal
neptune
teardrop
normal
normal
ipsweep
normal
neptune
neptune
normal
portsweep
normal
normal
nmap
normal
neptune
guess_passwd
normal
neptune
satan
normal
normal
neptune
normal
normal
normal
normal
normal
satan
normal
normal
normal
normal
normal
neptune
normal
normal
neptune
normal
normal
neptune
normal
neptune
neptune
neptune
portsweep
ipsweep
normal
ipsweep
neptune
neptune
normal
neptune
normal
neptune
ipsweep
normal
normal
normal
neptune
normal
normal
normal
normal
normal
neptune
normal
neptune
normal
normal
neptune
normal
normal
normal
normal
ipsweep
normal
normal
normal
smurf
normal
normal
neptune
normal
neptune
normal
normal
normal
neptune
normal
neptune
normal
neptune
neptune
neptune
neptune
neptune
normal
normal
neptune
normal
normal
normal
normal
normal
normal
normal
normal
ipsweep
neptune
normal
normal
neptune
normal
normal
ipsweep
normal
neptune
neptune
normal
normal
normal
normal
neptune
normal
portsweep
neptune
normal
neptune
normal
teardrop
neptune
normal
neptune
normal
normal
normal
nmap
smurf
normal
normal
normal
neptune
normal
normal
normal
normal
normal
normal
neptune
normal
normal
normal
teardrop
normal
neptune
normal
normal
normal
normal
neptune
normal
ipsweep
normal
neptune
neptune
neptune
normal
neptune
normal
normal
normal
back
neptune
normal
satan
neptune
normal
neptune
neptune
ipsweep
normal
normal
normal
normal
ipsweep
normal
normal
normal
normal
neptune
normal
normal
normal
neptune
normal
neptune
normal
neptune
normal
neptune
normal
normal
neptune
normal
normal
normal
normal
satan
normal
normal
normal
satan
ipsweep
normal
neptune
normal
normal
neptune
normal
neptune
neptune
neptune
neptune
neptune
neptune
neptune
ipsweep
neptune
neptune
normal
neptune
normal
normal
portsweep
normal
normal
normal
normal
normal
neptune
normal
normal
normal
normal
normal
neptune
normal
normal
normal
normal
portsweep
normal
neptune
neptune
neptune
normal
normal
normal
normal
neptune
neptune
ipsweep
neptune
ipsweep
normal
normal
normal
neptune
normal
neptune
normal
portsweep
normal
normal
neptune
normal
neptune
normal
normal
normal
normal
normal
normal
ipsweep
normal
neptune
neptune
normal
normal
normal
neptune
normal
normal
satan
normal
normal
neptune
satan
normal
normal
normal
normal
portsweep
normal
normal
neptune
normal
normal
neptune
neptune
normal
portsweep
smurf
nmap
neptune
ipsweep
normal
neptune
neptune
normal
neptune
normal
neptune
normal
normal
neptune
neptune
normal
normal
normal
normal
normal
teardrop
normal
normal
normal
normal
neptune
neptune
normal
neptune
neptune
normal
normal
satan
satan
smurf
normal
normal
nmap
normal
neptune
normal
neptune
satan
neptune
normal
neptune
neptune
back
normal
neptune
neptune
neptune
neptune
neptune
neptune
neptune
normal
satan
normal
normal
nmap
neptune
neptune
normal
normal
normal
back
neptune
satan
normal
ipsweep
normal
normal
normal
normal
normal
normal
normal
smurf
neptune
neptune
neptune
neptune
neptune
neptune
normal
normal
normal
neptune
normal
neptune
normal
neptune
normal
nmap
normal
normal
normal
neptune
ipsweep
normal
neptune
normal
neptune
neptune
normal
neptune
normal
normal
normal
normal
normal
ipsweep
satan
normal
normal
portsweep
normal
neptune
normal
neptune
neptune
normal
normal
normal
normal
normal
neptune
normal
normal
neptune
normal
neptune
normal
neptune
neptune
normal
smurf
normal
normal
normal
neptune
portsweep
neptune
neptune
neptune
neptune
ipsweep
normal
neptune
normal
normal
ipsweep
neptune
normal
ipsweep
neptune
warezclient
neptune
normal
normal
normal
normal
neptune
normal
neptune
neptune
normal
normal
neptune
satan
neptune
ipsweep
neptune
neptune
neptune
normal
back
neptune
smurf
normal
portsweep
ipsweep
normal
neptune
neptune
normal
normal
neptune
neptune
normal
smurf
neptune
normal
normal
neptune
neptune
normal
neptune
normal
neptune
normal
smurf
smurf
normal
smurf
normal
ipsweep
normal
normal
normal
normal
back
normal
neptune
normal
neptune
satan
normal
warezclient
normal
portsweep
satan
normal
ipsweep
normal
satan
normal
neptune
neptune
normal
normal
neptune
warezclient
normal
normal
normal
normal
neptune
normal
normal
smurf
neptune
nmap
normal
normal
satan
normal
neptune
neptune
normal
normal
neptune
normal
neptune
normal
normal
portsweep
neptune
normal
neptune
normal
neptune
normal
normal
normal
neptune
neptune
normal
back
normal
neptune
neptune
neptune
ipsweep
teardrop
normal
normal
normal
normal
ipsweep
normal
normal
neptune
normal
neptune
normal
normal
neptune
normal
neptune
neptune
neptune
neptune
neptune
back
normal
normal
neptune
neptune
normal
warezclient
normal
normal
neptune
neptune
normal
neptune
satan
satan
normal
normal
smurf
neptune
normal
neptune
normal
normal
neptune
neptune
normal
neptune
normal
normal
neptune
neptune
normal
neptune
normal
satan
normal
normal
normal
neptune
ipsweep
satan
neptune
back
normal
normal
normal
normal
normal
normal
normal
normal
neptune
normal
neptune
normal
normal
neptune
normal
normal
normal
normal
normal
normal
portsweep
neptune
normal
normal
ipsweep
neptune
neptune
normal
normal
neptune
normal
normal
neptune
neptune
neptune
normal
normal
normal
neptune
guess_passwd
neptune
normal
normal
normal
ipsweep
neptune
normal
neptune
normal
neptune
neptune
normal
neptune
neptune
neptune
neptune
neptune
normal
smurf
nmap
normal
normal
normal
normal
ipsweep
neptune
warezclient
normal
neptune
normal
normal
normal
neptune
satan
ipsweep
normal
normal
normal
normal
neptune
neptune
neptune
neptune
normal
normal
nmap
neptune
satan
normal
ipsweep
neptune
normal
normal
normal
neptune
normal
normal
normal
normal
normal
normal
normal
normal
normal
normal
normal
neptune
neptune
normal
normal
neptune
neptune
normal
normal
normal
normal
ipsweep
normal
normal
neptune
neptune
satan
normal
normal
ipsweep
normal
normal
normal
neptune
neptune
normal
normal
normal
satan
normal
normal
neptune
normal
normal
normal
normal
normal
normal
normal
normal
normal
smurf
portsweep
neptune
normal
neptune
neptune
normal
normal
normal
normal
neptune
normal
portsweep
normal
normal
normal
normal
normal
neptune
neptune
normal
satan
normal
normal
warezclient
neptune
normal
neptune
neptune
neptune
normal
normal
normal
normal
normal
normal
neptune
neptune
normal
normal
normal
satan
normal
neptune
normal
smurf
normal
neptune
satan
normal
normal
smurf
ipsweep
normal
normal
neptune
normal
normal
normal
normal
neptune
neptune
normal
neptune
normal
neptune
normal
normal
warezclient
neptune
neptune
neptune
neptune
normal
normal
normal
neptune
neptune
normal
normal
normal
neptune
neptune
neptune
neptune
normal
normal
normal
normal
normal
satan
neptune
normal
neptune
normal
normal
normal
neptune
normal
normal
neptune
neptune
neptune
normal
neptune
normal
neptune
normal
normal
portsweep
ipsweep
satan
neptune
satan
normal
normal
ipsweep
neptune
neptune
normal
neptune
neptune
satan
normal
normal
neptune
neptune
normal
normal
normal
normal
teardrop
back
normal
neptune
neptune
normal
normal
normal
normal
normal
normal
neptune
neptune
normal
neptune
neptune
neptune
neptune
normal
normal
normal
neptune
neptune
normal
neptune
neptune
neptune
normal
satan
normal
neptune
neptune
neptune
neptune
portsweep
normal
ipsweep
normal
normal
normal
neptune
smurf
neptune
neptune
satan
normal
ipsweep
normal
ipsweep
neptune
neptune
neptune
normal
normal
normal
normal
normal
neptune
teardrop
normal
neptune
normal
neptune
satan
normal
normal
ipsweep
satan
satan
normal
satan
neptune
normal
normal
normal
neptune
normal
normal
normal
smurf
neptune
neptune
neptune
normal
neptune
normal
neptune
normal
neptune
satan
normal
normal
neptune
normal
neptune
normal
normal
normal
neptune
pod
ipsweep
normal
normal
neptune
ipsweep
neptune
normal
normal
normal
normal
normal
neptune
normal
normal
normal
normal
normal
normal
normal
normal
normal
normal
neptune
normal
normal
neptune
neptune
neptune
normal
normal
normal
neptune
normal
normal
normal
normal
neptune
neptune
normal
neptune
neptune
normal
normal
normal
neptune
smurf
normal
normal
neptune
normal
normal
normal
neptune
portsweep
normal
normal
neptune
normal
normal
normal
normal
normal
normal
neptune
neptune
normal
normal
smurf
normal
normal
normal
normal
normal
satan
normal
neptune
neptune
neptune
nmap
neptune
normal
neptune
neptune
satan
normal
normal
normal
normal
ipsweep
normal
neptune
teardrop
normal
normal
normal
back
neptune
normal
neptune
neptune
neptune
neptune
normal
neptune
neptune
normal
normal
neptune
ipsweep
normal
normal
neptune
ipsweep
normal
normal
neptune
normal
normal
neptune
normal
neptune
normal
normal
normal
normal
neptune
normal
normal
normal
neptune
normal
normal
normal
satan
neptune
teardrop
normal
normal
normal
normal
portsweep
normal
normal
normal
normal
normal
normal
neptune
normal
normal
teardrop
normal
neptune
neptune
ipsweep
normal
normal
neptune
neptune
neptune
normal
normal
normal
normal
neptune
neptune
normal
neptune
normal
normal
normal
neptune
normal
normal
normal
normal
normal
teardrop
normal
normal
nmap
ipsweep
neptune
normal
normal
normal
satan
normal
neptune
normal
normal
normal
normal
normal
ipsweep
normal
normal
normal
normal
normal
normal
neptune
satan
warezclient
neptune
normal
neptune
normal
normal
neptune
smurf
normal
neptune
normal
normal
neptune
neptune
neptune
normal
neptune
back
neptune
nmap
normal
ipsweep
normal
normal
normal
normal
normal
normal
neptune
neptune
normal
normal
neptune
neptune
normal
normal
normal
neptune
smurf
normal
neptune
neptune
normal
neptune
normal
neptune
normal
normal
neptune
normal
ipsweep
neptune
neptune
portsweep
normal
normal
normal
normal
normal
normal
neptune
normal
satan
neptune
normal
neptune
neptune
normal
normal
normal
normal
neptune
neptune
normal
neptune
neptune
normal
normal
neptune
normal
neptune
neptune
normal
normal
normal
neptune
normal
normal
neptune
normal
neptune
normal
neptune
neptune
portsweep
neptune
neptune
neptune
normal
back
neptune
normal
nmap
normal
normal
normal
ipsweep
neptune
normal
neptune
normal
normal
normal
normal
neptune
neptune
normal
neptune
neptune
neptune
neptune
normal
warezclient
normal
normal
normal
ipsweep
normal
normal
neptune
neptune
neptune
normal
normal
neptune
normal
normal
neptune
neptune
normal
normal
neptune
neptune
neptune
normal
normal
warezclient
neptune
satan
neptune
normal
normal
normal
portsweep
portsweep
normal
normal
normal
normal
neptune
neptune
nmap
normal
normal
normal
neptune
normal
normal
normal
normal
neptune
normal
normal
normal
normal
normal
normal
neptune
ipsweep
neptune
normal
neptune
smurf
normal
back
normal
normal
normal
normal
normal
neptune
neptune
neptune
normal
neptune
neptune
normal
neptune
normal
neptune
normal
normal
normal
ipsweep
normal
neptune
neptune
neptune
normal
normal
satan
normal
normal
normal
neptune
portsweep
normal
normal
normal
normal
normal
normal
normal
satan
neptune
portsweep
normal
neptune
neptune
normal
normal
normal
normal
neptune
normal
ipsweep
nmap
normal
normal
normal
neptune
neptune
normal
normal
normal
normal
imap
ipsweep
back
normal
smurf
normal
neptune
neptune
normal
normal
normal
normal
neptune
normal
neptune
neptune
neptune
neptune
normal
normal
neptune
normal
normal
neptune
ipsweep
neptune
neptune
normal
normal
ipsweep
neptune
neptune
neptune
neptune
normal
normal
normal
satan
neptune
neptune
neptune
normal
normal
normal
normal
neptune
neptune
normal
neptune
normal
normal
satan
normal
normal
normal
normal
neptune
neptune
neptune
neptune
normal
smurf
normal
neptune
normal
normal
normal
normal
normal
neptune
smurf
ipsweep
neptune
neptune
normal
neptune
ipsweep
normal
back
neptune
back
normal
normal
neptune
normal
normal
neptune
normal
satan
normal
neptune
normal
normal
neptune
normal
neptune
normal
neptune
neptune
neptune
neptune
satan
normal
normal
normal
normal
normal
neptune
warezclient
normal
ipsweep
neptune
teardrop
warezclient
neptune
normal
normal
neptune
neptune
neptune
normal
neptune
normal
normal
nmap
normal
normal
neptune
normal
satan
neptune
normal
normal
normal
normal
neptune
neptune
ipsweep
normal
warezclient
normal
normal
normal
neptune
neptune
normal
normal
normal
normal
normal
normal
satan
normal
neptune
neptune
normal
normal
normal
neptune
normal
smurf
neptune
normal
normal
normal
normal
normal
normal
normal
normal
normal
normal
neptune
satan
neptune
neptune
normal
normal
normal
neptune
normal
neptune
normal
neptune
normal
neptune
neptune
normal
neptune
neptune
normal
normal
normal
normal
normal
neptune
smurf
normal
normal
portsweep
normal
normal
normal
neptune
normal
normal
satan
normal
back
normal
neptune
normal
normal
neptune
neptune
normal
neptune
normal
normal
neptune
normal
normal
normal
normal
normal
normal
neptune
normal
neptune
normal
neptune
normal
warezclient
normal
normal
neptune
neptune
neptune
neptune
satan
neptune
neptune
neptune
normal
normal
normal
normal
normal
smurf
normal
nmap
normal
neptune
normal
normal
teardrop
portsweep
normal
neptune
neptune
normal
normal
normal
normal
normal
neptune
neptune
neptune
neptune
normal
normal
neptune
neptune
normal
normal
normal
neptune
normal
nmap
normal
normal
neptune
normal
normal
normal
neptune
neptune
normal
normal
normal
neptune
neptune
ipsweep
smurf
smurf
normal
normal
neptune
teardrop
normal
satan
normal
satan
neptune
neptune
normal
normal
normal
normal
normal
neptune
smurf
normal
normal
neptune
normal
normal
neptune
back
normal
normal
neptune
neptune
neptune
neptune
satan
normal
normal
normal
normal
normal
normal
neptune
normal
neptune
neptune
ipsweep
normal
normal
satan
normal
ipsweep
normal
normal
neptune
normal
normal
portsweep
neptune
normal
neptune
normal
normal
neptune
normal
normal
normal
neptune
normal
nmap
normal
normal
warezclient
smurf
neptune
normal
normal
neptune
normal
neptune
normal
normal
normal
neptune
normal
neptune
normal
normal
normal
normal
normal
neptune
normal
normal
neptune
portsweep
normal
satan
neptune
neptune
normal
neptune
normal
normal
neptune
normal
neptune
satan
neptune
neptune
normal
normal
normal
normal
normal
normal
neptune
normal
normal
normal
normal
normal
neptune
normal
normal
normal
neptune
neptune
normal
portsweep
normal
neptune
nmap
normal
teardrop
normal
neptune
normal
neptune
neptune
normal
normal
neptune
neptune
normal
normal
normal
normal
neptune
neptune
neptune
neptune
neptune
normal
normal
normal
pod
neptune
normal
normal
normal
pod
neptune
ipsweep
neptune
neptune
smurf
smurf
neptune
normal
neptune
neptune
normal
normal
normal
satan
neptune
normal
normal
neptune
normal
normal
normal
neptune
neptune
normal
satan
neptune
neptune
normal
satan
neptune
neptune
neptune
neptune
neptune
back
neptune
neptune
normal
normal
neptune
normal
normal
normal
normal
ipsweep
normal
normal
normal
normal
normal
neptune
normal
normal
neptune
neptune
neptune
neptune
ipsweep
ipsweep
normal
normal
neptune
normal
normal
neptune
normal
normal
normal
neptune
neptune
neptune
normal
normal
normal
back
normal
normal
normal
portsweep
neptune
normal
neptune
portsweep
normal
normal
normal
neptune
normal
neptune
normal
normal
neptune
neptune
normal
normal
normal
normal
normal
normal
normal
normal
normal
normal
neptune
normal
normal
normal
normal
neptune
normal
neptune
nmap
normal
neptune
normal
normal
neptune
normal
neptune
neptune
neptune
normal
normal
normal
neptune
neptune
normal
neptune
normal
normal
normal
normal
normal
pod
normal
normal
ipsweep
normal
normal
normal
neptune
normal
neptune
ipsweep
neptune
normal
normal
normal
neptune
neptune
normal
satan
nmap
normal
portsweep
neptune
normal
neptune
normal
neptune
normal
ipsweep
normal
normal
neptune
neptune
neptune
normal
neptune
neptune
portsweep
neptune
normal
normal
normal
normal
neptune
neptune
normal
normal
normal
neptune
neptune
neptune
normal
normal
normal
neptune
portsweep
normal
normal
neptune
neptune
neptune
normal
neptune
normal
smurf
normal
normal
normal
neptune
neptune
normal
neptune
ipsweep
normal
normal
normal
normal
normal
neptune
normal
normal
teardrop
normal
normal
normal
normal
normal
normal
normal
neptune
neptune
normal
neptune
normal
neptune
normal
normal
normal
normal
normal
normal
normal
normal
normal
nmap
normal
neptune
normal
smurf
neptune
neptune
ftp_write
satan
normal
portsweep
neptune
neptune
satan
normal
neptune
normal
neptune
neptune
back
normal
neptune
normal
ipsweep
neptune
normal
normal
smurf
neptune
neptune
normal
neptune
neptune
normal
normal
neptune
ipsweep
neptune
warezclient
normal
normal
neptune
normal
neptune
neptune
normal
neptune
normal
neptune
normal
normal
neptune
normal
nmap
neptune
neptune
normal
normal
normal
normal
normal
neptune
normal
normal
neptune
neptune
neptune
normal
neptune
neptune
normal
normal
neptune
normal
normal
ipsweep
normal
normal
normal
ipsweep
normal
normal
neptune
normal
normal
neptune
normal
neptune
smurf
normal
teardrop
neptune
neptune
normal
normal
neptune
neptune
normal
normal
normal
normal
neptune
neptune
neptune
normal
ipsweep
neptune
normal
satan
normal
normal
normal
normal
normal
normal
normal
normal
neptune
normal
neptune
normal
neptune
neptune
normal
normal
normal
normal
pod
normal
neptune
normal
normal
normal
normal
normal
normal
neptune
neptune
neptune
neptune
normal
neptune
neptune
neptune
normal
normal
normal
portsweep
neptune
neptune
normal
neptune
normal
neptune
neptune
normal
neptune
neptune
normal
normal
normal
neptune
neptune
normal
normal
neptune
normal
neptune
normal
neptune
neptune
normal
portsweep
normal
normal
normal
normal
normal
normal
normal
neptune
normal
neptune
neptune
neptune
normal
normal
normal
normal
smurf
normal
neptune
neptune
neptune
normal
normal
smurf
normal
normal
normal
neptune
normal
normal
normal
normal
normal
neptune
normal
normal
neptune
neptune
normal
normal
normal
satan
nmap
normal
normal
neptune
neptune
neptune
normal
normal
neptune
normal
neptune
normal
smurf
neptune
smurf
neptune
portsweep
normal
ipsweep
neptune
neptune
satan
normal
neptune
neptune
normal
normal
portsweep
neptune
neptune
normal
normal
normal
normal
normal
normal
normal
normal
neptune
neptune
normal
neptune
normal
normal
normal
neptune
neptune
normal
neptune
neptune
normal
neptune
portsweep
neptune
neptune
normal
satan
portsweep
neptune
normal
satan
normal
portsweep
neptune
satan
normal
neptune
neptune
normal
normal
normal
portsweep
normal
normal
normal
normal
neptune
neptune
normal
normal
normal
normal
neptune
smurf
normal
normal
neptune
normal
smurf
normal
portsweep
satan
neptune
normal
normal
normal
normal
neptune
normal
normal
normal
normal
normal
neptune
portsweep
neptune
normal
normal
normal
normal
neptune
normal
normal
normal
normal
neptune
neptune
normal
normal
normal
normal
normal
neptune
normal
satan
normal
normal
neptune
satan
normal
neptune
normal
neptune
neptune
neptune
neptune
normal
normal
satan
normal
neptune
normal
normal
normal
normal
neptune
portsweep
neptune
neptune
normal
normal
normal
normal
normal
normal
normal
neptune
neptune
normal
neptune
neptune
ipsweep
neptune
normal
normal
normal
neptune
neptune
normal
neptune
ipsweep
neptune
neptune
neptune
normal
normal
normal
ipsweep
normal
neptune
portsweep
normal
neptune
neptune
ipsweep
neptune
neptune
normal
neptune
neptune
normal
smurf
normal
normal
normal
neptune
normal
normal
normal
portsweep
normal
normal
neptune
normal
normal
neptune
neptune
normal
normal
portsweep
portsweep
neptune
neptune
neptune
normal
normal
neptune
normal
neptune
normal
normal
ipsweep
neptune
neptune
neptune
neptune
normal
normal
normal
smurf
neptune
neptune
normal
neptune
normal
smurf
neptune
normal
normal
portsweep
neptune
neptune
back
neptune
normal
normal
neptune
normal
neptune
neptune
normal
normal
neptune
normal
normal
warezclient
normal
normal
normal
normal
normal
normal
normal
neptune
normal
satan
normal
portsweep
normal
normal
normal
normal
normal
normal
normal
normal
back
normal
normal
smurf
normal
normal
normal
neptune
normal
normal
normal
normal
normal
normal
normal
neptune
normal
neptune
neptune
normal
normal
normal
back
ipsweep
nmap
normal
normal
neptune
normal
normal
neptune
normal
neptune
normal
neptune
normal
normal
normal
neptune
normal
portsweep
normal
neptune
neptune
neptune
normal
normal
normal
normal
satan
normal
normal
normal
normal
satan
normal
normal
neptune
neptune
neptune
normal
neptune
neptune
normal
normal
normal
normal
neptune
satan
normal
normal
neptune
normal
normal
neptune
normal
guess_passwd
normal
ipsweep
normal
normal
satan
normal
neptune
normal
normal
neptune
normal
normal
normal
neptune
normal
normal
portsweep
normal
normal
normal
normal
neptune
normal
normal
back
ipsweep
back
normal
normal
neptune
neptune
ipsweep
neptune
ipsweep
normal
normal
normal
normal
normal
nmap
satan
neptune
smurf
normal
neptune
normal
normal
satan
smurf
neptune
neptune
normal
neptune
neptune
neptune
neptune
neptune
normal
normal
neptune
neptune
normal
normal
normal
neptune
normal
normal
normal
normal
ipsweep
nmap
ipsweep
normal
neptune
normal
normal
normal
normal
neptune
neptune
normal
normal
normal
normal
normal
ipsweep
normal
normal
neptune
normal
portsweep
smurf
portsweep
normal
normal
neptune
normal
normal
normal
normal
portsweep
neptune
normal
neptune
neptune
back
neptune
neptune
neptune
satan
normal
neptune
satan
normal
neptune
neptune
back
normal
neptune
normal
neptune
normal
normal
neptune
neptune
normal
normal
satan
normal
neptune
normal
smurf
neptune
normal
neptune
normal
normal
neptune
normal
normal
neptune
normal
satan
neptune
normal
normal
neptune
normal
normal
satan
neptune
neptune
neptune
satan
neptune
ipsweep
neptune
neptune
normal
neptune
neptune
normal
neptune
normal
neptune
ipsweep
neptune
smurf
normal
normal
neptune
normal
normal
normal
normal
neptune
neptune
normal
smurf
neptune
normal
normal
normal
neptune
neptune
normal
smurf
nmap
neptune
normal
neptune
land
portsweep
ipsweep
ipsweep
neptune
neptune
normal
normal
ipsweep
neptune
neptune
neptune
neptune
normal
normal
back
normal
neptune
normal
normal
neptune
neptune
smurf
normal
normal
neptune
neptune
normal
smurf
normal
normal
normal
smurf
ipsweep
normal
normal
neptune
neptune
normal
satan
normal
ipsweep
normal
normal
normal
normal
normal
neptune
normal
normal
normal
teardrop
satan
nmap
teardrop
normal
neptune
neptune
normal
normal
normal
neptune
smurf
satan
ipsweep
portsweep
normal
neptune
neptune
normal
neptune
normal
warezclient
normal
normal
neptune
normal
normal
normal
normal
normal
normal
neptune
neptune
neptune
neptune
normal
normal
back
normal
normal
normal
neptune
normal
portsweep
neptune
normal
normal
normal
normal
neptune
neptune
normal
normal
normal
neptune
smurf
portsweep
satan
normal
normal
normal
neptune
neptune
normal
normal
normal
normal
satan
neptune
normal
normal
normal
normal
neptune
neptune
normal
normal
normal
normal
ipsweep
satan
neptune
normal
normal
ipsweep
nmap
normal
normal
neptune
normal
normal
normal
normal
normal
normal
neptune
portsweep
normal
normal
normal
neptune
normal
teardrop
smurf
satan
neptune
normal
neptune
normal
nmap
normal
normal
neptune
neptune
ipsweep
neptune
neptune
neptune
nmap
neptune
normal
back
smurf
normal
normal
normal
normal
normal
neptune
normal
neptune
neptune
normal
normal
normal
neptune
neptune
normal
normal
normal
neptune
normal
neptune
neptune
neptune
normal
normal
normal
normal
normal
neptune
normal
neptune
normal
neptune
neptune
normal
neptune
warezmaster
neptune
normal
normal
normal
normal
normal
nmap
normal
normal
neptune
normal
teardrop
neptune
normal
normal
normal
normal
neptune
satan
normal
normal
smurf
satan
back
normal
normal
neptune
normal
normal
satan
satan
normal
normal
normal
normal
normal
normal
normal
normal
neptune
normal
neptune
neptune
neptune
neptune
normal
normal
neptune
normal
neptune
normal
neptune
neptune
normal
normal
neptune
normal
normal
neptune
neptune
neptune
normal
normal
normal
back
normal
normal
teardrop
portsweep
neptune
normal
neptune
normal
neptune
neptune
neptune
smurf
satan
normal
portsweep
normal
neptune
portsweep
normal
neptune
normal
neptune
neptune
neptune
normal
neptune
normal
normal
teardrop
neptune
neptune
neptune
normal
normal
ipsweep
neptune
normal
normal
neptune
normal
satan
neptune
neptune
neptune
neptune
normal
smurf
normal
normal
normal
normal
neptune
smurf
normal
normal
normal
neptune
neptune
teardrop
normal
neptune
normal
normal
neptune
neptune
normal
normal
neptune
neptune
neptune
normal
normal
neptune
neptune
neptune
normal
neptune
satan
normal
normal
normal
normal
normal
normal
normal
normal
normal
normal
normal
normal
normal
normal
normal
normal
normal
normal
normal
normal
normal
normal
neptune
neptune
neptune
neptune
normal
normal
ipsweep
neptune
neptune
normal
normal
normal
smurf
normal
neptune
neptune
neptune
normal
normal
satan
normal
neptune
normal
normal
normal
satan
neptune
neptune
neptune
normal
neptune
normal
normal
satan
satan
neptune
neptune
neptune
normal
normal
normal
normal
warezclient
normal
normal
normal
portsweep
normal
normal
smurf
satan
neptune
normal
normal
satan
neptune
normal
neptune
neptune
normal
normal
normal
normal
neptune
normal
portsweep
normal
normal
smurf
normal
normal
normal
normal
normal
normal
neptune
normal
neptune
normal
normal
normal
normal
neptune
normal
normal
neptune
ipsweep
normal
portsweep
ipsweep
normal
normal
neptune
normal
smurf
neptune
normal
neptune
normal
neptune
normal
normal
normal
normal
normal
normal
neptune
neptune
neptune
satan
neptune
neptune
teardrop
ipsweep
normal
neptune
normal
normal
normal
normal
normal
normal
normal
portsweep
normal
neptune
neptune
neptune
normal
ipsweep
normal
normal
neptune
neptune
neptune
neptune
smurf
normal
normal
normal
neptune
neptune
normal
normal
normal
satan
normal
normal
normal
normal
normal
normal
normal
normal
warezclient
neptune
normal
neptune
normal
back
neptune
neptune
normal
neptune
normal
neptune
satan
normal
normal
neptune
normal
normal
normal
normal
neptune
neptune
normal
neptune
warezclient
satan
normal
neptune
normal
normal
normal
normal
neptune
ipsweep
teardrop
normal
neptune
normal
neptune
neptune
neptune
neptune
neptune
normal
neptune
normal
normal
smurf
neptune
normal
smurf
normal
neptune
ipsweep
neptune
normal
normal
normal
neptune
satan
neptune
neptune
normal
normal
normal
normal
neptune
normal
normal
neptune
neptune
teardrop
normal
normal
normal
portsweep
neptune
neptune
pod
normal
normal
teardrop
normal
ipsweep
normal
normal
neptune
portsweep
neptune
normal
neptune
neptune
ipsweep
nmap
normal
normal
neptune
normal
neptune
normal
neptune
normal
normal
neptune
neptune
satan
normal
normal
neptune
normal
neptune
smurf
neptune
neptune
back
neptune
portsweep
satan
normal
nmap
neptune
neptune
normal
normal
neptune
normal
normal
satan
neptune
normal
neptune
smurf
normal
nmap
neptune
neptune
neptune
normal
neptune
neptune
neptune
normal
normal
normal
neptune
satan
neptune
normal
normal
neptune
normal
neptune
normal
normal
normal
normal
normal
neptune
normal
portsweep
smurf
neptune
warezclient
portsweep
normal
ipsweep
smurf
normal
neptune
normal
normal
normal
neptune
smurf
normal
teardrop
ipsweep
normal
portsweep
normal
normal
normal
normal
satan
normal
normal
normal
neptune
normal
neptune
neptune
normal
portsweep
neptune
neptune
normal
neptune
normal
normal
normal
teardrop
normal
normal
neptune
normal
ipsweep
normal
neptune
normal
normal
normal
normal
normal
normal
normal
normal
normal
neptune
normal
ipsweep
neptune
neptune
normal
normal
neptune
normal
smurf
neptune
neptune
normal
normal
neptune
normal
normal
normal
normal
normal
neptune
normal
normal
portsweep
normal
neptune
normal
normal
satan
neptune
neptune
satan
normal
ipsweep
satan
neptune
normal
normal
neptune
neptune
normal
normal
neptune
normal
normal
neptune
normal
normal
normal
neptune
normal
normal
neptune
neptune
neptune
neptune
satan
normal
normal
neptune
neptune
normal
normal
neptune
normal
neptune
normal
neptune
neptune
smurf
neptune
normal
portsweep
normal
normal
satan
normal
normal
normal
normal
normal
normal
neptune
normal
portsweep
normal
normal
normal
normal
neptune
normal
neptune
normal
satan
neptune
neptune
normal
normal
normal
satan
neptune
normal
smurf
normal
satan
neptune
normal
normal
satan
normal
neptune
normal
normal
neptune
neptune
normal
neptune
normal
normal
smurf
neptune
smurf
satan
neptune
neptune
neptune
ipsweep
satan
neptune
normal
normal
normal
normal
normal
neptune
normal
normal
neptune
normal
neptune
normal
normal
normal
neptune
normal
neptune
ipsweep
normal
normal
normal
ipsweep
normal
normal
neptune
normal
warezclient
normal
neptune
ipsweep
neptune
normal
satan
neptune
normal
neptune
normal
neptune
normal
neptune
normal
neptune
normal
normal
neptune
neptune
normal
normal
normal
normal
normal
normal
normal
normal
normal
neptune
normal
portsweep
normal
normal
normal
normal
neptune
normal
neptune
neptune
normal
neptune
normal
normal
normal
normal
normal
normal
neptune
neptune
neptune
normal
neptune
normal
normal
neptune
normal
normal
neptune
normal
neptune
neptune
normal
normal
neptune
neptune
normal
normal
normal
ipsweep
neptune
normal
neptune
neptune
normal
normal
normal
normal
normal
normal
normal
normal
normal
normal
normal
normal
neptune
neptune
neptune
normal
neptune
normal
smurf
normal
normal
neptune
normal
nmap
ipsweep
neptune
portsweep
neptune
normal
normal
normal
neptune
neptune
normal
neptune
neptune
normal
smurf
normal
portsweep
normal
neptune
normal
normal
normal
normal
neptune
normal
normal
neptune
neptune
normal
normal
neptune
neptune
neptune
neptune
normal
satan
normal
neptune
normal
neptune
normal
normal
normal
neptune
normal
neptune
normal
normal
nmap
normal
neptune
normal
normal
normal
normal
normal
normal
smurf
normal
normal
normal
ipsweep
normal
neptune
neptune
normal
portsweep
neptune
guess_passwd
normal
normal
neptune
neptune
normal
normal
normal
normal
neptune
neptune
normal
neptune
neptune
neptune
ipsweep
pod
normal
neptune
normal
normal
normal
neptune
normal
satan
normal
normal
neptune
portsweep
normal
neptune
teardrop
neptune
normal
neptune
satan
neptune
normal
normal
normal
normal
neptune
normal
normal
normal
neptune
normal
neptune
normal
neptune
satan
neptune
neptune
normal
normal
normal
normal
neptune
normal
neptune
normal
normal
normal
neptune
normal
normal
normal
neptune
normal
satan
normal
normal
normal
normal
normal
normal
neptune
warezclient
neptune
normal
normal
normal
normal
neptune
normal
normal
neptune
smurf
normal
normal
neptune
neptune
neptune
ipsweep
neptune
portsweep
neptune
normal
ipsweep
normal
neptune
nmap
normal
normal
normal
normal
normal
normal
neptune
neptune
normal
normal
neptune
neptune
normal
normal
neptune
neptune
normal
satan
normal
warezclient
neptune
normal
normal
smurf
normal
normal
normal
normal
normal
portsweep
normal
normal
neptune
neptune
normal
normal
normal
smurf
normal
normal
normal
normal
smurf
normal
neptune
normal
satan
neptune
normal
normal
neptune
satan
normal
normal
neptune
warezclient
neptune
normal
smurf
neptune
smurf
neptune
normal
neptune
normal
portsweep
neptune
normal
neptune
normal
normal
normal
neptune
normal
normal
normal
normal
neptune
neptune
normal
neptune
neptune
normal
normal
normal
neptune
normal
neptune
smurf
neptune
neptune
normal
nmap
neptune
neptune
normal
neptune
normal
normal
ipsweep
teardrop
neptune
neptune
normal
normal
neptune
ipsweep
normal
normal
normal
smurf
satan
normal
normal
neptune
normal
normal
normal
warezclient
normal
normal
normal
neptune
normal
neptune
normal
neptune
normal
neptune
neptune
neptune
normal
normal
normal
neptune
normal
normal
neptune
neptune
normal
neptune
normal
normal
ipsweep
ipsweep
normal
normal
normal
ipsweep
normal
satan
neptune
neptune
normal
normal
smurf
neptune
neptune
neptune
normal
normal
normal
normal
normal
normal
normal
neptune
smurf
normal
normal
normal
neptune
portsweep
normal
neptune
ipsweep
normal
normal
normal
neptune
neptune
normal
ipsweep
neptune
normal
neptune
portsweep
normal
neptune
neptune
normal
normal
portsweep
normal
neptune
neptune
neptune
normal
neptune
neptune
normal
normal
normal
normal
normal
normal
neptune
normal
ipsweep
neptune
smurf
neptune
normal
neptune
neptune
neptune
normal
normal
satan
portsweep
neptune
normal
back
normal
normal
normal
normal
neptune
normal
ipsweep
neptune
neptune
neptune
neptune
normal
normal
neptune
normal
normal
normal
neptune
neptune
satan
neptune
normal
normal
neptune
normal
neptune
satan
normal
neptune
normal
warezclient
neptune
normal
neptune
neptune
normal
back
neptune
neptune
neptune
smurf
normal
ipsweep
normal
neptune
portsweep
neptune
ipsweep
normal
satan
normal
neptune
neptune
ipsweep
normal
normal
normal
neptune
normal
neptune
normal
normal
normal
smurf
normal
normal
normal
normal
neptune
normal
normal
neptune
satan
neptune
satan
satan
normal
normal
normal
neptune
normal
normal
neptune
neptune
satan
normal
normal
neptune
normal
ipsweep
neptune
neptune
neptune
normal
normal
neptune
neptune
neptune
normal
portsweep
neptune
ipsweep
normal
neptune
normal
normal
normal
warezclient
normal
neptune
neptune
normal
normal
normal
ipsweep
neptune
neptune
neptune
neptune
teardrop
neptune
normal
normal
smurf
normal
smurf
neptune
normal
neptune
normal
normal
normal
neptune
neptune
normal
normal
normal
neptune
neptune
nmap
warezclient
neptune
normal
normal
normal
neptune
neptune
normal
normal
neptune
normal
neptune
normal
normal
normal
normal
neptune
smurf
smurf
normal
ipsweep
normal
normal
neptune
neptune
normal
normal
normal
normal
neptune
satan
normal
normal
neptune
ipsweep
normal
normal
ipsweep
neptune
normal
normal
normal
neptune
normal
smurf
neptune
teardrop
smurf
normal
neptune
satan
normal
normal
normal
normal
neptune
nmap
normal
neptune
normal
normal
neptune
neptune
neptune
normal
satan
normal
satan
normal
nmap
normal
normal
neptune
back
normal
normal
neptune
back
normal
neptune
normal
neptune
neptune
normal
normal
normal
normal
neptune
neptune
neptune
normal
neptune
neptune
neptune
neptune
normal
neptune
normal
neptune
normal
neptune
warezclient
neptune
teardrop
neptune
normal
neptune
ipsweep
neptune
satan
normal
neptune
smurf
normal
neptune
neptune
normal
normal
neptune
neptune
normal
normal
normal
portsweep
neptune
normal
normal
normal
normal
nmap
normal
neptune
neptune
neptune
normal
neptune
warezclient
normal
normal
neptune
neptune
neptune
normal
normal
normal
portsweep
normal
normal
neptune
normal
normal
neptune
neptune
smurf
normal
neptune
normal
normal
neptune
portsweep
normal
normal
neptune
satan
neptune
normal
neptune
normal
normal
neptune
neptune
nmap
normal
normal
satan
normal
normal
neptune
neptune
neptune
smurf
normal
normal
buffer_overflow
normal
normal
normal
normal
normal
neptune
portsweep
neptune
normal
neptune
neptune
normal
portsweep
neptune
normal
normal
neptune
normal
normal
normal
normal
normal
normal
normal
neptune
normal
normal
smurf
normal
normal
neptune
neptune
normal
normal
normal
neptune
normal
normal
normal
neptune
neptune
normal
normal
neptune
normal
back
normal
normal
neptune
neptune
neptune
neptune
neptune
neptune
normal
normal
normal
normal
neptune
normal
warezclient
neptune
normal
satan
neptune
smurf
normal
neptune
neptune
normal
satan
normal
neptune
normal
normal
portsweep
normal
neptune
smurf
neptune
normal
normal
normal
normal
ipsweep
normal
normal
normal
normal
normal
portsweep
satan
normal
neptune
normal
normal
normal
warezclient
neptune
neptune
normal
neptune
normal
neptune
satan
normal
normal
normal
neptune
normal
normal
neptune
smurf
neptune
neptune
neptune
neptune
neptune
normal
normal
normal
normal
neptune
normal
normal
neptune
normal
portsweep
smurf
normal
normal
neptune
neptune
neptune
normal
normal
normal
ipsweep
normal
normal
normal
neptune
neptune
normal
normal
normal
neptune
neptune
neptune
nmap
normal
normal
portsweep
portsweep
neptune
neptune
normal
neptune
neptune
normal
neptune
neptune
neptune
neptune
normal
neptune
normal
neptune
neptune
normal
normal
normal
ipsweep
neptune
teardrop
neptune
neptune
neptune
normal
normal
normal
normal
normal
neptune
normal
nmap
ipsweep
normal
normal
normal
normal
normal
normal
neptune
neptune
neptune
neptune
neptune
normal
neptune
satan
satan
normal
normal
normal
neptune
normal
normal
normal
neptune
normal
neptune
neptune
normal
normal
normal
neptune
neptune
normal
normal
normal
normal
normal
teardrop
neptune
normal
smurf
normal
neptune
normal
neptune
normal
normal
normal
normal
neptune
normal
neptune
normal
normal
normal
normal
neptune
neptune
neptune
neptune
normal
normal
normal
normal
normal
neptune
normal
normal
neptune
neptune
normal
satan
neptune
normal
normal
ipsweep
normal
neptune
normal
normal
normal
normal
normal
neptune
normal
neptune
neptune
neptune
neptune
neptune
normal
satan
normal
pod
neptune
portsweep
smurf
smurf
normal
normal
normal
normal
neptune
normal
normal
normal
warezclient
neptune
neptune
neptune
normal
normal
normal
smurf
normal
neptune
neptune
normal
ipsweep
neptune
neptune
normal
normal
normal
normal
neptune
neptune
normal
neptune
portsweep
normal
normal
normal
normal
normal
smurf
portsweep
neptune
neptune
normal
normal
normal
neptune
neptune
normal
normal
normal
normal
normal
smurf
portsweep
normal
normal
normal
normal
normal
normal
normal
normal
normal
neptune
normal
normal
neptune
neptune
normal
nmap
normal
neptune
neptune
normal
neptune
normal
neptune
normal
neptune
neptune
teardrop
normal
normal
normal
normal
satan
neptune
normal
normal
normal
normal
normal
ipsweep
neptune
normal
normal
normal
neptune
smurf
normal
neptune
satan
normal
ipsweep
neptune
normal
nmap
neptune
ipsweep
normal
neptune
neptune
normal
neptune
normal
neptune
neptune
normal
neptune
normal
neptune
normal
ipsweep
normal
normal
normal
normal
neptune
normal
neptune
normal
back
normal
normal
satan
normal
ipsweep
normal
neptune
normal
normal
normal
normal
neptune
normal
satan
normal
normal
normal
neptune
neptune
normal
neptune
neptune
teardrop
normal
normal
normal
normal
neptune
portsweep
neptune
neptune
normal
normal
neptune
normal
normal
neptune
normal
normal
neptune
smurf
normal
normal
normal
ipsweep
neptune
normal
neptune
neptune
normal
neptune
neptune
normal
normal
normal
normal
normal
neptune
normal
satan
normal
satan
ipsweep
neptune
normal
normal
normal
normal
normal
neptune
normal
portsweep
satan
normal
normal
normal
normal
back
neptune
ipsweep
neptune
normal
neptune
normal
smurf
neptune
normal
neptune
satan
neptune
normal
normal
normal
normal
normal
neptune
neptune
normal
normal
ipsweep
neptune
normal
normal
back
normal
satan
normal
neptune
normal
neptune
normal
normal
smurf
neptune
normal
neptune
normal
normal
smurf
ipsweep
normal
ipsweep
neptune
neptune
neptune
normal
neptune
neptune
normal
normal
neptune
neptune
neptune
neptune
normal
neptune
neptune
neptune
neptune
normal
neptune
neptune
normal
neptune
normal
neptune
nmap
neptune
ipsweep
nmap
normal
normal
teardrop
neptune
portsweep
normal
normal
neptune
neptune
neptune
neptune
normal
normal
normal
neptune
neptune
normal
normal
normal
smurf
ipsweep
neptune
normal
normal
neptune
normal
normal
teardrop
normal
smurf
satan
normal
normal
normal
normal
neptune
normal
normal
normal
neptune
normal
normal
normal
neptune
normal
neptune
normal
neptune
normal
normal
normal
ipsweep
neptune
normal
normal
satan
normal
neptune
neptune
normal
normal
normal
neptune
neptune
neptune
neptune
normal
neptune
normal
neptune
neptune
neptune
normal
neptune
neptune
normal
normal
normal
ipsweep
normal
neptune
neptune
normal
nmap
normal
neptune
normal
neptune
normal
normal
normal
normal
neptune
normal
normal
neptune
neptune
neptune
normal
normal
normal
normal
neptune
smurf
normal
neptune
normal
normal
normal
normal
normal
normal
neptune
neptune
satan
normal
neptune
teardrop
smurf
neptune
normal
normal
neptune
ipsweep
neptune
portsweep
neptune
normal
neptune
smurf
smurf
neptune
neptune
portsweep
normal
normal
normal
neptune
normal
normal
smurf
normal
normal
neptune
neptune
normal
normal
normal
neptune
portsweep
normal
ipsweep
neptune
normal
neptune
normal
normal
normal
normal
normal
ipsweep
normal
neptune
neptune
normal
ipsweep
normal
normal
satan
neptune
neptune
neptune
normal
neptune
normal
normal
normal
neptune
normal
normal
normal
normal
normal
neptune
normal
normal
warezclient
normal
teardrop
neptune
neptune
neptune
neptune
normal
back
normal
normal
neptune
normal
normal
nmap
portsweep
nmap
normal
normal
satan
normal
ipsweep
normal
normal
neptune
neptune
neptune
normal
neptune
normal
neptune
neptune
portsweep
satan
normal
normal
warezclient
normal
normal
neptune
normal
normal
neptune
normal
neptune
satan
normal
neptune
neptune
normal
neptune
ipsweep
neptune
normal
normal
normal
neptune
portsweep
smurf
normal
normal
neptune
normal
portsweep
normal
teardrop
normal
neptune
neptune
neptune
ipsweep
neptune
normal
normal
normal
satan
normal
normal
neptune
neptune
nmap
satan
normal
normal
normal
teardrop
back
normal
normal
normal
ipsweep
neptune
normal
ipsweep
normal
normal
nmap
normal
neptune
neptune
normal
normal
normal
normal
normal
neptune
satan
neptune
normal
ipsweep
normal
normal
neptune
normal
normal
satan
normal
nmap
neptune
normal
neptune
normal
neptune
normal
neptune
normal
neptune
normal
neptune
neptune
normal
normal
normal
smurf
normal
normal
normal
normal
normal
neptune
normal
normal
normal
normal
neptune
nmap
satan
neptune
normal
normal
neptune
normal
neptune
neptune
smurf
normal
neptune
satan
neptune
neptune
back
normal
ipsweep
neptune
normal
normal
neptune
neptune
normal
normal
normal
normal
neptune
normal
normal
normal
normal
warezclient
neptune
normal
neptune
normal
normal
neptune
normal
smurf
neptune
neptune
normal
smurf
neptune
neptune
normal
neptune
normal
neptune
normal
neptune
normal
neptune
neptune
normal
smurf
neptune
neptune
neptune
neptune
normal
normal
normal
normal
smurf
normal
normal
satan
normal
neptune
neptune
normal
normal
normal
normal
normal
normal
normal
neptune
neptune
nmap
neptune
satan
normal
normal
neptune
neptune
neptune
normal
normal
normal
neptune
normal
satan
normal
neptune
normal
teardrop
neptune
neptune
normal
normal
neptune
normal
normal
normal
ipsweep
normal
normal
normal
normal
warezclient
neptune
neptune
ipsweep
smurf
neptune
neptune
satan
normal
neptune
normal
normal
neptune
normal
warezclient
normal
neptune
neptune
satan
portsweep
normal
normal
neptune
neptune
normal
normal
normal
ipsweep
neptune
neptune
neptune
neptune
normal
neptune
normal
neptune
smurf
normal
normal
normal
normal
normal
normal
normal
normal
normal
neptune
normal
normal
normal
satan
neptune
normal
satan
neptune
normal
neptune
neptune
neptune
neptune
neptune
normal
normal
neptune
normal
portsweep
normal
warezclient
normal
normal
normal
ipsweep
neptune
normal
normal
neptune
neptune
neptune
land
normal
normal
normal
neptune
neptune
normal
neptune
neptune
ipsweep
normal
normal
normal
neptune
neptune
normal
neptune
neptune
normal
normal
satan
normal
normal
ipsweep
normal
back
normal
normal
normal
neptune
normal
satan
normal
normal
normal
normal
neptune
normal
normal
normal
neptune
normal
normal
neptune
neptune
normal
neptune
neptune
normal
portsweep
normal
neptune
normal
neptune
normal
neptune
normal
normal
normal
normal
normal
neptune
normal
neptune
neptune
normal
neptune
neptune
neptune
normal
neptune
normal
ipsweep
normal
neptune
normal
normal
normal
normal
normal
neptune
neptune
portsweep
nmap
neptune
normal
neptune
smurf
normal
normal
normal
normal
normal
neptune
normal
neptune
guess_passwd
neptune
normal
neptune
normal
normal
neptune
normal
normal
normal
normal
normal
normal
smurf
neptune
ipsweep
normal
nmap
smurf
neptune
neptune
neptune
normal
neptune
neptune
normal
normal
normal
pod
smurf
neptune
neptune
neptune
neptune
normal
normal
neptune
ipsweep
normal
neptune
normal
normal
satan
neptune
neptune
satan
normal
neptune
neptune
satan
neptune
normal
normal
normal
normal
neptune
normal
neptune
normal
normal
normal
normal
neptune
normal
normal
normal
ipsweep
neptune
neptune
neptune
normal
normal
neptune
neptune
neptune
normal
normal
neptune
neptune
normal
normal
neptune
neptune
normal
normal
back
neptune
normal
satan
neptune
neptune
neptune
nmap
portsweep
normal
normal
neptune
neptune
neptune
normal
normal
satan
normal
neptune
normal
neptune
ipsweep
neptune
neptune
normal
neptune
normal
normal
normal
normal
normal
neptune
smurf
neptune
neptune
normal
satan
normal
normal
back
normal
neptune
normal
normal
neptune
normal
normal
neptune
normal
neptune
normal
neptune
teardrop
neptune
neptune
normal
portsweep
neptune
neptune
normal
normal
neptune
neptune
portsweep
normal
normal
normal
normal
portsweep
smurf
normal
normal
back
normal
normal
normal
ipsweep
normal
normal
normal
neptune
normal
ipsweep
neptune
normal
neptune
neptune
normal
back
smurf
neptune
normal
portsweep
neptune
normal
normal
smurf
portsweep
neptune
neptune
normal
normal
normal
normal
normal
neptune
neptune
normal
normal
smurf
smurf
neptune
normal
neptune
neptune
normal
neptune
normal
neptune
normal
neptune
normal
normal
normal
satan
smurf
neptune
normal
normal
neptune
neptune
normal
normal
normal
neptune
normal
neptune
satan
normal
normal
normal
neptune
normal
normal
satan
normal
neptune
satan
ipsweep
neptune
neptune
normal
neptune
normal
normal
neptune
normal
neptune
normal
normal
normal
normal
normal
normal
ipsweep
normal
neptune
neptune
normal
normal
normal
normal
normal
neptune
normal
neptune
ipsweep
normal
normal
normal
normal
neptune
neptune
normal
normal
neptune
neptune
neptune
ipsweep
normal
normal
normal
neptune
normal
portsweep
neptune
normal
warezclient
normal
neptune
normal
normal
normal
normal
normal
neptune
normal
neptune
normal
neptune
normal
normal
normal
normal
neptune
neptune
normal
normal
neptune
neptune
normal
normal
neptune
neptune
neptune
normal
neptune
normal
neptune
neptune
normal
neptune
normal
normal
normal
normal
normal
normal
warezclient
neptune
neptune
neptune
neptune
smurf
normal
neptune
neptune
normal
normal
normal
normal
neptune
normal
normal
neptune
normal
neptune
normal
satan
normal
neptune
smurf
neptune
normal
normal
normal
neptune
neptune
normal
neptune
land
neptune
normal
neptune
normal
normal
neptune
normal
back
normal
normal
normal
neptune
normal
neptune
normal
normal
normal
normal
normal
normal
normal
normal
normal
back
normal
normal
neptune
normal
normal
normal
portsweep
normal
ipsweep
neptune
normal
satan
normal
normal
normal
neptune
normal
neptune
normal
normal
normal
normal
neptune
pod
normal
normal
neptune
normal
neptune
normal
neptune
normal
neptune
normal
neptune
normal
neptune
normal
normal
neptune
neptune
normal
normal
normal
back
satan
neptune
neptune
neptune
neptune
normal
normal
normal
neptune
normal
portsweep
normal
neptune
normal
neptune
nmap
back
normal
nmap
normal
neptune
normal
normal
normal
neptune
normal
teardrop
neptune
normal
normal
normal
neptune
normal
neptune
neptune
neptune
neptune
neptune
normal
neptune
normal
normal
normal
normal
normal
ipsweep
normal
normal
neptune
neptune
normal
neptune
neptune
ipsweep
normal
normal
neptune
normal
neptune
normal
neptune
normal
normal
normal
neptune
neptune
normal
normal
neptune
normal
normal
normal
nmap
ipsweep
neptune
normal
neptune
normal
normal
normal
neptune
normal
satan
normal
neptune
warezclient
normal
normal
normal
normal
normal
neptune
portsweep
normal
neptune
normal
normal
ipsweep
normal
neptune
normal
smurf
teardrop
ipsweep
ipsweep
normal
neptune
ipsweep
normal
neptune
satan
normal
neptune
normal
warezclient
normal
normal
normal
normal
neptune
neptune
neptune
normal
normal
normal
neptune
neptune
normal
normal
normal
neptune
normal
normal
normal
neptune
neptune
neptune
neptune
normal
neptune
normal
normal
smurf
satan
warezclient
normal
normal
satan
portsweep
normal
warezclient
neptune
normal
neptune
normal
neptune
neptune
warezclient
neptune
neptune
portsweep
normal
normal
normal
ipsweep
normal
normal
neptune
normal
normal
normal
nmap
normal
normal
nmap
neptune
normal
neptune
normal
normal
normal
neptune
normal
neptune
normal
normal
normal
normal
neptune
portsweep
normal
neptune
neptune
normal
normal
neptune
neptune
neptune
portsweep
neptune
neptune
normal
neptune
neptune
normal
neptune
normal
normal
normal
normal
neptune
neptune
neptune
normal
satan
normal
neptune
neptune
normal
neptune
normal
back
normal
normal
normal
neptune
normal
normal
neptune
neptune
normal
normal
normal
neptune
neptune
normal
normal
normal
neptune
normal
normal
normal
normal
normal
normal
normal
neptune
normal
neptune
normal
normal
normal
neptune
normal
normal
normal
normal
ipsweep
normal
normal
neptune
normal
neptune
normal
neptune
neptune
ipsweep
normal
satan
normal
normal
normal
normal
normal
neptune
back
normal
normal
satan
normal
neptune
normal
neptune
normal
satan
normal
normal
neptune
normal
normal
neptune
normal
normal
neptune
normal
normal
normal
neptune
neptune
warezclient
neptune
normal
normal
smurf
smurf
satan
normal
normal
normal
neptune
neptune
neptune
normal
normal
nmap
normal
neptune
neptune
neptune
normal
normal
normal
normal
normal
normal
normal
normal
neptune
normal
neptune
teardrop
normal
neptune
neptune
normal
normal
neptune
smurf
neptune
neptune
normal
neptune
smurf
neptune
neptune
normal
neptune
normal
normal
normal
normal
neptune
ipsweep
neptune
neptune
neptune
normal
neptune
normal
normal
neptune
normal
pod
normal
normal
neptune
neptune
normal
normal
normal
normal
normal
neptune
normal
neptune
neptune
neptune
smurf
normal
normal
neptune
normal
smurf
neptune
teardrop
normal
normal
neptune
neptune
neptune
normal
normal
pod
neptune
normal
ipsweep
normal
neptune
portsweep
neptune
neptune
smurf
normal
neptune
normal
neptune
normal
normal
normal
normal
normal
normal
normal
normal
satan
normal
neptune
normal
neptune
normal
normal
normal
normal
satan
portsweep
neptune
normal
normal
neptune
neptune
normal
normal
normal
neptune
neptune
satan
normal
neptune
ipsweep
neptune
normal
ipsweep
normal
normal
neptune
neptune
neptune
neptune
normal
normal
normal
normal
normal
normal
neptune
normal
neptune
satan
normal
normal
normal
normal
neptune
normal
normal
neptune
normal
teardrop
satan
satan
nmap
normal
normal
normal
normal
pod
neptune
neptune
normal
normal
normal
neptune
normal
normal
neptune
neptune
normal
normal
normal
normal
neptune
normal
normal
normal
neptune
neptune
normal
neptune
smurf
normal
normal
nmap
normal
normal
neptune
normal
normal
neptune
normal
normal
normal
neptune
neptune
smurf
neptune
normal
neptune
normal
normal
neptune
normal
portsweep
normal
normal
normal
neptune
smurf
neptune
normal
neptune
neptune
normal
normal
normal
neptune
normal
normal
neptune
neptune
normal
normal
normal
neptune
normal
neptune
normal
normal
neptune
neptune
normal
normal
normal
satan
normal
normal
normal
neptune
satan
normal
normal
neptune
normal
neptune
normal
normal
normal
smurf
portsweep
neptune
smurf
normal
normal
satan
normal
normal
neptune
normal
normal
neptune
neptune
portsweep
normal
neptune
portsweep
neptune
normal
normal
normal
normal
neptune
normal
neptune
normal
normal
neptune
normal
neptune
smurf
normal
normal
normal
teardrop
neptune
normal
normal
normal
normal
portsweep
neptune
neptune
satan
neptune
teardrop
normal
warezclient
normal
ipsweep
normal
neptune
normal
neptune
normal
neptune
normal
normal
neptune
normal
normal
normal
normal
ipsweep
neptune
neptune
neptune
neptune
normal
neptune
neptune
neptune
normal
neptune
normal
normal
normal
normal
normal
normal
normal
normal
normal
neptune
neptune
normal
normal
neptune
neptune
neptune
nmap
normal
neptune
portsweep
normal
normal
nmap
smurf
normal
neptune
neptune
neptune
normal
neptune
normal
neptune
normal
normal
neptune
neptune
portsweep
neptune
neptune
smurf
normal
neptune
neptune
normal
normal
normal
neptune
normal
neptune
normal
neptune
portsweep
neptune
normal
normal
normal
neptune
neptune
neptune
back
neptune
neptune
normal
neptune
normal
neptune
ipsweep
normal
normal
normal
normal
neptune
normal
normal
normal
portsweep
satan
normal
normal
neptune
normal
normal
smurf
portsweep
neptune
normal
neptune
neptune
normal
normal
neptune
satan
neptune
normal
normal
neptune
neptune
normal
normal
neptune
normal
normal
normal
normal
neptune
normal
neptune
neptune
normal
normal
normal
normal
neptune
normal
neptune
normal
normal
neptune
satan
neptune
normal
normal
neptune
normal
neptune
normal
neptune
portsweep
normal
neptune
normal
normal
neptune
normal
normal
normal
neptune
normal
normal
normal
normal
neptune
neptune
normal
normal
portsweep
neptune
normal
neptune
smurf
normal
normal
normal
normal
normal
neptune
ipsweep
normal
normal
normal
normal
neptune
normal
neptune
normal
neptune
normal
satan
normal
neptune
satan
neptune
normal
normal
normal
neptune
normal
neptune
neptune
normal
ipsweep
normal
neptune
neptune
neptune
nmap
normal
normal
normal
normal
nmap
normal
neptune
normal
normal
normal
neptune
normal
neptune
neptune
normal
normal
normal
neptune
neptune
normal
normal
normal
normal
normal
normal
normal
neptune
normal
normal
normal
normal
neptune
normal
normal
normal
ipsweep
normal
normal
normal
neptune
ipsweep
normal
normal
neptune
normal
neptune
normal
neptune
satan
neptune
neptune
normal
normal
normal
back
neptune
normal
neptune
nmap
normal
normal
teardrop
neptune
normal
normal
neptune
satan
neptune
neptune
normal
normal
neptune
normal
normal
neptune
normal
normal
neptune
warezclient
neptune
normal
neptune
neptune
normal
ipsweep
neptune
normal
normal
normal
normal
neptune
neptune
normal
normal
normal
neptune
normal
neptune
normal
normal
normal
normal
normal
normal
normal
neptune
portsweep
neptune
normal
normal
satan
ipsweep
normal
normal
normal
normal
normal
neptune
neptune
normal
normal
normal
normal
normal
neptune
neptune
portsweep
neptune
normal
normal
neptune
normal
normal
neptune
normal
ipsweep
normal
normal
normal
normal
neptune
normal
neptune
neptune
neptune
normal
normal
satan
neptune
neptune
normal
normal
normal
normal
neptune
normal
nmap
normal
normal
normal
normal
normal
satan
normal
normal
normal
neptune
normal
nmap
normal
neptune
normal
portsweep
neptune
normal
normal
teardrop
neptune
neptune
portsweep
normal
normal
back
normal
normal
normal
normal
neptune
neptune
smurf
neptune
neptune
neptune
normal
normal
normal
normal
normal
normal
normal
teardrop
neptune
normal
neptune
nmap
normal
normal
normal
neptune
normal
normal
neptune
normal
normal
normal
normal
normal
neptune
normal
normal
normal
normal
neptune
normal
normal
smurf
neptune
neptune
normal
normal
nmap
normal
ipsweep
neptune
normal
ipsweep
normal
ipsweep
portsweep
neptune
smurf
normal
normal
normal
neptune
normal
satan
normal
normal
normal
neptune
normal
smurf
neptune
smurf
normal
normal
neptune
neptune
ipsweep
ipsweep
normal
normal
satan
neptune
normal
normal
neptune
normal
neptune
neptune
normal
neptune
normal
normal
normal
neptune
normal
normal
satan
normal
normal
normal
neptune
normal
normal
normal
normal
land
neptune
neptune
neptune
normal
normal
ipsweep
normal
neptune
normal
normal
normal
neptune
normal
normal
normal
normal
normal
neptune
normal
neptune
neptune
normal
neptune
portsweep
teardrop
neptune
neptune
normal
neptune
ipsweep
neptune
normal
neptune
neptune
neptune
normal
neptune
normal
normal
normal
normal
warezclient
normal
portsweep
normal
normal
teardrop
neptune
neptune
neptune
neptune
normal
normal
normal
neptune
normal
normal
neptune
neptune
normal
normal
normal
neptune
normal
neptune
back
normal
normal
normal
neptune
normal
normal
nmap
normal
normal
neptune
normal
normal
normal
smurf
normal
neptune
portsweep
normal
normal
neptune
normal
normal
normal
normal
normal
normal
neptune
normal
neptune
neptune
neptune
normal
neptune
normal
normal
neptune
normal
normal
normal
normal
neptune
normal
neptune
neptune
normal
neptune
normal
normal
normal
neptune
neptune
neptune
normal
normal
neptune
normal
neptune
normal
neptune
neptune
normal
normal
normal
neptune
normal
normal
ipsweep
normal
normal
neptune
neptune
satan
normal
normal
spy
neptune
normal
neptune
portsweep
normal
nmap
normal
neptune
normal
normal
normal
normal
normal
neptune
normal
normal
normal
neptune
satan
neptune
normal
normal
neptune
neptune
normal
satan
normal
neptune
satan
neptune
normal
guess_passwd
neptune
neptune
normal
normal
neptune
normal
neptune
normal
neptune
normal
neptune
normal
normal
neptune
satan
neptune
normal
ipsweep
normal
normal
neptune
normal
neptune
neptune
normal
normal
neptune
smurf
neptune
normal
normal
normal
normal
normal
normal
normal
neptune
normal
normal
neptune
satan
normal
satan
satan
normal
normal
satan
neptune
normal
normal
normal
teardrop
neptune
satan
normal
portsweep
neptune
normal
normal
neptune
neptune
normal
normal
normal
neptune
normal
normal
normal
normal
normal
normal
portsweep
normal
neptune
normal
normal
normal
neptune
normal
neptune
normal
neptune
normal
normal
normal
normal
normal
normal
normal
normal
neptune
neptune
normal
normal
portsweep
neptune
portsweep
ipsweep
normal
neptune
normal
portsweep
normal
neptune
neptune
normal
normal
normal
smurf
neptune
normal
portsweep
normal
normal
normal
normal
neptune
normal
neptune
ipsweep
normal
normal
normal
normal
normal
normal
normal
neptune
normal
neptune
nmap
satan
normal
neptune
neptune
neptune
normal
normal
normal
normal
neptune
normal
normal
normal
neptune
neptune
ipsweep
normal
normal
nmap
smurf
normal
normal
normal
neptune
normal
normal
normal
ipsweep
normal
normal
neptune
normal
portsweep
satan
normal
neptune
normal
normal
neptune
portsweep
normal
normal
normal
neptune
nmap
normal
normal
normal
normal
neptune
neptune
neptune
neptune
normal
normal
normal
smurf
normal
imap
neptune
neptune
neptune
smurf
smurf
neptune
normal
ipsweep
teardrop
normal
normal
normal
normal
portsweep
normal
normal
normal
normal
normal
normal
normal
warezclient
neptune
normal
normal
normal
neptune
portsweep
neptune
normal
neptune
normal
neptune
neptune
normal
neptune
neptune
smurf
normal
neptune
neptune
normal
normal
neptune
neptune
normal
normal
teardrop
normal
normal
normal
normal
normal
normal
neptune
normal
normal
normal
neptune
nmap
neptune
normal
neptune
neptune
ipsweep
normal
ipsweep
normal
normal
normal
normal
ipsweep
normal
normal
normal
neptune
normal
neptune
normal
nmap
normal
normal
neptune
neptune
normal
back
warezclient
normal
normal
neptune
teardrop
neptune
normal
normal
normal
neptune
neptune
neptune
normal
normal
normal
neptune
normal
neptune
normal
neptune
normal
normal
normal
normal
neptune
neptune
normal
satan
normal
neptune
neptune
neptune
normal
normal
normal
smurf
normal
normal
normal
neptune
normal
normal
normal
normal
neptune
neptune
normal
portsweep
normal
normal
normal
neptune
normal
normal
normal
normal
neptune
neptune
normal
neptune
neptune
normal
normal
neptune
normal
normal
normal
normal
neptune
portsweep
smurf
neptune
normal
neptune
ipsweep
ipsweep
normal
smurf
normal
normal
normal
normal
satan
normal
normal
neptune
teardrop
neptune
neptune
neptune
normal
neptune
normal
satan
neptune
neptune
normal
normal
normal
neptune
ipsweep
neptune
neptune
neptune
ipsweep
neptune
neptune
ipsweep
normal
normal
ipsweep
portsweep
normal
neptune
normal
neptune
normal
normal
neptune
neptune
normal
normal
normal
normal
normal
normal
normal
normal
normal
neptune
normal
smurf
normal
neptune
ipsweep
normal
neptune
normal
satan
normal
neptune
neptune
normal
normal
satan
neptune
neptune
portsweep
neptune
normal
normal
normal
normal
neptune
normal
normal
neptune
normal
neptune
normal
normal
neptune
neptune
normal
neptune
imap
neptune
normal
neptune
normal
neptune
normal
normal
normal
normal
back
satan
portsweep
normal
normal
normal
neptune
neptune
neptune
normal
normal
normal
neptune
normal
normal
neptune
neptune
normal
normal
normal
normal
normal
neptune
normal
ipsweep
neptune
ipsweep
normal
normal
normal
neptune
pod
neptune
neptune
neptune
neptune
satan
nmap
normal
portsweep
normal
normal
neptune
normal
normal
normal
neptune
back
satan
normal
neptune
neptune
normal
normal
normal
normal
normal
normal
ipsweep
normal
normal
nmap
ipsweep
normal
normal
satan
normal
neptune
normal
neptune
normal
normal
normal
normal
neptune
neptune
neptune
normal
teardrop
normal
neptune
normal
normal
normal
portsweep
neptune
neptune
neptune
neptune
neptune
neptune
neptune
neptune
neptune
normal
neptune
normal
normal
warezclient
ipsweep
normal
normal
neptune
neptune
normal
neptune
ipsweep
neptune
teardrop
normal
normal
neptune
neptune
neptune
normal
normal
neptune
neptune
neptune
neptune
normal
neptune
normal
ipsweep
normal
neptune
neptune
neptune
neptune
neptune
normal
normal
nmap
normal
normal
normal
normal
neptune
normal
normal
normal
normal
normal
normal
normal
back
neptune
neptune
neptune
smurf
normal
neptune
normal
neptune
normal
normal
normal
normal
neptune
normal
neptune
ipsweep
normal
neptune
normal
portsweep
normal
satan
neptune
neptune
normal
normal
normal
neptune
neptune
normal
normal
neptune
neptune
satan
neptune
normal
neptune
neptune
normal
normal
normal
satan
normal
normal
normal
satan
normal
neptune
normal
satan
normal
ipsweep
normal
normal
normal
normal
normal
normal
neptune
normal
normal
smurf
neptune
neptune
smurf
normal
neptune
normal
neptune
normal
normal
neptune
satan
normal
normal
normal
neptune
neptune
neptune
normal
neptune
neptune
normal
normal
normal
normal
normal
neptune
normal
satan
neptune
normal
normal
teardrop
normal
normal
normal
neptune
neptune
neptune
normal
normal
neptune
normal
normal
normal
neptune
normal
normal
normal
ipsweep
satan
portsweep
neptune
normal
neptune
neptune
normal
normal
satan
normal
neptune
normal
neptune
normal
rootkit
neptune
neptune
back
normal
normal
normal
normal
normal
neptune
neptune
normal
normal
neptune
normal
neptune
normal
normal
neptune
normal
neptune
normal
normal
neptune
normal
neptune
smurf
neptune
neptune
neptune
normal
normal
neptune
ipsweep
normal
smurf
normal
normal
normal
neptune
neptune
normal
neptune
neptune
neptune
neptune
normal
neptune
normal
normal
neptune
neptune
teardrop
normal
neptune
neptune
neptune
normal
normal
normal
normal
ipsweep
normal
neptune
normal
neptune
neptune
normal
neptune
normal
normal
normal
neptune
normal
normal
neptune
normal
neptune
normal
warezclient
normal
neptune
neptune
neptune
warezclient
neptune
normal
neptune
normal
normal
normal
normal
neptune
normal
normal
neptune
normal
neptune
neptune
neptune
neptune
normal
back
normal
normal
ipsweep
back
normal
neptune
neptune
normal
smurf
neptune
normal
teardrop
normal
neptune
normal
neptune
smurf
ipsweep
neptune
neptune
teardrop
satan
normal
normal
normal
neptune
neptune
neptune
normal
normal
normal
normal
normal
neptune
normal
normal
neptune
neptune
neptune
neptune
normal
normal
normal
normal
normal
normal
normal
normal
satan
normal
normal
neptune
normal
neptune
normal
neptune
neptune
normal
nmap
neptune
normal
neptune
neptune
smurf
neptune
normal
neptune
normal
normal
normal
neptune
portsweep
portsweep
teardrop
normal
normal
normal
normal
normal
normal
normal
portsweep
normal
ipsweep
neptune
normal
normal
neptune
normal
neptune
neptune
teardrop
normal
normal
normal
normal
normal
normal
portsweep
neptune
normal
normal
normal
normal
neptune
normal
normal
normal
neptune
normal
neptune
normal
normal
normal
neptune
neptune
neptune
neptune
normal
neptune
neptune
normal
normal
neptune
satan
neptune
warezclient
portsweep
normal
neptune
neptune
normal
neptune
neptune
neptune
normal
normal
neptune
normal
neptune
neptune
neptune
neptune
normal
neptune
normal
neptune
neptune
normal
normal
ipsweep
normal
normal
neptune
smurf
normal
normal
normal
normal
normal
normal
normal
normal
normal
normal
normal
neptune
normal
neptune
neptune
normal
neptune
neptune
normal
ipsweep
neptune
neptune
neptune
normal
normal
normal
satan
normal
ipsweep
normal
neptune
normal
normal
normal
neptune
neptune
satan
satan
neptune
nmap
neptune
neptune
normal
normal
neptune
normal
normal
normal
normal
normal
neptune
neptune
warezclient
neptune
normal
normal
neptune
neptune
normal
normal
normal
neptune
normal
normal
smurf
normal
neptune
normal
normal
normal
normal
normal
normal
neptune
satan
normal
normal
normal
normal
normal
normal
normal
normal
neptune
normal
normal
normal
normal
normal
normal
neptune
normal
normal
normal
normal
normal
teardrop
normal
normal
neptune
neptune
neptune
back
normal
normal
normal
portsweep
normal
normal
normal
normal
normal
satan
portsweep
normal
normal
normal
neptune
normal
normal
normal
ipsweep
normal
normal
portsweep
neptune
neptune
normal
neptune
neptune
normal
neptune
normal
normal
nmap
normal
normal
normal
neptune
normal
neptune
normal
normal
neptune
normal
normal
neptune
normal
normal
normal
ipsweep
normal
normal
normal
neptune
normal
neptune
normal
normal
normal
smurf
normal
neptune
normal
nmap
normal
portsweep
neptune
neptune
normal
normal
portsweep
neptune
normal
normal
neptune
neptune
neptune
normal
neptune
normal
normal
normal
normal
portsweep
neptune
neptune
smurf
normal
neptune
ipsweep
neptune
normal
neptune
satan
normal
normal
normal
normal
normal
neptune
neptune
satan
neptune
normal
normal
neptune
normal
normal
normal
neptune
normal
neptune
portsweep
normal
normal
normal
normal
normal
normal
neptune
neptune
normal
normal
normal
normal
neptune
smurf
normal
normal
neptune
normal
neptune
neptune
neptune
neptune
normal
neptune
normal
normal
normal
normal
normal
neptune
normal
neptune
normal
neptune
neptune
neptune
normal
neptune
neptune
normal
normal
neptune
neptune
normal
normal
neptune
neptune
normal
neptune
normal
normal
normal
normal
neptune
neptune
neptune
normal
neptune
teardrop
normal
pod
normal
normal
normal
normal
normal
normal
neptune
normal
normal
satan
normal
neptune
ipsweep
normal
neptune
satan
neptune
normal
normal
normal
neptune
ipsweep
normal
neptune
neptune
neptune
normal
normal
neptune
normal
neptune
neptune
neptune
normal
normal
normal
neptune
neptune
normal
normal
normal
neptune
normal
neptune
neptune
normal
neptune
normal
normal
neptune
smurf
neptune
normal
normal
normal
satan
neptune
smurf
normal
ipsweep
back
normal
neptune
normal
normal
normal
normal
normal
ipsweep
neptune
normal
neptune
normal
normal
neptune
neptune
normal
normal
portsweep
normal
smurf
normal
neptune
neptune
normal
normal
neptune
normal
normal
neptune
normal
satan
normal
normal
normal
neptune
normal
normal
normal
normal
neptune
normal
neptune
neptune
neptune
neptune
neptune
normal
ipsweep
normal
normal
neptune
satan
normal
normal
normal
neptune
portsweep
smurf
normal
neptune
neptune
normal
normal
neptune
normal
neptune
normal
normal
neptune
normal
neptune
normal
normal
neptune
normal
neptune
neptune
normal
neptune
normal
normal
neptune
neptune
normal
normal
normal
normal
smurf
normal
neptune
neptune
neptune
satan
neptune
normal
neptune
normal
normal
neptune
satan
normal
normal
satan
portsweep
normal
neptune
normal
neptune
neptune
normal
satan
normal
normal
neptune
normal
neptune
normal
neptune
neptune
normal
normal
normal
normal
normal
normal
normal
neptune
neptune
neptune
neptune
warezclient
neptune
portsweep
neptune
neptune
neptune
normal
neptune
neptune
normal
normal
normal
normal
normal
neptune
neptune
neptune
normal
satan
normal
normal
ipsweep
neptune
normal
satan
normal
neptune
normal
satan
normal
nmap
normal
normal
neptune
neptune
normal
normal
neptune
neptune
neptune
neptune
smurf
normal
normal
neptune
satan
neptune
neptune
normal
normal
normal
normal
normal
satan
neptune
neptune
normal
normal
portsweep
pod
normal
normal
neptune
neptune
normal
neptune
normal
neptune
normal
neptune
normal
neptune
normal
normal
neptune
neptune
neptune
normal
neptune
normal
normal
back
neptune
neptune
normal
neptune
neptune
normal
neptune
neptune
neptune
neptune
normal
normal
normal
neptune
normal
neptune
normal
normal
neptune
normal
normal
normal
normal
normal
normal
normal
neptune
normal
normal
normal
neptune
neptune
normal
ipsweep
neptune
normal
neptune
normal
normal
normal
normal
neptune
normal
neptune
normal
neptune
smurf
normal
neptune
neptune
normal
neptune
normal
neptune
neptune
teardrop
normal
normal
normal
neptune
normal
neptune
neptune
normal
smurf
normal
neptune
normal
normal
normal
normal
normal
normal
normal
warezclient
normal
normal
normal
normal
smurf
ipsweep
normal
normal
neptune
normal
neptune
satan
neptune
normal
neptune
normal
neptune
ipsweep
portsweep
portsweep
ipsweep
normal
satan
normal
normal
satan
neptune
normal
normal
normal
smurf
normal
normal
normal
normal
neptune
normal
satan
portsweep
normal
perl
teardrop
normal
normal
teardrop
neptune
portsweep
normal
normal
neptune
satan
normal
normal
normal
normal
neptune
neptune
satan
neptune
neptune
normal
neptune
normal
normal
neptune
normal
neptune
normal
normal
neptune
neptune
normal
normal
normal
normal
neptune
neptune
normal
normal
normal
normal
normal
normal
neptune
neptune
neptune
normal
normal
normal
normal
portsweep
neptune
normal
satan
neptune
normal
normal
neptune
normal
normal
normal
nmap
normal
ipsweep
satan
neptune
normal
normal
normal
neptune
normal
normal
ipsweep
neptune
normal
neptune
normal
normal
normal
normal
normal
normal
normal
ipsweep
neptune
portsweep
neptune
neptune
normal
satan
normal
normal
ipsweep
normal
normal
normal
normal
neptune
normal
neptune
neptune
normal
ipsweep
neptune
neptune
neptune
normal
neptune
neptune
neptune
normal
smurf
neptune
normal
normal
neptune
neptune
portsweep
neptune
normal
normal
normal
normal
neptune
normal
neptune
normal
normal
smurf
normal
neptune
neptune
satan
normal
neptune
normal
portsweep
normal
normal
neptune
normal
normal
neptune
normal
normal
neptune
normal
normal
normal
neptune
neptune
neptune
normal
normal
normal
normal
normal
normal
neptune
normal
neptune
normal
normal
normal
neptune
normal
normal
normal
normal
normal
normal
neptune
normal
normal
normal
neptune
normal
neptune
smurf
normal
neptune
ipsweep
normal
normal
normal
normal
normal
neptune
neptune
teardrop
normal
normal
neptune
normal
neptune
normal
neptune
neptune
normal
normal
smurf
normal
normal
normal
normal
normal
smurf
normal
neptune
normal
neptune
neptune
normal
smurf
normal
normal
neptune
normal
neptune
normal
normal
neptune
portsweep
neptune
neptune
smurf
normal
neptune
normal
neptune
normal
normal
normal
normal
nmap
normal
normal
neptune
neptune
normal
neptune
normal
normal
normal
neptune
normal
satan
normal
normal
normal
neptune
neptune
portsweep
normal
normal
normal
normal
normal
neptune
neptune
neptune
neptune
normal
neptune
normal
normal
normal
neptune
neptune
normal
normal
neptune
normal
normal
normal
normal
neptune
neptune
normal
neptune
teardrop
normal
normal
normal
neptune
neptune
neptune
smurf
normal
normal
neptune
neptune
ipsweep
normal
normal
neptune
normal
ipsweep
neptune
neptune
nmap
teardrop
normal
satan
ipsweep
neptune
normal
neptune
satan
smurf
neptune
normal
normal
normal
normal
neptune
normal
normal
normal
normal
normal
normal
neptune
normal
normal
normal
neptune
normal
neptune
neptune
normal
neptune
neptune
neptune
normal
smurf
ipsweep
neptune
neptune
normal
normal
portsweep
normal
normal
normal
normal
ipsweep
normal
neptune
neptune
normal
normal
normal
normal
normal
normal
neptune
normal
neptune
normal
normal
normal
normal
normal
normal
normal
neptune
normal
normal
neptune
normal
portsweep
smurf
neptune
neptune
neptune
normal
normal
normal
neptune
normal
neptune
neptune
neptune
normal
normal
neptune
normal
normal
neptune
normal
normal
neptune
normal
smurf
normal
normal
neptune
normal
normal
normal
neptune
neptune
normal
normal
portsweep
normal
normal
normal
normal
nmap
neptune
normal
normal
normal
normal
neptune
normal
neptune
normal
portsweep
neptune
normal
smurf
normal
portsweep
normal
neptune
normal
normal
normal
portsweep
neptune
normal
neptune
neptune
normal
normal
neptune
back
neptune
satan
normal
smurf
normal
neptune
normal
normal
normal
neptune
normal
neptune
normal
neptune
normal
smurf
normal
normal
neptune
normal
normal
nmap
normal
neptune
normal
neptune
normal
normal
normal
satan
normal
neptune
normal
normal
normal
normal
normal
neptune
back
neptune
neptune
warezclient
normal
normal
normal
neptune
normal
neptune
neptune
normal
neptune
neptune
neptune
normal
neptune
normal
neptune
satan
normal
normal
normal
normal
back
back
normal
normal
neptune
neptune
normal
neptune
neptune
ipsweep
neptune
neptune
normal
normal
portsweep
neptune
neptune
normal
neptune
normal
normal
neptune
normal
normal
neptune
normal
neptune
satan
normal
neptune
smurf
normal
normal
normal
normal
normal
normal
neptune
neptune
neptune
neptune
normal
neptune
neptune
normal
normal
neptune
neptune
normal
normal
normal
normal
normal
satan
portsweep
ipsweep
normal
ipsweep
neptune
normal
nmap
normal
normal
neptune
normal
normal
neptune
normal
neptune
normal
normal
normal
normal
neptune
neptune
normal
neptune
normal
normal
normal
normal
warezclient
normal
normal
neptune
neptune
normal
satan
neptune
normal
normal
normal
normal
normal
normal
normal
neptune
normal
normal
teardrop
normal
neptune
normal
normal
neptune
normal
satan
neptune
neptune
neptune
normal
normal
ipsweep
normal
normal
neptune
normal
normal
normal
normal
neptune
normal
neptune
neptune
normal
normal
neptune
normal
neptune
normal
normal
normal
normal
normal
neptune
normal
neptune
normal
normal
normal
normal
normal
normal
normal
normal
normal
normal
normal
normal
normal
normal
normal
neptune
teardrop
neptune
neptune
neptune
normal
normal
normal
neptune
neptune
normal
normal
normal
normal
neptune
normal
neptune
normal
normal
neptune
normal
portsweep
smurf
neptune
normal
neptune
neptune
neptune
nmap
satan
normal
normal
normal
normal
neptune
ipsweep
neptune
normal
neptune
neptune
satan
normal
normal
neptune
satan
neptune
normal
neptune
normal
normal
normal
portsweep
neptune
normal
normal
neptune
neptune
normal
normal
normal
normal
smurf
normal
neptune
normal
normal
normal
smurf
warezclient
normal
smurf
satan
normal
normal
normal
normal
normal
neptune
back
neptune
normal
normal
normal
neptune
neptune
neptune
normal
normal
normal
normal
normal
normal
normal
neptune
neptune
normal
smurf
normal
normal
nmap
neptune
neptune
neptune
normal
normal
neptune
normal
neptune
normal
normal
normal
smurf
normal
normal
normal
neptune
normal
neptune
normal
neptune
normal
normal
normal
normal
normal
neptune
satan
neptune
neptune
normal
portsweep
neptune
normal
normal
normal
normal
neptune
satan
neptune
neptune
neptune
normal
neptune
normal
normal
portsweep
normal
normal
normal
satan
normal
normal
back
neptune
normal
normal
neptune
normal
neptune
normal
normal
neptune
normal
normal
normal
normal
normal
neptune
ipsweep
normal
normal
neptune
normal
neptune
normal
normal
normal
normal
normal
normal
neptune
neptune
normal
neptune
normal
neptune
normal
normal
neptune
normal
normal
normal
neptune
normal
normal
ipsweep
neptune
smurf
normal
normal
neptune
ipsweep
normal
normal
portsweep
normal
normal
normal
neptune
neptune
neptune
normal
normal
ipsweep
portsweep
normal
normal
smurf
normal
normal
normal
neptune
neptune
normal
nmap
normal
normal
neptune
normal
normal
normal
normal
normal
normal
neptune
ipsweep
normal
normal
normal
neptune
neptune
normal
normal
normal
neptune
normal
normal
neptune
nmap
normal
normal
normal
neptune
normal
neptune
neptune
neptune
neptune
normal
normal
satan
neptune
neptune
neptune
normal
normal
normal
normal
ipsweep
normal
normal
normal
ipsweep
neptune
normal
normal
normal
neptune
neptune
normal
neptune
normal
neptune
normal
neptune
neptune
ipsweep
neptune
normal
nmap
normal
normal
normal
normal
neptune
neptune
normal
neptune
normal
neptune
normal
neptune
neptune
neptune
normal
normal
normal
satan
normal
normal
normal
neptune
neptune
normal
neptune
neptune
neptune
neptune
ipsweep
neptune
normal
normal
normal
normal
normal
normal
normal
normal
normal
normal
normal
neptune
neptune
back
neptune
normal
normal
normal
normal
normal
normal
normal
normal
normal
normal
normal
normal
normal
neptune
normal
neptune
satan
neptune
normal
neptune
neptune
normal
satan
neptune
normal
neptune
neptune
neptune
ipsweep
normal
neptune
neptune
normal
normal
normal
normal
neptune
portsweep
neptune
neptune
neptune
neptune
normal
normal
normal
satan
neptune
normal
normal
normal
neptune
normal
neptune
neptune
ipsweep
normal
smurf
neptune
neptune
normal
normal
neptune
normal
normal
normal
normal
smurf
portsweep
normal
normal
normal
neptune
normal
neptune
normal
normal
neptune
neptune
normal
neptune
normal
normal
neptune
neptune
normal
normal
neptune
normal
satan
normal
neptune
normal
neptune
neptune
neptune
neptune
normal
neptune
normal
normal
normal
normal
normal
neptune
neptune
normal
normal
neptune
neptune
neptune
nmap
normal
neptune
neptune
normal
normal
normal
normal
neptune
normal
normal
normal
normal
satan
neptune
normal
neptune
neptune
normal
normal
neptune
neptune
neptune
normal
normal
normal
neptune
normal
neptune
normal
normal
normal
satan
warezclient
neptune
normal
neptune
normal
normal
neptune
neptune
normal
normal
neptune
normal
neptune
normal
normal
normal
normal
neptune
normal
normal
neptune
neptune
neptune
normal
neptune
normal
normal
teardrop
neptune
normal
normal
normal
nmap
normal
ipsweep
normal
normal
normal
normal
normal
normal
neptune
warezclient
portsweep
normal
satan
neptune
neptune
normal
neptune
neptune
normal
neptune
normal
teardrop
normal
normal
normal
normal
normal
normal
normal
normal
normal
neptune
neptune
normal
normal
normal
neptune
normal
normal
normal
normal
normal
normal
neptune
normal
normal
portsweep
normal
normal
normal
neptune
neptune
neptune
neptune
normal
normal
portsweep
normal
neptune
neptune
normal
normal
neptune
normal
normal
normal
neptune
normal
neptune
normal
neptune
normal
neptune
normal
neptune
normal
normal
normal
neptune
normal
normal
normal
normal
neptune
normal
neptune
neptune
normal
normal
neptune
normal
neptune
neptune
normal
normal
normal
normal
normal
ipsweep
normal
normal
normal
normal
neptune
normal
normal
normal
neptune
normal
neptune
normal
normal
normal
normal
normal
normal
normal
neptune
normal
neptune
neptune
neptune
nmap
neptune
normal
neptune
teardrop
ipsweep
normal
normal
normal
neptune
smurf
normal
neptune
nmap
normal
neptune
nmap
neptune
normal
back
normal
neptune
neptune
normal
normal
normal
satan
normal
normal
neptune
normal
neptune
neptune
neptune
normal
normal
normal
normal
neptune
normal
satan
nmap
neptune
normal
normal
normal
neptune
normal
normal
normal
neptune
normal
normal
satan
neptune
normal
normal
smurf
normal
neptune
neptune
normal
neptune
neptune
normal
neptune
portsweep
normal
neptune
normal
neptune
neptune
neptune
neptune
normal
normal
neptune
neptune
normal
normal
neptune
smurf
neptune
normal
normal
neptune
normal
normal
neptune
normal
ipsweep
satan
neptune
neptune
normal
neptune
neptune
normal
normal
normal
normal
neptune
normal
neptune
neptune
normal
neptune
neptune
normal
normal
normal
normal
normal
normal
neptune
normal
neptune
normal
normal
neptune
neptune
ipsweep
warezclient
neptune
normal
normal
normal
normal
neptune
normal
neptune
normal
neptune
normal
neptune
neptune
neptune
normal
normal
ipsweep
normal
normal
neptune
normal
normal
neptune
normal
normal
normal
normal
neptune
normal
normal
normal
normal
neptune
neptune
nmap
normal
satan
neptune
neptune
normal
portsweep
normal
neptune
normal
normal
normal
normal
normal
neptune
normal
neptune
normal
normal
teardrop
normal
neptune
normal
normal
neptune
normal
ipsweep
normal
normal
normal
portsweep
normal
neptune
normal
neptune
neptune
normal
satan
normal
satan
normal
normal
neptune
neptune
neptune
neptune
normal
normal
neptune
normal
normal
neptune
neptune
neptune
normal
neptune
neptune
normal
normal
neptune
neptune
normal
neptune
normal
normal
normal
normal
normal
normal
neptune
normal
normal
normal
neptune
satan
normal
neptune
normal
neptune
neptune
neptune
nmap
normal
back
neptune
portsweep
neptune
neptune
satan
neptune
neptune
neptune
neptune
neptune
neptune
neptune
normal
normal
neptune
normal
neptune
nmap
portsweep
normal
neptune
normal
smurf
normal
normal
neptune
normal
satan
neptune
normal
neptune
neptune
smurf
normal
normal
normal
neptune
nmap
neptune
normal
normal
ipsweep
normal
normal
ipsweep
ipsweep
normal
smurf
normal
neptune
normal
normal
neptune
land
neptune
normal
neptune
neptune
smurf
neptune
normal
normal
neptune
normal
neptune
normal
normal
normal
normal
normal
neptune
normal
neptune
neptune
normal
normal
normal
normal
neptune
normal
normal
neptune
normal
neptune
normal
normal
normal
normal
normal
normal
neptune
neptune
normal
normal
normal
normal
normal
normal
normal
normal
normal
normal
normal
normal
normal
normal
normal
normal
nmap
normal
normal
pod
normal
normal
portsweep
normal
neptune
normal
normal
neptune
normal
normal
normal
normal
neptune
normal
normal
normal
normal
neptune
neptune
normal
normal
neptune
normal
normal
neptune
neptune
normal
normal
normal
neptune
normal
satan
normal
normal
satan
normal
normal
normal
normal
normal
normal
normal
neptune
ipsweep
neptune
normal
neptune
neptune
normal
normal
satan
normal
normal
normal
normal
neptune
normal
normal
ipsweep
neptune
normal
normal
satan
back
smurf
normal
neptune
normal
ipsweep
neptune
normal
normal
neptune
neptune
warezclient
neptune
neptune
normal
normal
neptune
normal
normal
neptune
normal
neptune
normal
neptune
neptune
normal
neptune
normal
neptune
neptune
neptune
normal
normal
normal
warezclient
neptune
neptune
normal
normal
normal
normal
neptune
normal
normal
neptune
smurf
neptune
normal
normal
neptune
normal
normal
normal
pod
normal
normal
back
neptune
portsweep
normal
smurf
normal
normal
normal
normal
normal
normal
normal
normal
normal
normal
satan
normal
normal
neptune
normal
teardrop
neptune
neptune
neptune
neptune
neptune
normal
normal
satan
normal
normal
normal
normal
normal
normal
neptune
normal
warezclient
normal
neptune
normal
normal
normal
neptune
normal
normal
normal
normal
normal
neptune
normal
normal
normal
normal
neptune
smurf
normal
teardrop
satan
neptune
normal
normal
neptune
neptune
normal
normal
neptune
smurf
neptune
normal
normal
normal
teardrop
normal
neptune
neptune
normal
normal
normal
neptune
normal
normal
ipsweep
normal
neptune
normal
neptune
neptune
normal
normal
neptune
neptune
normal
satan
satan
nmap
neptune
normal
normal
normal
ipsweep
neptune
normal
neptune
pod
neptune
normal
normal
neptune
normal
normal
normal
normal
normal
normal
normal
neptune
normal
normal
neptune
nmap
normal
smurf
pod
normal
normal
neptune
neptune
normal
neptune
normal
neptune
normal
normal
normal
normal
normal
normal
portsweep
normal
neptune
neptune
normal
neptune
neptune
satan
smurf
normal
back
normal
neptune
pod
satan
normal
normal
neptune
smurf
normal
normal
normal
neptune
neptune
normal
normal
satan
normal
satan
smurf
neptune
normal
warezclient
normal
normal
normal
normal
neptune
normal
normal
normal
satan
satan
normal
normal
neptune
neptune
neptune
neptune
normal
normal
normal
normal
smurf
normal
warezclient
normal
ipsweep
neptune
normal
normal
smurf
satan
neptune
normal
normal
neptune
portsweep
normal
normal
normal
normal
ipsweep
neptune
neptune
normal
neptune
normal
neptune
portsweep
normal
normal
normal
neptune
normal
normal
normal
normal
satan
neptune
normal
portsweep
normal
neptune
neptune
neptune
neptune
normal
normal
normal
satan
normal
neptune
normal
normal
ipsweep
neptune
normal
normal
normal
normal
satan
neptune
neptune
neptune
normal
neptune
normal
normal
normal
normal
normal
neptune
normal
normal
neptune
normal
neptune
neptune
normal
neptune
normal
normal
normal
neptune
smurf
satan
normal
neptune
neptune
normal
normal
satan
neptune
normal
neptune
ipsweep
normal
normal
normal
neptune
normal
normal
normal
neptune
normal
neptune
normal
normal
normal
neptune
satan
normal
normal
normal
teardrop
normal
normal
neptune
normal
normal
normal
neptune
neptune
normal
neptune
normal
normal
normal
normal
normal
neptune
normal
neptune
neptune
normal
normal
normal
ipsweep
normal
neptune
normal
normal
normal
satan
neptune
normal
neptune
nmap
neptune
satan
neptune
normal
normal
normal
normal
neptune
normal
normal
neptune
neptune
satan
normal
neptune
normal
normal
normal
neptune
ipsweep
neptune
normal
neptune
neptune
normal
neptune
normal
normal
normal
normal
normal
normal
normal
normal
neptune
neptune
neptune
normal
teardrop
normal
normal
neptune
normal
normal
normal
smurf
normal
normal
ipsweep
normal
normal
normal
normal
ipsweep
normal
normal
normal
neptune
normal
normal
normal
normal
ipsweep
neptune
normal
normal
neptune
normal
normal
normal
smurf
normal
neptune
smurf
neptune
normal
neptune
satan
normal
normal
neptune
normal
neptune
normal
ipsweep
ipsweep
neptune
ipsweep
normal
normal
portsweep
warezclient
normal
normal
normal
neptune
warezclient
normal
satan
neptune
neptune
satan
normal
normal
neptune
normal
normal
satan
neptune
normal
normal
normal
neptune
normal
normal
normal
neptune
neptune
normal
normal
normal
normal
nmap
satan
neptune
normal
neptune
satan
neptune
smurf
neptune
normal
normal
neptune
normal
normal
normal
nmap
normal
portsweep
neptune
normal
normal
neptune
normal
neptune
normal
neptune
normal
neptune
normal
warezclient
nmap
neptune
neptune
normal
portsweep
normal
neptune
neptune
portsweep
normal
normal
portsweep
teardrop
normal
neptune
normal
normal
normal
normal
normal
ipsweep
neptune
neptune
neptune
normal
normal
satan
ipsweep
normal
smurf
normal
portsweep
normal
neptune
normal
normal
smurf
normal
neptune
normal
normal
neptune
normal
normal
normal
normal
neptune
neptune
neptune
normal
normal
normal
neptune
normal
normal
normal
normal
neptune
normal
normal
normal
neptune
normal
neptune
normal
normal
normal
neptune
smurf
normal
neptune
normal
normal
normal
smurf
normal
ipsweep
normal
normal
neptune
neptune
normal
satan
neptune
normal
normal
normal
normal
normal
neptune
normal
normal
normal
neptune
satan
neptune
satan
normal
neptune
normal
neptune
normal
normal
ipsweep
normal
normal
normal
normal
neptune
teardrop
neptune
normal
nmap
neptune
neptune
normal
satan
normal
neptune
neptune
neptune
neptune
back
satan
neptune
normal
normal
normal
normal
normal
neptune
normal
neptune
neptune
normal
neptune
neptune
neptune
normal
normal
normal
normal
neptune
neptune
normal
ipsweep
neptune
neptune
neptune
neptune
neptune
neptune
neptune
normal
normal
normal
nmap
normal
normal
neptune
normal
normal
normal
normal
normal
normal
normal
normal
neptune
neptune
neptune
normal
normal
normal
neptune
normal
neptune
normal
normal
neptune
normal
normal
neptune
neptune
nmap
normal
normal
neptune
normal
neptune
normal
neptune
normal
normal
normal
normal
normal
satan
normal
neptune
warezclient
normal
normal
warezclient
normal
neptune
normal
normal
normal
neptune
neptune
ipsweep
normal
neptune
normal
neptune
satan
neptune
neptune
neptune
neptune
normal
satan
normal
normal
normal
normal
neptune
normal
normal
normal
ipsweep
neptune
teardrop
normal
normal
neptune
smurf
normal
normal
neptune
normal
neptune
normal
normal
normal
normal
smurf
normal
normal
neptune
teardrop
neptune
neptune
neptune
neptune
smurf
normal
normal
neptune
neptune
neptune
neptune
neptune
normal
portsweep
neptune
normal
neptune
normal
normal
normal
normal
portsweep
normal
normal
neptune
normal
normal
neptune
neptune
neptune
normal
normal
normal
back
normal
normal
normal
normal
normal
normal
normal
normal
normal
normal
normal
neptune
normal
satan
normal
neptune
portsweep
normal
satan
warezclient
neptune
portsweep
normal
normal
normal
neptune
normal
normal
normal
normal
normal
neptune
normal
normal
portsweep
normal
neptune
normal
normal
neptune
neptune
normal
satan
normal
normal
normal
smurf
normal
normal
normal
normal
normal
neptune
neptune
neptune
neptune
neptune
neptune
neptune
neptune
neptune
smurf
neptune
neptune
normal
portsweep
neptune
normal
neptune
ipsweep
neptune
normal
neptune
normal
normal
normal
normal
neptune
normal
pod
normal
neptune
ipsweep
neptune
normal
neptune
satan
smurf
neptune
normal
normal
neptune
normal
neptune
neptune
normal
normal
neptune
normal
normal
normal
normal
normal
normal
neptune
normal
normal
normal
neptune
normal
neptune
neptune
neptune
neptune
portsweep
neptune
normal
normal
satan
satan
normal
warezclient
normal
nmap
normal
normal
normal
normal
neptune
neptune
neptune
neptune
neptune
normal
satan
normal
neptune
normal
normal
neptune
normal
neptune
normal
normal
normal
neptune
normal
normal
normal
normal
neptune
normal
normal
neptune
neptune
neptune
ipsweep
normal
normal
normal
normal
normal
normal
neptune
normal
warezclient
neptune
neptune
normal
neptune
neptune
normal
neptune
neptune
neptune
normal
normal
neptune
neptune
neptune
normal
normal
normal
normal
ipsweep
neptune
neptune
normal
normal
neptune
normal
normal
normal
normal
satan
ipsweep
normal
normal
normal
portsweep
normal
neptune
normal
neptune
normal
neptune
neptune
neptune
normal
normal
neptune
normal
neptune
normal
neptune
neptune
normal
portsweep
normal
neptune
neptune
portsweep
normal
normal
neptune
neptune
normal
neptune
ipsweep
neptune
normal
teardrop
normal
normal
normal
neptune
neptune
neptune
normal
normal
neptune
neptune
neptune
neptune
normal
neptune
normal
normal
normal
neptune
nmap
neptune
smurf
neptune
normal
neptune
normal
normal
neptune
neptune
normal
satan
neptune
neptune
neptune
normal
normal
normal
neptune
normal
normal
normal
neptune
smurf
nmap
normal
neptune
normal
normal
normal
normal
satan
normal
normal
neptune
normal
neptune
normal
neptune
smurf
normal
normal
normal
normal
neptune
neptune
normal
neptune
normal
neptune
smurf
normal
normal
neptune
normal
normal
normal
normal
neptune
neptune
neptune
normal
normal
neptune
neptune
normal
neptune
normal
normal
normal
normal
teardrop
normal
normal
normal
normal
neptune
normal
normal
normal
normal
normal
neptune
normal
normal
normal
normal
neptune
normal
normal
neptune
normal
normal
neptune
normal
normal
portsweep
nmap
ipsweep
normal
normal
neptune
normal
normal
normal
ipsweep
normal
portsweep
neptune
neptune
neptune
neptune
normal
normal
normal
normal
neptune
normal
satan
normal
portsweep
neptune
back
normal
neptune
normal
neptune
neptune
neptune
normal
normal
satan
normal
portsweep
normal
normal
normal
normal
normal
normal
neptune
portsweep
ipsweep
normal
neptune
normal
neptune
normal
teardrop
normal
neptune
normal
neptune
ipsweep
normal
neptune
normal
normal
normal
portsweep
normal
neptune
normal
ipsweep
normal
normal
satan
normal
neptune
neptune
normal
normal
normal
normal
normal
normal
normal
normal
neptune
neptune
neptune
normal
neptune
normal
neptune
normal
normal
neptune
ipsweep
normal
neptune
neptune
neptune
neptune
normal
neptune
ipsweep
normal
smurf
ipsweep
portsweep
normal
normal
neptune
neptune
satan
normal
neptune
normal
normal
normal
neptune
neptune
neptune
normal
neptune
neptune
smurf
normal
normal
normal
neptune
nmap
neptune
satan
normal
satan
neptune
smurf
normal
normal
normal
normal
neptune
normal
normal
neptune
normal
neptune
normal
smurf
neptune
neptune
neptune
normal
neptune
neptune
normal
normal
normal
normal
neptune
neptune
normal
neptune
normal
ipsweep
normal
neptune
neptune
normal
normal
normal
normal
neptune
normal
neptune
normal
neptune
neptune
normal
normal
normal
neptune
normal
normal
neptune
normal
normal
normal
normal
neptune
normal
normal
neptune
normal
neptune
normal
portsweep
normal
normal
normal
normal
normal
normal
normal
neptune
smurf
normal
neptune
neptune
normal
neptune
neptune
neptune
neptune
satan
normal
normal
neptune
neptune
neptune
normal
normal
normal
normal
ipsweep
smurf
neptune
neptune
normal
ipsweep
normal
portsweep
normal
neptune
normal
normal
ipsweep
satan
normal
portsweep
neptune
neptune
normal
normal
neptune
ipsweep
neptune
normal
normal
normal
neptune
normal
normal
neptune
normal
normal
normal
normal
normal
teardrop
neptune
neptune
normal
neptune
perl
neptune
ipsweep
neptune
neptune
neptune
neptune
neptune
normal
neptune
neptune
neptune
normal
normal
satan
normal
normal
normal
normal
normal
neptune
normal
normal
neptune
normal
neptune
normal
normal
normal
neptune
smurf
normal
normal
neptune
normal
normal
teardrop
neptune
ipsweep
neptune
normal
normal
normal
normal
normal
neptune
normal
normal
normal
normal
neptune
normal
normal
normal
neptune
neptune
neptune
neptune
normal
neptune
warezclient
smurf
neptune
normal
neptune
normal
satan
neptune
normal
normal
nmap
neptune
neptune
neptune
normal
neptune
neptune
normal
neptune
back
normal
neptune
normal
nmap
normal
normal
normal
normal
normal
normal
neptune
ipsweep
normal
normal
neptune
normal
neptune
neptune
normal
normal
normal
neptune
neptune
normal
neptune
neptune
neptune
normal
satan
neptune
normal
normal
normal
normal
satan
neptune
normal
normal
normal
normal
normal
neptune
normal
neptune
normal
normal
normal
normal
neptune
ipsweep
normal
normal
normal
nmap
neptune
neptune
normal
normal
teardrop
normal
neptune
portsweep
normal
normal
normal
neptune
normal
neptune
neptune
normal
normal
normal
neptune
normal
normal
satan
normal
portsweep
normal
normal
normal
neptune
normal
normal
normal
neptune
normal
normal
neptune
neptune
normal
normal
normal
normal
normal
neptune
normal
normal
neptune
normal
normal
normal
neptune
normal
ipsweep
teardrop
normal
neptune
neptune
satan
neptune
normal
neptune
ipsweep
normal
nmap
normal
neptune
normal
back
neptune
normal
normal
normal
neptune
neptune
normal
neptune
neptune
normal
normal
neptune
pod
normal
neptune
normal
neptune
normal
nmap
normal
normal
neptune
normal
normal
neptune
neptune
normal
neptune
neptune
normal
neptune
normal
normal
neptune
normal
normal
neptune
normal
neptune
normal
normal
normal
normal
neptune
neptune
neptune
neptune
ipsweep
normal
normal
normal
neptune
normal
normal
neptune
pod
teardrop
teardrop
neptune
normal
smurf
normal
neptune
normal
neptune
normal
normal
normal
neptune
normal
neptune
neptune
normal
neptune
normal
satan
normal
normal
neptune
normal
normal
nmap
neptune
neptune
neptune
neptune
neptune
normal
normal
normal
normal
neptune
normal
normal
neptune
neptune
neptune
neptune
satan
neptune
neptune
neptune
normal
normal
normal
normal
normal
normal
normal
normal
neptune
normal
normal
neptune
neptune
portsweep
normal
normal
neptune
normal
normal
nmap
normal
normal
normal
back
neptune
normal
normal
buffer_overflow
neptune
normal
normal
normal
normal
neptune
neptune
neptune
normal
neptune
normal
normal
neptune
loadmodule
ipsweep
neptune
normal
smurf
normal
neptune
satan
neptune
neptune
normal
neptune
normal
normal
normal
normal
smurf
satan
neptune
normal
normal
normal
normal
neptune
nmap
normal
normal
neptune
neptune
smurf
nmap
normal
normal
neptune
normal
normal
normal
normal
neptune
normal
normal
neptune
neptune
neptune
neptune
normal
normal
neptune
neptune
normal
normal
normal
normal
teardrop
portsweep
neptune
neptune
neptune
neptune
neptune
satan
normal
portsweep
normal
normal
normal
neptune
normal
neptune
neptune
normal
warezclient
neptune
neptune
normal
normal
back
neptune
normal
ipsweep
normal
normal
normal
normal
portsweep
normal
normal
smurf
neptune
smurf
normal
neptune
normal
normal
normal
normal
neptune
normal
normal
normal
normal
normal
portsweep
neptune
normal
normal
neptune
satan
normal
normal
portsweep
warezclient
neptune
normal
ipsweep
normal
normal
neptune
neptune
normal
ipsweep
neptune
normal
normal
warezclient
normal
satan
normal
normal
normal
back
neptune
normal
neptune
normal
normal
normal
neptune
normal
normal
neptune
portsweep
normal
neptune
normal
satan
neptune
normal
normal
satan
normal
normal
smurf
neptune
neptune
normal
normal
portsweep
smurf
normal
neptune
normal
back
normal
normal
normal
normal
normal
neptune
normal
neptune
normal
normal
neptune
normal
normal
ipsweep
neptune
normal
neptune
normal
neptune
ipsweep
normal
normal
normal
normal
neptune
normal
smurf
normal
satan
normal
neptune
normal
normal
neptune
neptune
smurf
normal
normal
normal
normal
ipsweep
portsweep
neptune
neptune
smurf
neptune
normal
normal
normal
normal
normal
normal
normal
normal
nmap
neptune
normal
neptune
neptune
normal
normal
neptune
neptune
neptune
normal
normal
normal
normal
neptune
normal
neptune
normal
normal
neptune
normal
normal
normal
neptune
normal
neptune
neptune
normal
neptune
normal
neptune
portsweep
normal
neptune
normal
normal
normal
normal
normal
portsweep
neptune
normal
normal
normal
neptune
normal
normal
portsweep
normal
smurf
normal
normal
normal
satan
neptune
ipsweep
neptune
nmap
neptune
nmap
normal
neptune
neptune
normal
normal
normal
normal
normal
neptune
normal
neptune
neptune
neptune
normal
normal
normal
neptune
normal
normal
normal
neptune
normal
normal
ipsweep
normal
normal
normal
normal
neptune
normal
neptune
normal
normal
ipsweep
neptune
normal
neptune
normal
portsweep
ipsweep
normal
normal
normal
neptune
normal
normal
normal
normal
normal
normal
normal
normal
ipsweep
neptune
normal
normal
normal
neptune
normal
normal
neptune
neptune
portsweep
teardrop
normal
normal
normal
normal
neptune
normal
normal
neptune
normal
satan
normal
normal
normal
normal
normal
warezclient
normal
neptune
neptune
neptune
ipsweep
normal
neptune
normal
nmap
normal
neptune
normal
normal
neptune
satan
satan
normal
normal
normal
satan
neptune
normal
normal
ipsweep
neptune
normal
normal
neptune
normal
normal
neptune
neptune
normal
neptune
normal
ipsweep
normal
normal
normal
neptune
normal
neptune
normal
ipsweep
normal
neptune
neptune
neptune
neptune
smurf
teardrop
neptune
normal
portsweep
normal
normal
normal
portsweep
ipsweep
neptune
ipsweep
normal
neptune
neptune
neptune
ipsweep
normal
neptune
portsweep
neptune
neptune
normal
neptune
nmap
neptune
neptune
normal
normal
normal
neptune
neptune
neptune
ipsweep
neptune
normal
neptune
normal
normal
normal
normal
neptune
normal
normal
normal
neptune
rootkit
normal
normal
neptune
normal
normal
normal
normal
normal
normal
normal
neptune
normal
neptune
neptune
neptune
normal
neptune
neptune
neptune
normal
neptune
normal
neptune
normal
neptune
normal
normal
ipsweep
normal
normal
smurf
normal
normal
neptune
normal
neptune
neptune
normal
satan
neptune
neptune
satan
normal
teardrop
normal
normal
smurf
normal
normal
normal
neptune
nmap
smurf
neptune
smurf
normal
neptune
smurf
normal
warezclient
normal
normal
normal
normal
normal
neptune
neptune
normal
neptune
normal
normal
neptune
normal
normal
normal
normal
neptune
neptune
neptune
neptune
warezclient
neptune
normal
normal
normal
normal
normal
satan
satan
neptune
neptune
neptune
normal
neptune
normal
pod
normal
normal
normal
normal
normal
normal
neptune
neptune
smurf
ipsweep
normal
normal
normal
normal
neptune
normal
normal
neptune
normal
normal
nmap
normal
back
neptune
normal
neptune
neptune
ipsweep
normal
normal
normal
neptune
normal
normal
satan
neptune
neptune
normal
normal
normal
satan
normal
normal
normal
neptune
normal
normal
neptune
ipsweep
smurf
neptune
ipsweep
neptune
neptune
back
warezclient
normal
normal
neptune
neptune
neptune
smurf
normal
neptune
neptune
neptune
normal
normal
normal
normal
normal
normal
normal
normal
normal
neptune
neptune
normal
normal
neptune
normal
normal
normal
normal
normal
neptune
normal
back
ipsweep
normal
normal
normal
normal
neptune
neptune
back
normal
neptune
normal
normal
normal
normal
neptune
normal
neptune
neptune
neptune
neptune
neptune
neptune
neptune
neptune
normal
neptune
normal
neptune
normal
satan
neptune
neptune
neptune
neptune
neptune
normal
teardrop
neptune
neptune
portsweep
neptune
neptune
normal
normal
normal
normal
portsweep
normal
normal
neptune
neptune
normal
neptune
normal
normal
normal
normal
normal
neptune
neptune
normal
normal
neptune
normal
normal
neptune
neptune
normal
normal
normal
normal
normal
normal
neptune
normal
nmap
satan
pod
normal
neptune
ipsweep
neptune
teardrop
neptune
neptune
smurf
normal
neptune
teardrop
neptune
normal
normal
normal
neptune
normal
normal
neptune
neptune
ipsweep
normal
neptune
neptune
neptune
normal
neptune
normal
neptune
normal
neptune
normal
neptune
normal
normal
normal
neptune
normal
normal
neptune
nmap
normal
normal
neptune
normal
normal
ipsweep
normal
neptune
ipsweep
neptune
normal
normal
satan
satan
normal
neptune
normal
normal
neptune
teardrop
portsweep
normal
neptune
normal
normal
smurf
neptune
neptune
normal
portsweep
portsweep
normal
normal
normal
normal
normal
satan
normal
normal
normal
neptune
neptune
normal
normal
neptune
normal
neptune
normal
back
ipsweep
normal
neptune
neptune
neptune
portsweep
normal
normal
normal
smurf
neptune
neptune
normal
normal
normal
ipsweep
ipsweep
normal
neptune
neptune
normal
normal
portsweep
normal
normal
normal
normal
normal
normal
neptune
normal
normal
ipsweep
normal
neptune
neptune
normal
normal
normal
normal
ipsweep
neptune
normal
normal
neptune
normal
neptune
normal
nmap
normal
portsweep
normal
ipsweep
portsweep
normal
normal
portsweep
normal
normal
normal
normal
normal
normal
neptune
neptune
neptune
neptune
normal
normal
normal
portsweep
ipsweep
normal
normal
normal
normal
normal
smurf
satan
normal
normal
neptune
neptune
normal
normal
normal
back
back
normal
normal
normal
neptune
normal
normal
normal
neptune
portsweep
normal
normal
ipsweep
normal
ipsweep
normal
normal
normal
back
neptune
satan
neptune
neptune
normal
normal
neptune
neptune
normal
neptune
normal
normal
normal
normal
neptune
neptune
neptune
neptune
neptune
normal
normal
portsweep
normal
normal
neptune
normal
neptune
normal
neptune
normal
normal
back
normal
normal
neptune
neptune
normal
normal
warezclient
normal
satan
normal
normal
normal
neptune
neptune
normal
normal
normal
normal
normal
neptune
neptune
normal
neptune
normal
neptune
neptune
normal
back
neptune
neptune
normal
portsweep
neptune
normal
normal
neptune
normal
neptune
normal
normal
normal
normal
neptune
neptune
smurf
neptune
normal
normal
normal
neptune
neptune
normal
neptune
normal
normal
normal
normal
neptune
normal
neptune
neptune
normal
normal
normal
normal
normal
neptune
normal
normal
normal
neptune
normal
teardrop
neptune
normal
satan
neptune
normal
normal
smurf
portsweep
ipsweep
neptune
normal
portsweep
neptune
nmap
neptune
neptune
normal
smurf
satan
normal
satan
normal
neptune
normal
normal
neptune
neptune
normal
neptune
neptune
normal
normal
normal
neptune
normal
normal
normal
neptune
normal
neptune
normal
normal
ipsweep
normal
neptune
nmap
neptune
neptune
neptune
normal
normal
normal
normal
normal
normal
satan
back
normal
normal
neptune
neptune
normal
neptune
normal
normal
normal
neptune
satan
normal
normal
normal
normal
normal
normal
neptune
ipsweep
neptune
normal
normal
normal
normal
normal
normal
normal
normal
smurf
normal
teardrop
normal
satan
normal
normal
warezclient
normal
neptune
ipsweep
normal
neptune
normal
normal
neptune
neptune
nmap
normal
neptune
normal
nmap
neptune
normal
normal
normal
neptune
neptune
portsweep
normal
normal
normal
neptune
neptune
neptune
neptune
neptune
neptune
normal
neptune
neptune
normal
neptune
normal
normal
normal
neptune
neptune
neptune
normal
neptune
normal
neptune
neptune
neptune
neptune
neptune
normal
warezclient
normal
normal
normal
normal
neptune
neptune
normal
normal
normal
neptune
normal
smurf
normal
neptune
neptune
ipsweep
normal
neptune
normal
normal
normal
normal
satan
normal
normal
normal
normal
normal
neptune
neptune
normal
normal
satan
neptune
normal
normal
normal
normal
neptune
normal
normal
neptune
normal
neptune
normal
neptune
neptune
normal
normal
normal
normal
neptune
normal
normal
neptune
neptune
neptune
normal
normal
normal
satan
normal
portsweep
normal
neptune
normal
normal
smurf
normal
neptune
normal
normal
neptune
portsweep
normal
normal
normal
normal
ipsweep
neptune
neptune
neptune
smurf
neptune
normal
normal
normal
neptune
normal
normal
ipsweep
neptune
normal
neptune
neptune
normal
normal
neptune
normal
neptune
neptune
neptune
normal
neptune
normal
neptune
neptune
neptune
normal
normal
normal
neptune
normal
neptune
normal
normal
normal
normal
normal
normal
neptune
normal
normal
normal
neptune
normal
normal
ipsweep
satan
teardrop
normal
normal
normal
nmap
normal
neptune
normal
neptune
normal
normal
neptune
satan
normal
neptune
normal
neptune
normal
nmap
nmap
normal
normal
normal
normal
neptune
normal
neptune
normal
normal
normal
neptune
normal
smurf
neptune
normal
normal
normal
neptune
normal
normal
neptune
normal
normal
normal
normal
smurf
normal
normal
normal
neptune
neptune
normal
normal
neptune
ipsweep
neptune
normal
normal
normal
normal
normal
normal
normal
normal
neptune
ipsweep
normal
smurf
normal
normal
normal
normal
normal
normal
neptune
normal
ipsweep
neptune
neptune
normal
normal
normal
normal
ipsweep
warezclient
neptune
normal
normal
normal
pod
normal
satan
neptune
nmap
normal
neptune
normal
normal
neptune
nmap
normal
neptune
neptune
neptune
normal
normal
neptune
neptune
neptune
normal
normal
neptune
normal
neptune
ipsweep
normal
neptune
normal
normal
satan
normal
normal
ipsweep
neptune
normal
normal
neptune
normal
normal
normal
normal
normal
normal
normal
neptune
neptune
satan
neptune
neptune
normal
ipsweep
neptune
neptune
normal
normal
normal
neptune
normal
normal
neptune
neptune
normal
normal
ipsweep
normal
normal
satan
normal
neptune
normal
neptune
normal
normal
neptune
normal
normal
normal
normal
normal
neptune
normal
normal
normal
normal
smurf
normal
normal
normal
normal
normal
normal
normal
normal
normal
back
normal
neptune
normal
neptune
neptune
nmap
normal
normal
normal
neptune
neptune
normal
satan
normal
normal
normal
satan
normal
satan
neptune
satan
neptune
normal
neptune
normal
neptune
normal
neptune
normal
neptune
portsweep
neptune
normal
neptune
normal
normal
normal
normal
normal
normal
normal
satan
neptune
satan
normal
normal
neptune
normal
normal
normal
warezclient
normal
normal
nmap
normal
neptune
normal
normal
neptune
normal
normal
neptune
normal
neptune
normal
normal
neptune
smurf
neptune
satan
normal
normal
normal
normal
normal
normal
normal
teardrop
neptune
neptune
normal
normal
normal
neptune
normal
normal
normal
neptune
neptune
neptune
normal
normal
normal
normal
neptune
normal
normal
normal
normal
normal
portsweep
ipsweep
normal
normal
normal
neptune
portsweep
normal
normal
normal
smurf
normal
normal
neptune
normal
normal
normal
normal
normal
satan
normal
neptune
neptune
neptune
teardrop
neptune
normal
normal
neptune
normal
normal
ipsweep
normal
normal
neptune
warezclient
normal
satan
normal
satan
normal
back
neptune
normal
guess_passwd
neptune
normal
normal
normal
normal
normal
neptune
normal
normal
satan
normal
ipsweep
neptune
warezclient
neptune
neptune
neptune
neptune
normal
normal
normal
neptune
normal
normal
normal
normal
neptune
normal
normal
normal
neptune
normal
normal
normal
neptune
normal
neptune
normal
back
normal
satan
neptune
neptune
normal
neptune
satan
normal
neptune
neptune
neptune
normal
normal
neptune
normal
normal
normal
neptune
normal
normal
neptune
normal
neptune
normal
normal
normal
normal
neptune
normal
neptune
neptune
nmap
normal
satan
satan
neptune
normal
normal
normal
neptune
normal
normal
satan
normal
normal
normal
normal
normal
neptune
normal
normal
normal
normal
neptune
neptune
warezclient
normal
normal
normal
neptune
smurf
neptune
normal
neptune
neptune
neptune
normal
normal
neptune
normal
normal
neptune
normal
normal
neptune
ipsweep
normal
smurf
neptune
neptune
neptune
portsweep
normal
normal
normal
neptune
neptune
neptune
normal
normal
normal
neptune
normal
portsweep
normal
neptune
neptune
normal
neptune
normal
normal
normal
normal
neptune
normal
normal
neptune
neptune
neptune
satan
portsweep
normal
neptune
ipsweep
normal
neptune
neptune
normal
neptune
normal
neptune
neptune
normal
normal
neptune
normal
neptune
normal
normal
normal
normal
normal
back
normal
normal
normal
neptune
normal
neptune
back
normal
normal
neptune
normal
normal
normal
normal
smurf
neptune
normal
satan
normal
portsweep
normal
normal
neptune
normal
normal
normal
normal
normal
normal
neptune
normal
normal
normal
neptune
normal
normal
neptune
normal
normal
normal
normal
satan
neptune
neptune
normal
satan
neptune
normal
neptune
normal
smurf
normal
normal
neptune
normal
ipsweep
normal
neptune
normal
satan
neptune
normal
neptune
normal
nmap
normal
neptune
neptune
normal
neptune
neptune
normal
normal
neptune
normal
neptune
neptune
neptune
satan
ipsweep
normal
normal
normal
neptune
neptune
normal
neptune
normal
neptune
normal
ipsweep
neptune
neptune
neptune
normal
smurf
normal
normal
neptune
neptune
warezclient
neptune
normal
normal
normal
neptune
neptune
normal
neptune
neptune
normal
normal
normal
normal
neptune
normal
neptune
normal
neptune
neptune
nmap
neptune
portsweep
neptune
normal
neptune
neptune
neptune
neptune
neptune
neptune
normal
neptune
neptune
neptune
normal
warezclient
neptune
neptune
normal
normal
normal
normal
normal
pod
normal
neptune
normal
ipsweep
neptune
neptune
normal
normal
normal
neptune
normal
normal
neptune
normal
neptune
normal
neptune
normal
neptune
normal
normal
neptune
normal
neptune
normal
neptune
normal
normal
normal
normal
nmap
normal
normal
normal
normal
normal
neptune
normal
neptune
normal
ipsweep
normal
normal
neptune
neptune
neptune
neptune
normal
satan
normal
normal
normal
normal
normal
normal
normal
neptune
normal
normal
normal
neptune
normal
neptune
neptune
neptune
normal
neptune
normal
normal
ipsweep
normal
neptune
normal
normal
ipsweep
neptune
normal
normal
normal
normal
normal
normal
normal
normal
neptune
normal
normal
neptune
neptune
neptune
neptune
normal
normal
smurf
normal
neptune
neptune
normal
normal
normal
normal
neptune
normal
normal
neptune
portsweep
ipsweep
normal
normal
satan
normal
normal
normal
normal
neptune
normal
normal
normal
normal
normal
normal
normal
normal
portsweep
normal
normal
normal
warezclient
normal
neptune
normal
normal
neptune
neptune
neptune
neptune
normal
neptune
neptune
normal
neptune
normal
normal
normal
neptune
neptune
normal
ipsweep
normal
neptune
portsweep
neptune
neptune
normal
neptune
portsweep
normal
normal
neptune
normal
normal
warezclient
normal
normal
normal
neptune
normal
neptune
smurf
normal
neptune
normal
normal
normal
normal
normal
normal
normal
normal
neptune
neptune
normal
neptune
normal
neptune
neptune
neptune
normal
normal
neptune
normal
normal
neptune
normal
neptune
neptune
normal
neptune
normal
normal
neptune
normal
neptune
portsweep
normal
normal
neptune
normal
normal
normal
neptune
neptune
normal
neptune
neptune
normal
normal
neptune
normal
normal
ipsweep
neptune
ipsweep
normal
neptune
normal
warezclient
neptune
normal
satan
normal
normal
portsweep
satan
normal
normal
neptune
normal
normal
normal
normal
normal
normal
normal
neptune
neptune
normal
neptune
normal
normal
back
neptune
neptune
normal
normal
neptune
neptune
normal
normal
neptune
normal
neptune
normal
normal
neptune
satan
normal
satan
normal
normal
neptune
normal
normal
normal
portsweep
satan
neptune
neptune
teardrop
normal
normal
normal
neptune
normal
normal
neptune
normal
neptune
normal
normal
neptune
normal
neptune
portsweep
neptune
neptune
normal
neptune
normal
normal
neptune
normal
neptune
normal
normal
normal
neptune
neptune
normal
normal
smurf
neptune
neptune
neptune
normal
normal
normal
satan
normal
normal
normal
normal
normal
neptune
portsweep
normal
normal
normal
normal
ipsweep
normal
normal
normal
normal
normal
normal
normal
neptune
normal
normal
normal
neptune
normal
normal
neptune
normal
normal
normal
normal
neptune
teardrop
neptune
normal
nmap
normal
normal
normal
normal
normal
normal
normal
normal
normal
neptune
neptune
normal
normal
normal
ipsweep
neptune
neptune
neptune
normal
normal
normal
normal
normal
ipsweep
normal
neptune
neptune
normal
neptune
normal
normal
normal
neptune
normal
normal
normal
normal
normal
normal
normal
neptune
normal
normal
normal
normal
portsweep
neptune
neptune
neptune
neptune
neptune
neptune
normal
neptune
normal
neptune
neptune
neptune
nmap
neptune
normal
portsweep
normal
normal
neptune
neptune
normal
normal
normal
portsweep
pod
normal
normal
neptune
neptune
normal
neptune
neptune
portsweep
ipsweep
normal
neptune
normal
normal
normal
neptune
neptune
ipsweep
neptune
normal
neptune
back
normal
normal
normal
normal
normal
normal
normal
neptune
neptune
satan
neptune
normal
normal
normal
normal
normal
satan
normal
neptune
normal
smurf
neptune
normal
normal
ipsweep
warezclient
neptune
normal
normal
neptune
neptune
normal
normal
normal
normal
neptune
normal
neptune
ipsweep
ipsweep
neptune
neptune
normal
normal
neptune
normal
normal
normal
satan
smurf
smurf
ipsweep
neptune
normal
normal
neptune
normal
normal
neptune
neptune
normal
neptune
normal
neptune
normal
neptune
normal
normal
teardrop
neptune
normal
normal
satan
normal
neptune
normal
normal
neptune
neptune
satan
normal
normal
normal
neptune
normal
teardrop
teardrop
normal
normal
neptune
neptune
normal
normal
normal
normal
portsweep
ipsweep
satan
neptune
normal
portsweep
neptune
normal
normal
normal
normal
normal
neptune
ipsweep
smurf
neptune
neptune
neptune
neptune
warezclient
normal
neptune
normal
neptune
normal
normal
neptune
neptune
satan
normal
normal
smurf
normal
normal
neptune
normal
neptune
normal
satan
normal
normal
normal
back
neptune
normal
normal
neptune
normal
normal
buffer_overflow
normal
normal
teardrop
normal
normal
smurf
normal
neptune
normal
normal
normal
smurf
satan
normal
portsweep
nmap
neptune
neptune
neptune
neptune
normal
satan
normal
neptune
normal
normal
normal
neptune
normal
normal
neptune
normal
normal
normal
normal
neptune
normal
normal
normal
normal
normal
normal
satan
normal
neptune
neptune
smurf
neptune
satan
normal
normal
normal
neptune
neptune
normal
normal
neptune
normal
normal
ipsweep
normal
neptune
normal
normal
normal
normal
neptune
neptune
neptune
normal
neptune
normal
normal
neptune
neptune
nmap
normal
normal
neptune
normal
neptune
normal
neptune
normal
ipsweep
normal
smurf
normal
neptune
satan
portsweep
neptune
normal
neptune
neptune
normal
neptune
normal
normal
normal
normal
neptune
normal
portsweep
normal
neptune
neptune
neptune
normal
neptune
satan
normal
neptune
normal
neptune
neptune
nmap
neptune
normal
normal
normal
normal
smurf
neptune
normal
normal
normal
neptune
nmap
normal
normal
neptune
normal
neptune
normal
neptune
normal
neptune
neptune
neptune
normal
normal
normal
neptune
normal
normal
normal
neptune
neptune
normal
neptune
normal
satan
neptune
normal
normal
neptune
neptune
normal
neptune
neptune
normal
normal
neptune
neptune
neptune
normal
neptune
neptune
normal
normal
normal
normal
satan
normal
normal
normal
normal
neptune
normal
normal
normal
satan
normal
neptune
neptune
normal
smurf
ipsweep
normal
normal
neptune
ipsweep
normal
neptune
normal
normal
neptune
ipsweep
ipsweep
normal
neptune
neptune
neptune
normal
neptune
normal
neptune
neptune
normal
neptune
normal
neptune
normal
neptune
normal
smurf
neptune
normal
normal
normal
portsweep
normal
neptune
normal
normal
normal
neptune
normal
normal
normal
normal
normal
normal
normal
normal
neptune
normal
normal
satan
neptune
neptune
neptune
normal
portsweep
normal
normal
neptune
normal
normal
neptune
normal
smurf
satan
normal
neptune
portsweep
portsweep
normal
normal
normal
normal
normal
neptune
normal
normal
normal
normal
normal
neptune
normal
satan
normal
normal
normal
normal
neptune
neptune
neptune
normal
normal
normal
normal
normal
normal
normal
normal
ipsweep
normal
back
normal
normal
neptune
satan
neptune
normal
normal
neptune
normal
normal
neptune
normal
neptune
normal
neptune
neptune
nmap
normal
normal
normal
normal
normal
normal
neptune
normal
ipsweep
neptune
neptune
normal
neptune
normal
neptune
neptune
normal
neptune
normal
neptune
portsweep
normal
neptune
satan
neptune
normal
back
satan
neptune
normal
neptune
normal
normal
neptune
normal
normal
satan
normal
neptune
normal
normal
neptune
satan
normal
normal
normal
satan
portsweep
normal
normal
normal
neptune
normal
nmap
normal
normal
neptune
normal
normal
nmap
neptune
normal
neptune
normal
satan
normal
neptune
normal
normal
normal
normal
neptune
normal
neptune
normal
normal
neptune
neptune
normal
normal
neptune
warezclient
neptune
warezclient
satan
neptune
neptune
neptune
smurf
neptune
normal
normal
neptune
neptune
neptune
portsweep
neptune
normal
normal
neptune
normal
normal
warezclient
normal
normal
neptune
normal
neptune
satan
neptune
neptune
satan
normal
normal
normal
normal
warezclient
neptune
satan
neptune
satan
portsweep
neptune
normal
satan
neptune
normal
nmap
neptune
neptune
satan
normal
neptune
ipsweep
normal
satan
neptune
normal
satan
normal
neptune
normal
normal
neptune
normal
neptune
normal
back
normal
normal
normal
normal
normal
normal
normal
normal
normal
normal
normal
portsweep
normal
normal
teardrop
neptune
neptune
normal
normal
normal
neptune
neptune
neptune
neptune
back
normal
neptune
normal
normal
neptune
normal
normal
normal
neptune
normal
neptune
normal
normal
normal
neptune
normal
neptune
neptune
neptune
normal
neptune
neptune
normal
normal
back
normal
normal
normal
normal
normal
normal
normal
neptune
neptune
neptune
normal
normal
normal
satan
normal
normal
satan
normal
neptune
ipsweep
normal
neptune
normal
normal
neptune
portsweep
normal
neptune
normal
nmap
normal
normal
smurf
ipsweep
normal
neptune
normal
neptune
neptune
normal
neptune
neptune
neptune
normal
neptune
neptune
normal
normal
normal
normal
normal
neptune
normal
normal
neptune
normal
neptune
neptune
neptune
normal
normal
neptune
normal
normal
normal
normal
normal
normal
normal
normal
neptune
neptune
neptune
normal
portsweep
neptune
neptune
normal
neptune
normal
normal
normal
normal
neptune
portsweep
normal
neptune
normal
normal
neptune
normal
normal
normal
neptune
back
normal
neptune
neptune
neptune
normal
neptune
neptune
normal
normal
normal
normal
normal
neptune
normal
normal
neptune
neptune
normal
normal
normal
neptune
neptune
normal
normal
normal
portsweep
normal
normal
normal
nmap
normal
normal
normal
normal
normal
normal
normal
normal
normal
neptune
warezclient
normal
neptune
portsweep
normal
normal
normal
normal
normal
normal
neptune
neptune
smurf
neptune
nmap
normal
normal
neptune
normal
normal
normal
neptune
neptune
normal
neptune
satan
normal
ipsweep
neptune
ipsweep
neptune
neptune
portsweep
normal
normal
normal
normal
normal
normal
normal
normal
normal
neptune
neptune
neptune
normal
normal
neptune
neptune
neptune
normal
neptune
normal
normal
neptune
normal
normal
neptune
normal
neptune
normal
ipsweep
normal
normal
neptune
normal
satan
normal
normal
neptune
normal
nmap
neptune
nmap
normal
normal
neptune
neptune
neptune
normal
neptune
neptune
normal
neptune
normal
portsweep
neptune
normal
neptune
satan
normal
normal
neptune
normal
normal
neptune
neptune
neptune
normal
normal
normal
normal
normal
normal
neptune
neptune
normal
normal
normal
normal
neptune
neptune
normal
normal
neptune
neptune
normal
normal
normal
neptune
normal
normal
normal
neptune
normal
normal
normal
normal
normal
neptune
normal
normal
normal
neptune
normal
normal
back
neptune
neptune
normal
normal
normal
normal
teardrop
nmap
ipsweep
portsweep
normal
normal
normal
neptune
neptune
ipsweep
neptune
normal
neptune
normal
neptune
satan
normal
neptune
neptune
normal
neptune
normal
smurf
neptune
neptune
normal
normal
neptune
neptune
normal
neptune
normal
neptune
neptune
normal
satan
neptune
neptune
normal
ipsweep
normal
neptune
normal
neptune
normal
pod
normal
normal
nmap
neptune
ipsweep
normal
normal
portsweep
normal
normal
neptune
normal
neptune
normal
portsweep
neptune
neptune
normal
normal
neptune
normal
normal
satan
neptune
normal
normal
normal
normal
portsweep
normal
normal
neptune
normal
normal
normal
normal
normal
normal
normal
normal
neptune
normal
neptune
normal
normal
normal
normal
normal
neptune
normal
normal
normal
smurf
normal
neptune
normal
normal
neptune
normal
neptune
normal
neptune
satan
neptune
normal
ipsweep
normal
normal
normal
normal
normal
normal
neptune
normal
normal
neptune
normal
normal
smurf
normal
neptune
smurf
neptune
normal
portsweep
nmap
neptune
normal
normal
neptune
normal
normal
normal
neptune
normal
neptune
neptune
neptune
normal
normal
normal
neptune
neptune
normal
neptune
neptune
satan
neptune
neptune
portsweep
normal
normal
normal
neptune
normal
normal
neptune
normal
neptune
normal
ipsweep
normal
normal
normal
neptune
normal
normal
normal
normal
neptune
smurf
normal
smurf
normal
normal
neptune
normal
neptune
normal
neptune
normal
normal
normal
neptune
normal
normal
normal
neptune
neptune
normal
normal
normal
normal
neptune
normal
normal
neptune
normal
neptune
neptune
normal
portsweep
portsweep
normal
portsweep
neptune
normal
ipsweep
normal
normal
normal
normal
neptune
normal
satan
ipsweep
normal
normal
normal
normal
neptune
normal
normal
neptune
normal
neptune
neptune
normal
nmap
teardrop
back
portsweep
warezclient
normal
neptune
warezclient
neptune
neptune
normal
normal
neptune
normal
neptune
normal
normal
normal
normal
portsweep
normal
normal
normal
normal
normal
normal
normal
normal
normal
normal
portsweep
nmap
normal
back
normal
normal
normal
satan
normal
neptune
neptune
ipsweep
neptune
normal
normal
satan
neptune
neptune
normal
neptune
normal
neptune
neptune
normal
normal
normal
normal
normal
satan
satan
neptune
neptune
normal
normal
neptune
neptune
normal
satan
ipsweep
normal
portsweep
normal
normal
normal
normal
neptune
normal
normal
neptune
nmap
normal
normal
neptune
normal
normal
normal
normal
normal
normal
normal
neptune
neptune
normal
normal
normal
normal
normal
neptune
neptune
neptune
normal
neptune
neptune
nmap
neptune
normal
neptune
neptune
neptune
neptune
teardrop
neptune
normal
normal
normal
normal
normal
neptune
normal
normal
normal
normal
neptune
normal
neptune
neptune
normal
neptune
normal
neptune
normal
neptune
normal
normal
portsweep
neptune
normal
neptune
normal
normal
normal
nmap
neptune
normal
normal
satan
neptune
neptune
neptune
normal
normal
neptune
ipsweep
nmap
normal
smurf
neptune
normal
normal
normal
normal
smurf
normal
neptune
neptune
normal
normal
normal
neptune
neptune
normal
smurf
normal
normal
neptune
normal
neptune
normal
normal
neptune
normal
neptune
neptune
smurf
neptune
normal
normal
normal
normal
normal
normal
teardrop
neptune
neptune
normal
neptune
neptune
normal
neptune
normal
normal
neptune
neptune
neptune
neptune
normal
neptune
neptune
normal
normal
normal
normal
normal
normal
nmap
normal
normal
normal
neptune
neptune
normal
normal
normal
ipsweep
normal
normal
ipsweep
neptune
neptune
neptune
normal
neptune
neptune
neptune
normal
neptune
normal
neptune
neptune
satan
normal
normal
neptune
normal
normal
neptune
normal
normal
neptune
neptune
normal
normal
normal
normal
normal
normal
normal
neptune
normal
normal
neptune
portsweep
normal
normal
normal
normal
neptune
satan
neptune
satan
neptune
normal
normal
normal
satan
ipsweep
normal
normal
neptune
neptune
normal
neptune
neptune
neptune
neptune
neptune
neptune
normal
normal
normal
normal
normal
normal
normal
neptune
neptune
normal
nmap
neptune
neptune
neptune
neptune
normal
normal
normal
normal
normal
normal
satan
normal
normal
neptune
normal
normal
normal
normal
normal
portsweep
neptune
neptune
satan
neptune
normal
normal
normal
ipsweep
normal
normal
normal
normal
normal
portsweep
ipsweep
normal
normal
neptune
neptune
normal
normal
normal
neptune
neptune
neptune
normal
normal
normal
normal
neptune
back
smurf
normal
neptune
neptune
normal
normal
smurf
normal
normal
normal
normal
normal
normal
neptune
neptune
neptune
normal
normal
normal
normal
neptune
neptune
neptune
ipsweep
neptune
normal
normal
normal
satan
neptune
normal
neptune
normal
normal
neptune
normal
ipsweep
neptune
neptune
normal
normal
neptune
normal
normal
neptune
neptune
ipsweep
normal
neptune
ipsweep
normal
smurf
normal
normal
neptune
neptune
normal
neptune
normal
neptune
normal
neptune
neptune
normal
normal
neptune
normal
neptune
normal
land
neptune
normal
normal
neptune
neptune
normal
normal
normal
normal
normal
normal
normal
normal
neptune
normal
normal
portsweep
normal
normal
neptune
normal
normal
neptune
normal
neptune
normal
normal
ipsweep
neptune
neptune
normal
satan
normal
neptune
neptune
normal
normal
neptune
normal
normal
normal
normal
normal
neptune
neptune
neptune
warezclient
neptune
normal
normal
neptune
teardrop
neptune
neptune
neptune
normal
portsweep
normal
satan
normal
warezclient
neptune
normal
normal
normal
normal
normal
normal
normal
neptune
normal
neptune
neptune
neptune
normal
neptune
neptune
normal
neptune
normal
neptune
normal
normal
neptune
normal
normal
normal
satan
normal
normal
neptune
normal
neptune
normal
neptune
normal
normal
neptune
neptune
normal
neptune
neptune
neptune
normal
normal
neptune
neptune
neptune
normal
neptune
neptune
neptune
normal
normal
normal
neptune
normal
neptune
normal
neptune
portsweep
normal
normal
normal
neptune
neptune
neptune
normal
normal
neptune
normal
neptune
neptune
normal
neptune
normal
normal
normal
normal
normal
normal
neptune
normal
neptune
neptune
normal
normal
normal
normal
satan
neptune
neptune
normal
neptune
normal
neptune
normal
normal
neptune
normal
normal
neptune
teardrop
normal
normal
neptune
neptune
normal
normal
normal
normal
neptune
normal
neptune
normal
normal
normal
ipsweep
normal
warezclient
normal
normal
normal
normal
normal
neptune
ipsweep
neptune
normal
back
normal
normal
normal
normal
normal
normal
neptune
neptune
neptune
satan
normal
normal
normal
neptune
normal
normal
normal
neptune
teardrop
normal
neptune
normal
neptune
normal
normal
normal
neptune
normal
ipsweep
normal
neptune
normal
normal
neptune
normal
teardrop
normal
neptune
normal
normal
normal
normal
normal
neptune
neptune
normal
normal
neptune
neptune
normal
normal
normal
normal
normal
neptune
normal
normal
neptune
normal
normal
normal
neptune
portsweep
neptune
normal
neptune
normal
normal
portsweep
normal
normal
normal
neptune
neptune
neptune
neptune
satan
normal
neptune
neptune
normal
neptune
normal
ipsweep
normal
smurf
normal
ipsweep
neptune
normal
normal
normal
ipsweep
neptune
neptune
normal
neptune
portsweep
normal
normal
normal
neptune
normal
neptune
normal
normal
neptune
normal
normal
neptune
normal
ipsweep
portsweep
portsweep
normal
normal
normal
normal
neptune
normal
normal
normal
neptune
normal
ipsweep
neptune
normal
portsweep
normal
neptune
normal
normal
neptune
normal
normal
normal
normal
normal
normal
normal
normal
neptune
neptune
normal
normal
warezclient
normal
normal
neptune
neptune
normal
ipsweep
normal
normal
neptune
normal
satan
neptune
normal
normal
normal
normal
neptune
normal
normal
normal
normal
normal
normal
normal
neptune
satan
neptune
ipsweep
normal
normal
normal
normal
normal
neptune
normal
normal
normal
normal
normal
neptune
neptune
portsweep
normal
neptune
portsweep
neptune
normal
normal
normal
normal
normal
normal
neptune
neptune
normal
normal
normal
normal
nmap
normal
normal
normal
neptune
normal
neptune
neptune
neptune
neptune
normal
ipsweep
normal
normal
back
normal
normal
normal
normal
normal
normal
normal
normal
normal
normal
back
smurf
ipsweep
normal
normal
portsweep
neptune
satan
normal
normal
neptune
neptune
normal
neptune
normal
satan
neptune
neptune
neptune
normal
normal
normal
normal
neptune
neptune
normal
satan
warezclient
satan
ipsweep
smurf
normal
normal
normal
rootkit
nmap
ipsweep
normal
neptune
normal
normal
normal
normal
neptune
normal
neptune
neptune
normal
normal
normal
normal
satan
normal
normal
normal
neptune
normal
normal
satan
neptune
neptune
neptune
normal
teardrop
neptune
normal
neptune
normal
normal
satan
smurf
normal
neptune
neptune
neptune
neptune
normal
normal
normal
neptune
teardrop
back
normal
ipsweep
normal
neptune
normal
neptune
neptune
neptune
normal
normal
neptune
ipsweep
neptune
normal
portsweep
neptune
teardrop
normal
pod
normal
neptune
normal
normal
normal
ipsweep
neptune
neptune
neptune
neptune
neptune
ipsweep
normal
normal
satan
neptune
neptune
neptune
normal
normal
portsweep
normal
neptune
normal
neptune
normal
normal
normal
neptune
normal
neptune
ipsweep
normal
neptune
normal
normal
normal
portsweep
portsweep
normal
neptune
neptune
neptune
normal
normal
normal
neptune
normal
normal
normal
ipsweep
neptune
neptune
normal
normal
normal
portsweep
normal
neptune
neptune
neptune
normal
normal
normal
satan
normal
normal
normal
normal
normal
neptune
neptune
normal
normal
normal
neptune
neptune
normal
neptune
normal
normal
portsweep
neptune
normal
normal
neptune
neptune
normal
neptune
neptune
back
neptune
neptune
neptune
normal
neptune
neptune
normal
neptune
normal
portsweep
normal
normal
normal
normal
neptune
neptune
satan
normal
normal
normal
normal
satan
normal
neptune
normal
neptune
neptune
normal
neptune
neptune
normal
normal
normal
normal
normal
normal
normal
normal
satan
neptune
neptune
normal
normal
neptune
neptune
normal
normal
neptune
satan
neptune
normal
normal
neptune
neptune
normal
satan
neptune
neptune
normal
normal
neptune
neptune
normal
neptune
neptune
neptune
normal
normal
nmap
normal
normal
smurf
normal
back
normal
normal
neptune
normal
neptune
normal
neptune
satan
neptune
normal
neptune
neptune
normal
neptune
neptune
normal
normal
normal
normal
normal
normal
normal
normal
normal
normal
normal
normal
neptune
neptune
normal
normal
normal
normal
neptune
normal
portsweep
normal
neptune
normal
smurf
neptune
normal
normal
normal
normal
normal
neptune
neptune
normal
normal
normal
normal
neptune
neptune
normal
nmap
smurf
normal
normal
normal
neptune
normal
normal
neptune
normal
smurf
neptune
normal
normal
neptune
neptune
neptune
neptune
normal
normal
neptune
normal
normal
normal
normal
normal
normal
neptune
normal
neptune
neptune
smurf
ipsweep
ipsweep
normal
normal
normal
neptune
neptune
neptune
neptune
normal
normal
normal
normal
normal
neptune
normal
neptune
normal
normal
normal
neptune
neptune
normal
neptune
neptune
normal
neptune
normal
normal
normal
neptune
neptune
normal
normal
normal
neptune
neptune
neptune
ipsweep
neptune
neptune
neptune
neptune
ipsweep
normal
smurf
neptune
normal
normal
neptune
neptune
normal
normal
neptune
normal
neptune
normal
neptune
normal
neptune
normal
neptune
normal
neptune
normal
neptune
neptune
normal
normal
normal
satan
normal
neptune
normal
normal
nmap
normal
normal
neptune
normal
satan
normal
normal
neptune
normal
neptune
normal
normal
satan
normal
neptune
normal
neptune
normal
normal
neptune
normal
neptune
neptune
normal
normal
normal
neptune
ipsweep
neptune
normal
normal
normal
normal
normal
neptune
normal
normal
normal
normal
normal
normal
neptune
neptune
neptune
neptune
normal
normal
normal
normal
neptune
normal
back
normal
normal
normal
neptune
normal
normal
neptune
neptune
normal
neptune
normal
normal
neptune
normal
normal
normal
neptune
neptune
smurf
neptune
portsweep
normal
neptune
normal
neptune
neptune
normal
normal
pod
neptune
normal
neptune
normal
normal
neptune
normal
normal
neptune
neptune
neptune
normal
satan
neptune
neptune
normal
normal
neptune
normal
normal
normal
normal
normal
normal
neptune
neptune
nmap
normal
normal
back
neptune
normal
normal
normal
normal
normal
neptune
normal
normal
normal
normal
normal
normal
normal
neptune
neptune
neptune
normal
neptune
normal
normal
normal
neptune
neptune
normal
neptune
neptune
satan
neptune
normal
normal
normal
neptune
normal
portsweep
normal
neptune
normal
normal
neptune
normal
normal
normal
normal
normal
normal
normal
nmap
portsweep
neptune
neptune
normal
normal
portsweep
normal
normal
normal
normal
neptune
normal
nmap
normal
normal
neptune
normal
normal
normal
neptune
neptune
normal
neptune
normal
neptune
neptune
neptune
back
normal
normal
normal
neptune
neptune
normal
normal
normal
normal
normal
normal
normal
satan
neptune
normal
normal
normal
smurf
normal
normal
neptune
normal
normal
neptune
normal
normal
normal
neptune
neptune
neptune
smurf
normal
normal
normal
neptune
neptune
normal
normal
normal
normal
normal
neptune
normal
neptune
normal
neptune
normal
normal
normal
neptune
normal
normal
normal
normal
normal
smurf
neptune
normal
normal
neptune
normal
normal
normal
normal
neptune
neptune
normal
normal
normal
satan
normal
neptune
neptune
normal
normal
normal
satan
neptune
normal
back
neptune
neptune
normal
neptune
normal
neptune
neptune
normal
normal
normal
normal
normal
neptune
neptune
neptune
neptune
neptune
smurf
neptune
neptune
neptune
normal
teardrop
neptune
normal
neptune
normal
normal
neptune
neptune
neptune
normal
normal
normal
neptune
neptune
smurf
normal
neptune
normal
normal
normal
normal
normal
neptune
normal
normal
neptune
normal
neptune
portsweep
neptune
nmap
normal
normal
neptune
normal
normal
neptune
satan
normal
normal
neptune
normal
normal
smurf
normal
neptune
normal
neptune
normal
normal
satan
normal
neptune
ipsweep
normal
normal
neptune
normal
normal
neptune
normal
normal
satan
neptune
nmap
normal
normal
normal
normal
normal
normal
normal
warezclient
neptune
ipsweep
neptune
normal
normal
normal
normal
normal
normal
normal
normal
ipsweep
normal
neptune
normal
neptune
neptune
normal
neptune
ipsweep
neptune
normal
normal
normal
normal
neptune
normal
normal
satan
normal
normal
satan
normal
smurf
normal
neptune
normal
normal
normal
normal
neptune
normal
neptune
neptune
teardrop
neptune
neptune
normal
normal
neptune
ipsweep
nmap
neptune
normal
normal
neptune
ipsweep
neptune
satan
normal
normal
normal
normal
normal
normal
normal
normal
neptune
normal
warezclient
neptune
normal
normal
neptune
neptune
neptune
neptune
normal
neptune
normal
neptune
neptune
normal
normal
normal
normal
neptune
normal
normal
normal
neptune
normal
neptune
normal
neptune
neptune
normal
neptune
normal
neptune
neptune
neptune
normal
normal
neptune
normal
normal
normal
satan
normal
nmap
normal
normal
normal
neptune
normal
normal
normal
normal
neptune
normal
normal
neptune
normal
normal
normal
normal
normal
normal
normal
normal
neptune
ipsweep
neptune
normal
neptune
portsweep
satan
neptune
normal
neptune
normal
neptune
neptune
neptune
normal
normal
normal
normal
normal
normal
teardrop
neptune
normal
normal
warezclient
normal
normal
neptune
smurf
normal
normal
normal
normal
normal
normal
normal
normal
normal
satan
normal
normal
neptune
neptune
normal
teardrop
normal
neptune
normal
neptune
normal
normal
neptune
neptune
neptune
neptune
neptune
normal
normal
normal
normal
satan
neptune
neptune
neptune
neptune
neptune
normal
normal
neptune
neptune
neptune
normal
normal
normal
normal
neptune
normal
neptune
normal
normal
normal
normal
neptune
satan
neptune
normal
neptune
normal
normal
neptune
normal
neptune
smurf
normal
normal
neptune
normal
normal
normal
normal
normal
nmap
normal
normal
normal
neptune
normal
neptune
normal
satan
neptune
neptune
normal
normal
neptune
normal
normal
normal
satan
normal
neptune
normal
normal
back
neptune
normal
neptune
normal
neptune
normal
normal
normal
normal
normal
normal
ipsweep
normal
normal
normal
normal
normal
smurf
smurf
ipsweep
neptune
normal
neptune
neptune
normal
normal
neptune
neptune
satan
smurf
neptune
normal
normal
neptune
normal
normal
normal
normal
normal
neptune
normal
normal
neptune
normal
normal
portsweep
normal
neptune
neptune
neptune
neptune
neptune
normal
normal
normal
neptune
normal
normal
neptune
neptune
normal
neptune
normal
normal
normal
normal
neptune
neptune
normal
neptune
smurf
neptune
normal
neptune
normal
normal
normal
normal
normal
normal
neptune
normal
normal
normal
normal
neptune
nmap
normal
normal
normal
normal
neptune
neptune
neptune
neptune
neptune
neptune
neptune
normal
neptune
normal
neptune
neptune
normal
neptune
normal
ipsweep
neptune
neptune
normal
normal
normal
neptune
normal
neptune
ipsweep
ipsweep
neptune
neptune
neptune
neptune
neptune
normal
normal
nmap
normal
neptune
neptune
portsweep
satan
neptune
neptune
neptune
smurf
normal
neptune
normal
neptune
normal
normal
normal
neptune
ipsweep
neptune
ipsweep
normal
neptune
normal
normal
normal
neptune
normal
neptune
normal
normal
normal
normal
neptune
neptune
neptune
neptune
normal
ipsweep
normal
normal
satan
normal
neptune
neptune
neptune
satan
normal
normal
neptune
normal
normal
neptune
normal
normal
neptune
normal
neptune
normal
satan
normal
normal
normal
neptune
normal
normal
neptune
neptune
normal
neptune
neptune
normal
teardrop
nmap
normal
neptune
normal
normal
satan
neptune
normal
neptune
neptune
normal
normal
normal
normal
neptune
neptune
normal
neptune
normal
normal
normal
neptune
normal
back
normal
normal
ipsweep
neptune
normal
normal
normal
normal
normal
normal
neptune
normal
normal
normal
neptune
normal
normal
neptune
portsweep
normal
normal
normal
neptune
neptune
normal
normal
normal
neptune
neptune
normal
ipsweep
neptune
normal
normal
normal
neptune
normal
neptune
normal
normal
normal
normal
neptune
normal
neptune
smurf
normal
nmap
neptune
neptune
normal
neptune
normal
neptune
normal
neptune
neptune
neptune
normal
smurf
normal
neptune
normal
neptune
neptune
normal
normal
normal
normal
neptune
neptune
normal
normal
neptune
normal
neptune
neptune
normal
satan
normal
normal
normal
neptune
normal
normal
neptune
neptune
normal
normal
neptune
neptune
normal
neptune
normal
neptune
normal
neptune
neptune
ipsweep
normal
normal
normal
normal
normal
normal
neptune
normal
normal
normal
neptune
neptune
normal
neptune
normal
neptune
normal
normal
normal
neptune
normal
normal
normal
satan
normal
smurf
normal
normal
normal
neptune
neptune
portsweep
neptune
normal
normal
satan
normal
normal
normal
normal
smurf
normal
normal
normal
normal
normal
normal
neptune
normal
normal
ipsweep
normal
normal
normal
normal
portsweep
normal
normal
ipsweep
neptune
normal
normal
neptune
normal
normal
portsweep
neptune
ipsweep
normal
normal
neptune
neptune
normal
neptune
neptune
normal
normal
normal
normal
neptune
teardrop
normal
normal
neptune
normal
normal
normal
normal
normal
neptune
normal
normal
neptune
normal
normal
neptune
normal
ipsweep
normal
neptune
neptune
normal
normal
normal
normal
normal
normal
neptune
normal
smurf
nmap
normal
ipsweep
neptune
normal
neptune
normal
neptune
neptune
normal
neptune
neptune
neptune
neptune
normal
neptune
neptune
normal
neptune
normal
normal
neptune
neptune
neptune
neptune
ipsweep
normal
normal
neptune
neptune
portsweep
ipsweep
normal
normal
normal
normal
normal
normal
normal
normal
neptune
neptune
normal
normal
normal
normal
normal
neptune
nmap
normal
normal
neptune
neptune
normal
neptune
smurf
neptune
normal
normal
pod
neptune
smurf
normal
portsweep
normal
normal
normal
normal
normal
neptune
neptune
neptune
normal
warezclient
neptune
normal
nmap
normal
normal
neptune
normal
normal
neptune
neptune
normal
normal
portsweep
normal
normal
neptune
neptune
neptune
warezclient
normal
normal
neptune
neptune
normal
neptune
normal
neptune
normal
neptune
neptune
normal
neptune
normal
neptune
normal
normal
neptune
normal
normal
normal
normal
normal
normal
neptune
neptune
normal
normal
normal
normal
normal
nmap
neptune
normal
neptune
normal
normal
normal
normal
nmap
back
satan
satan
normal
neptune
normal
normal
satan
neptune
normal
normal
normal
neptune
normal
neptune
neptune
neptune
normal
normal
satan
satan
satan
normal
neptune
nmap
normal
normal
neptune
warezclient
neptune
portsweep
normal
neptune
normal
neptune
normal
normal
normal
nmap
ipsweep
neptune
smurf
neptune
normal
normal
neptune
neptune
neptune
normal
neptune
normal
normal
normal
neptune
satan
neptune
neptune
neptune
normal
normal
normal
neptune
normal
neptune
neptune
normal
normal
normal
normal
normal
normal
normal
neptune
normal
neptune
portsweep
neptune
normal
normal
normal
normal
teardrop
normal
neptune
neptune
normal
neptune
normal
normal
normal
neptune
normal
neptune
normal
normal
neptune
neptune
satan
normal
normal
normal
neptune
normal
portsweep
ipsweep
neptune
ipsweep
normal
normal
normal
normal
normal
normal
normal
normal
normal
warezclient
neptune
normal
normal
normal
normal
normal
portsweep
neptune
normal
neptune
normal
normal
neptune
normal
neptune
normal
neptune
normal
smurf
teardrop
neptune
satan
ipsweep
neptune
neptune
normal
normal
neptune
teardrop
normal
normal
normal
normal
neptune
normal
normal
neptune
normal
neptune
portsweep
neptune
normal
neptune
normal
normal
neptune
normal
portsweep
warezclient
normal
normal
ipsweep
normal
neptune
neptune
smurf
normal
normal
neptune
normal
normal
neptune
neptune
smurf
normal
neptune
normal
ipsweep
neptune
normal
neptune
neptune
smurf
normal
neptune
neptune
normal
neptune
normal
satan
normal
normal
normal
normal
warezclient
normal
normal
normal
normal
normal
warezclient
normal
normal
normal
normal
neptune
normal
normal
neptune
normal
nmap
normal
neptune
neptune
normal
neptune
neptune
normal
normal
normal
normal
normal
neptune
normal
normal
neptune
normal
neptune
neptune
neptune
neptune
normal
normal
normal
neptune
smurf
neptune
normal
neptune
normal
neptune
satan
neptune
neptune
normal
normal
neptune
normal
normal
back
neptune
normal
normal
normal
ipsweep
normal
neptune
neptune
neptune
normal
neptune
teardrop
normal
normal
normal
neptune
portsweep
neptune
normal
normal
normal
normal
neptune
satan
neptune
normal
normal
neptune
neptune
neptune
neptune
normal
normal
neptune
normal
normal
neptune
neptune
neptune
normal
normal
neptune
neptune
normal
normal
satan
normal
neptune
neptune
neptune
normal
normal
neptune
back
normal
normal
normal
normal
normal
normal
neptune
normal
neptune
neptune
neptune
normal
neptune
normal
neptune
normal
normal
neptune
normal
smurf
normal
neptune
normal
neptune
normal
neptune
normal
normal
normal
normal
neptune
normal
neptune
normal
normal
normal
normal
neptune
normal
neptune
normal
normal
normal
neptune
normal
normal
normal
normal
neptune
normal
neptune
normal
normal
neptune
normal
neptune
smurf
normal
neptune
neptune
normal
normal
normal
normal
neptune
normal
normal
neptune
neptune
portsweep
normal
normal
neptune
normal
satan
normal
neptune
neptune
neptune
smurf
neptune
portsweep
normal
normal
normal
normal
normal
neptune
normal
normal
neptune
normal
normal
normal
neptune
normal
neptune
normal
neptune
normal
normal
neptune
normal
neptune
normal
normal
normal
normal
normal
normal
neptune
neptune
normal
normal
normal
neptune
neptune
normal
portsweep
normal
neptune
normal
neptune
neptune
satan
neptune
neptune
portsweep
normal
normal
warezclient
neptune
normal
normal
normal
normal
normal
satan
normal
neptune
normal
teardrop
normal
normal
nmap
satan
neptune
neptune
neptune
normal
neptune
normal
warezclient
normal
portsweep
normal
normal
satan
normal
portsweep
normal
normal
neptune
neptune
normal
normal
normal
neptune
satan
neptune
portsweep
normal
normal
neptune
normal
normal
neptune
neptune
normal
normal
normal
neptune
neptune
normal
neptune
normal
ipsweep
normal
normal
normal
normal
satan
neptune
neptune
neptune
neptune
normal
nmap
normal
normal
neptune
nmap
neptune
normal
neptune
normal
normal
neptune
normal
normal
satan
neptune
normal
normal
neptune
normal
normal
normal
normal
normal
neptune
normal
normal
normal
normal
normal
neptune
neptune
normal
neptune
normal
normal
normal
normal
normal
neptune
normal
normal
normal
normal
normal
normal
neptune
normal
ipsweep
ipsweep
neptune
ipsweep
normal
normal
neptune
normal
neptune
normal
normal
normal
neptune
normal
normal
neptune
normal
normal
normal
back
normal
neptune
satan
normal
ipsweep
neptune
normal
normal
ipsweep
normal
normal
satan
neptune
satan
normal
normal
normal
neptune
neptune
normal
neptune
normal
smurf
normal
normal
neptune
normal
normal
neptune
teardrop
neptune
normal
neptune
neptune
neptune
normal
neptune
normal
neptune
normal
satan
neptune
neptune
neptune
normal
normal
normal
normal
neptune
normal
normal
neptune
neptune
neptune
neptune
back
normal
neptune
neptune
portsweep
normal
neptune
neptune
ipsweep
normal
normal
neptune
normal
neptune
normal
back
normal
normal
neptune
smurf
normal
neptune
portsweep
neptune
normal
neptune
normal
neptune
normal
neptune
normal
smurf
neptune
normal
normal
normal
satan
neptune
normal
normal
neptune
neptune
neptune
normal
neptune
normal
normal
normal
smurf
satan
normal
neptune
satan
neptune
normal
normal
normal
neptune
normal
normal
normal
normal
normal
normal
normal
normal
normal
neptune
neptune
neptune
satan
normal
normal
normal
normal
neptune
neptune
normal
normal
nmap
normal
normal
neptune
satan
neptune
neptune
neptune
normal
normal
normal
normal
normal
neptune
normal
neptune
neptune
teardrop
neptune
normal
normal
normal
normal
satan
neptune
normal
normal
normal
nmap
normal
normal
normal
neptune
normal
normal
normal
teardrop
neptune
normal
satan
normal
normal
neptune
normal
neptune
neptune
normal
normal
satan
normal
teardrop
portsweep
normal
normal
warezclient
back
neptune
neptune
normal
neptune
normal
normal
ipsweep
neptune
normal
normal
normal
neptune
normal
normal
normal
normal
normal
neptune
satan
normal
normal
neptune
smurf
normal
normal
normal
normal
normal
normal
normal
normal
neptune
normal
neptune
neptune
normal
ipsweep
neptune
normal
normal
neptune
neptune
normal
normal
neptune
neptune
normal
neptune
normal
normal
normal
neptune
neptune
normal
normal
normal
normal
normal
neptune
normal
neptune
neptune
normal
neptune
normal
normal
normal
normal
normal
portsweep
normal
neptune
neptune
normal
neptune
neptune
normal
normal
normal
neptune
neptune
normal
neptune
normal
normal
normal
normal
normal
neptune
neptune
normal
normal
normal
neptune
normal
neptune
normal
normal
normal
normal
neptune
neptune
neptune
normal
normal
normal
normal
normal
normal
neptune
satan
ipsweep
normal
neptune
neptune
normal
ipsweep
neptune
portsweep
normal
nmap
neptune
neptune
warezclient
normal
neptune
normal
normal
nmap
normal
neptune
normal
neptune
normal
normal
neptune
normal
neptune
normal
neptune
neptune
normal
normal
neptune
normal
normal
neptune
neptune
normal
neptune
neptune
normal
normal
neptune
normal
normal
neptune
neptune
normal
normal
normal
neptune
neptune
neptune
normal
neptune
normal
normal
normal
normal
normal
normal
normal
neptune
normal
normal
normal
normal
neptune
neptune
warezclient
normal
normal
nmap
normal
normal
warezclient
neptune
normal
neptune
normal
smurf
normal
normal
normal
normal
neptune
normal
satan
normal
neptune
neptune
normal
neptune
neptune
normal
neptune
normal
neptune
teardrop
normal
portsweep
normal
normal
normal
normal
normal
normal
neptune
normal
normal
neptune
neptune
neptune
normal
normal
neptune
nmap
portsweep
normal
normal
neptune
normal
normal
normal
normal
normal
normal
neptune
normal
smurf
neptune
neptune
normal
normal
normal
normal
normal
normal
neptune
normal
normal
nmap
normal
neptune
normal
satan
normal
neptune
normal
normal
neptune
neptune
neptune
normal
normal
neptune
normal
neptune
neptune
neptune
normal
ipsweep
normal
normal
satan
normal
ipsweep
neptune
normal
normal
satan
normal
neptune
ipsweep
neptune
normal
smurf
ipsweep
ipsweep
neptune
normal
neptune
normal
portsweep
normal
satan
neptune
ipsweep
normal
ipsweep
neptune
normal
ipsweep
normal
neptune
normal
neptune
normal
normal
normal
normal
normal
normal
portsweep
normal
normal
neptune
normal
normal
nmap
normal
neptune
neptune
normal
normal
neptune
neptune
normal
normal
normal
satan
normal
normal
normal
teardrop
neptune
normal
neptune
neptune
neptune
neptune
neptune
smurf
neptune
normal
normal
satan
satan
normal
smurf
normal
smurf
normal
smurf
neptune
normal
neptune
neptune
neptune
normal
normal
normal
normal
neptune
neptune
neptune
neptune
normal
normal
back
neptune
neptune
normal
normal
neptune
normal
normal
normal
neptune
satan
neptune
neptune
neptune
normal
normal
normal
portsweep
teardrop
portsweep
neptune
normal
neptune
normal
normal
normal
normal
neptune
normal
neptune
normal
neptune
neptune
smurf
normal
normal
portsweep
normal
neptune
neptune
normal
normal
satan
normal
normal
normal
normal
warezclient
neptune
normal
neptune
normal
neptune
normal
normal
neptune
normal
normal
normal
normal
neptune
normal
normal
normal
normal
normal
normal
neptune
neptune
normal
normal
neptune
neptune
normal
neptune
normal
portsweep
neptune
normal
normal
neptune
normal
normal
normal
normal
normal
normal
normal
neptune
neptune
neptune
portsweep
normal
normal
smurf
normal
normal
satan
neptune
smurf
neptune
normal
normal
neptune
normal
smurf
normal
normal
normal
neptune
normal
neptune
neptune
normal
neptune
normal
normal
neptune
normal
normal
normal
neptune
neptune
normal
neptune
normal
neptune
neptune
neptune
neptune
neptune
neptune
normal
neptune
normal
neptune
neptune
ipsweep
normal
normal
normal
normal
neptune
normal
normal
neptune
nmap
normal
neptune
normal
neptune
ipsweep
neptune
normal
neptune
teardrop
ipsweep
normal
normal
neptune
normal
normal
normal
normal
normal
teardrop
neptune
neptune
neptune
ipsweep
normal
neptune
nmap
normal
normal
ipsweep
neptune
normal
neptune
normal
neptune
smurf
neptune
normal
normal
neptune
normal
normal
normal
neptune
normal
normal
portsweep
normal
satan
normal
normal
ipsweep
neptune
buffer_overflow
smurf
normal
neptune
neptune
neptune
neptune
normal
normal
neptune
normal
normal
normal
neptune
normal
normal
portsweep
normal
normal
normal
neptune
normal
normal
normal
neptune
normal
normal
neptune
smurf
normal
neptune
neptune
normal
satan
neptune
neptune
normal
normal
normal
normal
normal
normal
normal
normal
neptune
neptune
normal
normal
normal
normal
normal
normal
normal
satan
normal
normal
normal
normal
neptune
normal
neptune
satan
normal
normal
normal
neptune
portsweep
normal
neptune
normal
normal
neptune
smurf
neptune
neptune
normal
normal
normal
normal
normal
neptune
warezclient
ipsweep
neptune
neptune
normal
normal
normal
satan
neptune
normal
normal
normal
normal
normal
neptune
normal
neptune
neptune
neptune
normal
neptune
normal
normal
normal
normal
neptune
neptune
ipsweep
neptune
normal
normal
neptune
normal
normal
normal
nmap
normal
normal
normal
neptune
normal
neptune
normal
normal
normal
normal
normal
normal
normal
smurf
normal
satan
normal
normal
portsweep
normal
normal
normal
normal
neptune
normal
normal
neptune
normal
neptune
normal
normal
satan
neptune
neptune
normal
satan
neptune
ipsweep
normal
neptune
ipsweep
normal
ipsweep
normal
normal
normal
normal
neptune
normal
normal
normal
normal
neptune
normal
neptune
nmap
portsweep
neptune
normal
nmap
satan
neptune
normal
neptune
normal
neptune
normal
neptune
neptune
ipsweep
portsweep
normal
normal
neptune
neptune
normal
neptune
neptune
normal
normal
neptune
portsweep
ipsweep
neptune
neptune
normal
normal
neptune
smurf
neptune
neptune
normal
neptune
ipsweep
normal
neptune
neptune
normal
normal
normal
neptune
normal
neptune
nmap
normal
neptune
ipsweep
normal
neptune
ipsweep
normal
neptune
neptune
neptune
normal
normal
neptune
normal
normal
neptune
normal
normal
satan
neptune
neptune
neptune
normal
normal
neptune
neptune
neptune
neptune
neptune
normal
normal
normal
neptune
smurf
neptune
neptune
neptune
nmap
neptune
normal
normal
normal
neptune
neptune
satan
normal
neptune
normal
normal
neptune
normal
normal
normal
ipsweep
neptune
normal
normal
normal
portsweep
neptune
neptune
normal
neptune
neptune
nmap
normal
normal
normal
neptune
normal
normal
normal
normal
neptune
neptune
neptune
normal
smurf
normal
normal
neptune
ipsweep
normal
normal
normal
normal
normal
normal
normal
normal
neptune
neptune
neptune
neptune
neptune
normal
neptune
neptune
teardrop
normal
normal
normal
neptune
normal
normal
normal
normal
normal
neptune
normal
neptune
normal
normal
normal
neptune
normal
satan
neptune
normal
normal
normal
normal
back
ipsweep
normal
normal
normal
normal
normal
normal
neptune
normal
neptune
normal
neptune
normal
neptune
normal
normal
normal
normal
neptune
normal
neptune
normal
normal
satan
neptune
normal
normal
neptune
neptune
neptune
satan
ipsweep
normal
neptune
neptune
neptune
neptune
normal
neptune
normal
neptune
neptune
normal
neptune
normal
normal
neptune
normal
normal
normal
normal
normal
normal
normal
neptune
normal
satan
normal
normal
normal
neptune
neptune
normal
neptune
neptune
neptune
normal
neptune
normal
normal
neptune
normal
normal
neptune
neptune
neptune
normal
normal
neptune
neptune
normal
normal
neptune
neptune
smurf
portsweep
neptune
normal
neptune
neptune
neptune
neptune
normal
neptune
normal
portsweep
satan
portsweep
neptune
normal
normal
normal
normal
back
normal
normal
normal
normal
normal
smurf
normal
neptune
normal
ipsweep
normal
normal
neptune
normal
normal
normal
neptune
normal
neptune
normal
normal
normal
normal
neptune
normal
neptune
normal
neptune
neptune
normal
normal
normal
neptune
normal
smurf
neptune
neptune
neptune
normal
neptune
normal
normal
normal
neptune
neptune
portsweep
normal
neptune
normal
normal
normal
neptune
normal
ipsweep
normal
normal
normal
neptune
normal
neptune
normal
neptune
ipsweep
neptune
ipsweep
normal
normal
normal
normal
normal
normal
normal
neptune
portsweep
normal
neptune
normal
normal
neptune
normal
normal
neptune
neptune
normal
neptune
portsweep
neptune
teardrop
warezclient
neptune
smurf
normal
normal
ipsweep
neptune
neptune
normal
normal
normal
normal
normal
normal
normal
normal
neptune
normal
neptune
teardrop
neptune
normal
normal
normal
normal
neptune
normal
normal
normal
neptune
normal
ipsweep
normal
normal
neptune
neptune
normal
neptune
neptune
normal
normal
satan
normal
neptune
normal
neptune
neptune
neptune
warezclient
neptune
neptune
portsweep
neptune
portsweep
neptune
neptune
neptune
normal
neptune
normal
normal
normal
neptune
satan
neptune
back
normal
neptune
normal
normal
neptune
normal
normal
normal
neptune
normal
normal
normal
neptune
normal
neptune
normal
neptune
normal
normal
normal
normal
neptune
neptune
neptune
normal
neptune
normal
neptune
normal
normal
normal
neptune
normal
normal
neptune
normal
normal
normal
normal
pod
neptune
neptune
normal
teardrop
neptune
neptune
neptune
neptune
normal
normal
normal
normal
neptune
neptune
ipsweep
neptune
neptune
neptune
neptune
satan
normal
neptune
normal
neptune
neptune
satan
normal
neptune
normal
normal
neptune
normal
normal
normal
neptune
neptune
normal
neptune
neptune
portsweep
warezclient
normal
satan
normal
neptune
normal
normal
normal
normal
neptune
normal
normal
satan
normal
normal
normal
neptune
normal
normal
smurf
normal
neptune
neptune
neptune
normal
ipsweep
portsweep
normal
normal
neptune
neptune
normal
normal
neptune
normal
normal
normal
ftp_write
neptune
nmap
neptune
nmap
normal
neptune
satan
portsweep
neptune
normal
satan
normal
normal
normal
neptune
normal
normal
normal
neptune
neptune
normal
neptune
neptune
normal
neptune
normal
normal
normal
neptune
neptune
normal
normal
normal
neptune
normal
neptune
normal
normal
normal
neptune
neptune
normal
normal
normal
teardrop
normal
normal
neptune
normal
neptune
normal
neptune
normal
normal
normal
normal
neptune
neptune
neptune
normal
normal
neptune
normal
neptune
normal
normal
smurf
normal
normal
nmap
normal
neptune
normal
ipsweep
neptune
normal
neptune
neptune
neptune
normal
neptune
satan
normal
neptune
neptune
neptune
normal
neptune
normal
neptune
neptune
normal
neptune
normal
normal
warezclient
normal
normal
neptune
smurf
normal
neptune
normal
normal
neptune
portsweep
neptune
normal
portsweep
neptune
neptune
normal
neptune
normal
normal
normal
neptune
back
neptune
neptune
pod
normal
portsweep
ipsweep
neptune
normal
normal
neptune
normal
normal
neptune
neptune
normal
normal
neptune
normal
normal
normal
normal
normal
normal
neptune
satan
normal
neptune
normal
neptune
neptune
normal
normal
normal
normal
neptune
back
neptune
neptune
neptune
neptune
normal
normal
normal
normal
neptune
neptune
normal
neptune
normal
neptune
normal
neptune
normal
normal
neptune
normal
normal
neptune
normal
normal
normal
normal
normal
neptune
neptune
normal
neptune
neptune
neptune
normal
normal
normal
normal
nmap
normal
normal
neptune
neptune
normal
neptune
normal
satan
normal
neptune
normal
back
neptune
neptune
normal
neptune
normal
normal
normal
normal
neptune
neptune
normal
normal
normal
portsweep
portsweep
normal
normal
neptune
neptune
neptune
normal
neptune
normal
neptune
neptune
neptune
normal
normal
neptune
normal
normal
neptune
neptune
back
normal
normal
neptune
ipsweep
neptune
back
normal
nmap
neptune
normal
neptune
neptune
normal
neptune
neptune
smurf
neptune
normal
nmap
neptune
normal
neptune
normal
neptune
normal
warezclient
normal
neptune
normal
neptune
normal
normal
normal
normal
normal
normal
neptune
normal
ipsweep
satan
normal
neptune
ipsweep
neptune
normal
normal
normal
normal
normal
normal
normal
neptune
neptune
normal
normal
normal
normal
buffer_overflow
normal
normal
normal
neptune
normal
neptune
normal
normal
neptune
neptune
normal
pod
ipsweep
normal
normal
normal
neptune
normal
smurf
satan
neptune
neptune
neptune
neptune
normal
neptune
ipsweep
neptune
normal
neptune
normal
portsweep
neptune
nmap
neptune
normal
neptune
normal
normal
neptune
warezclient
normal
ipsweep
normal
neptune
normal
neptune
normal
neptune
normal
neptune
normal
normal
neptune
neptune
normal
normal
normal
neptune
normal
normal
neptune
neptune
neptune
neptune
back
normal
normal
satan
neptune
normal
normal
neptune
neptune
neptune
normal
normal
normal
normal
normal
ipsweep
normal
neptune
neptune
normal
normal
normal
normal
neptune
smurf
ipsweep
neptune
nmap
normal
neptune
normal
neptune
normal
normal
normal
normal
normal
neptune
satan
normal
neptune
normal
portsweep
neptune
neptune
neptune
normal
teardrop
normal
multihop
ipsweep
normal
neptune
normal
normal
neptune
smurf
portsweep
normal
neptune
normal
normal
normal
normal
neptune
normal
neptune
normal
normal
normal
neptune
neptune
neptune
normal
neptune
neptune
neptune
neptune
neptune
normal
normal
normal
normal
normal
neptune
normal
normal
neptune
normal
neptune
neptune
neptune
normal
normal
ipsweep
neptune
normal
normal
ipsweep
ipsweep
normal
ipsweep
smurf
normal
warezclient
normal
portsweep
neptune
normal
neptune
neptune
neptune
normal
neptune
neptune
normal
neptune
neptune
normal
neptune
normal
normal
normal
normal
normal
normal
portsweep
normal
neptune
satan
smurf
neptune
ipsweep
neptune
normal
normal
normal
normal
neptune
neptune
portsweep
nmap
normal
normal
neptune
normal
normal
normal
normal
normal
normal
neptune
normal
back
normal
neptune
neptune
normal
normal
neptune
teardrop
normal
normal
normal
neptune
normal
normal
normal
neptune
neptune
normal
neptune
normal
neptune
normal
normal
portsweep
neptune
normal
normal
portsweep
neptune
normal
normal
normal
neptune
normal
normal
normal
normal
normal
neptune
neptune
neptune
neptune
neptune
normal
normal
normal
normal
normal
normal
neptune
normal
normal
normal
normal
neptune
normal
normal
normal
normal
normal
neptune
normal
neptune
teardrop
normal
smurf
neptune
normal
normal
ipsweep
neptune
normal
normal
normal
normal
normal
normal
normal
neptune
neptune
normal
normal
normal
normal
normal
neptune
normal
normal
normal
normal
warezclient
neptune
neptune
neptune
normal
normal
normal
normal
normal
normal
normal
normal
normal
normal
neptune
neptune
neptune
normal
normal
neptune
normal
neptune
normal
normal
normal
normal
neptune
normal
normal
normal
neptune
normal
normal
neptune
normal
smurf
neptune
satan
ipsweep
neptune
normal
normal
normal
normal
neptune
ipsweep
normal
portsweep
nmap
normal
neptune
neptune
normal
normal
neptune
normal
smurf
normal
normal
neptune
normal
portsweep
normal
normal
portsweep
normal
normal
normal
normal
neptune
smurf
neptune
neptune
normal
normal
neptune
normal
normal
normal
teardrop
neptune
normal
neptune
normal
normal
neptune
neptune
neptune
normal
neptune
normal
normal
normal
normal
nmap
normal
normal
warezclient
normal
normal
normal
normal
neptune
normal
neptune
normal
normal
neptune
normal
normal
neptune
neptune
neptune
normal
warezclient
neptune
neptune
normal
neptune
nmap
normal
normal
normal
normal
nmap
normal
normal
normal
neptune
neptune
neptune
neptune
satan
normal
neptune
satan
normal
normal
normal
teardrop
normal
normal
neptune
satan
neptune
neptune
neptune
neptune
smurf
normal
neptune
normal
normal
normal
normal
neptune
normal
neptune
normal
normal
warezclient
teardrop
normal
normal
neptune
normal
satan
normal
normal
normal
normal
normal
neptune
normal
normal
normal
normal
neptune
neptune
neptune
neptune
normal
normal
normal
satan
neptune
neptune
normal
neptune
neptune
neptune
normal
normal
normal
neptune
neptune
normal
normal
normal
normal
normal
neptune
normal
normal
portsweep
neptune
normal
normal
normal
normal
neptune
normal
neptune
neptune
neptune
neptune
normal
neptune
normal
neptune
neptune
ipsweep
normal
neptune
normal
neptune
neptune
normal
normal
neptune
normal
normal
normal
neptune
neptune
satan
neptune
normal
normal
normal
portsweep
normal
normal
normal
normal
normal
normal
normal
normal
normal
neptune
portsweep
normal
normal
neptune
neptune
normal
normal
normal
normal
normal
neptune
neptune
neptune
normal
normal
normal
normal
ipsweep
normal
normal
warezclient
normal
normal
normal
normal
normal
normal
normal
nmap
neptune
satan
normal
normal
neptune
teardrop
neptune
normal
normal
ipsweep
neptune
neptune
neptune
neptune
normal
normal
satan
normal
neptune
normal
normal
neptune
portsweep
normal
normal
neptune
neptune
normal
neptune
normal
neptune
normal
normal
portsweep
normal
ipsweep
normal
normal
normal
normal
neptune
normal
neptune
normal
normal
neptune
normal
normal
normal
neptune
neptune
normal
normal
normal
normal
normal
neptune
portsweep
normal
normal
warezclient
neptune
normal
normal
normal
normal
normal
smurf
neptune
neptune
normal
normal
back
neptune
neptune
neptune
normal
normal
normal
normal
normal
neptune
neptune
neptune
neptune
normal
normal
normal
normal
normal
neptune
normal
normal
normal
neptune
neptune
neptune
normal
normal
ipsweep
neptune
neptune
neptune
normal
normal
normal
neptune
normal
normal
normal
normal
neptune
normal
normal
normal
normal
neptune
neptune
normal
smurf
normal
normal
neptune
neptune
neptune
normal
neptune
smurf
normal
neptune
neptune
neptune
normal
normal
normal
neptune
neptune
neptune
neptune
neptune
neptune
neptune
satan
normal
normal
neptune
normal
neptune
smurf
normal
normal
normal
neptune
neptune
neptune
normal
normal
normal
normal
ipsweep
normal
neptune
normal
neptune
normal
normal
normal
neptune
satan
ipsweep
normal
normal
neptune
neptune
normal
normal
normal
normal
normal
normal
normal
normal
normal
normal
normal
normal
neptune
normal
ipsweep
normal
neptune
teardrop
normal
neptune
normal
normal
normal
neptune
normal
normal
ipsweep
portsweep
normal
neptune
normal
normal
normal
smurf
neptune
neptune
nmap
normal
neptune
satan
normal
neptune
neptune
ipsweep
back
smurf
neptune
nmap
normal
neptune
ipsweep
normal
neptune
normal
neptune
normal
neptune
satan
neptune
normal
normal
neptune
normal
normal
normal
normal
normal
normal
neptune
neptune
neptune
smurf
normal
normal
neptune
normal
normal
normal
normal
normal
normal
normal
normal
normal
normal
normal
normal
normal
normal
normal
normal
normal
normal
neptune
normal
smurf
teardrop
normal
neptune
normal
normal
neptune
neptune
normal
normal
neptune
normal
normal
normal
neptune
neptune
smurf
neptune
neptune
neptune
normal
neptune
neptune
normal
neptune
normal
normal
neptune
neptune
normal
neptune
teardrop
satan
ipsweep
normal
neptune
normal
normal
teardrop
smurf
neptune
satan
smurf
normal
normal
neptune
normal
normal
back
normal
neptune
neptune
normal
neptune
portsweep
normal
neptune
neptune
normal
normal
neptune
normal
normal
normal
portsweep
normal
normal
neptune
normal
normal
normal
neptune
normal
smurf
normal
ipsweep
normal
ipsweep
normal
neptune
normal
normal
neptune
normal
normal
normal
normal
normal
neptune
neptune
neptune
neptune
normal
neptune
normal
normal
normal
normal
normal
normal
normal
normal
teardrop
neptune
normal
normal
normal
normal
normal
ipsweep
normal
normal
neptune
neptune
smurf
normal
neptune
neptune
neptune
normal
neptune
back
normal
normal
normal
neptune
neptune
normal
normal
normal
normal
neptune
normal
neptune
normal
portsweep
neptune
normal
neptune
neptune
normal
normal
neptune
teardrop
neptune
satan
normal
neptune
normal
normal
normal
back
normal
neptune
normal
normal
normal
neptune
normal
normal
normal
normal
normal
normal
neptune
neptune
normal
normal
neptune
normal
normal
neptune
normal
normal
normal
normal
neptune
normal
normal
normal
ipsweep
normal
normal
neptune
neptune
neptune
normal
neptune
neptune
neptune
neptune
normal
neptune
normal
neptune
normal
neptune
normal
normal
normal
satan
normal
neptune
normal
portsweep
normal
normal
normal
neptune
neptune
normal
neptune
normal
normal
normal
normal
neptune
normal
normal
normal
neptune
neptune
neptune
neptune
neptune
neptune
neptune
normal
normal
normal
neptune
neptune
normal
normal
neptune
normal
neptune
neptune
normal
neptune
neptune
neptune
normal
normal
normal
normal
normal
neptune
neptune
portsweep
neptune
normal
normal
smurf
normal
ipsweep
normal
neptune
teardrop
normal
neptune
normal
normal
nmap
smurf
normal
normal
normal
pod
normal
normal
normal
normal
normal
satan
normal
normal
normal
normal
normal
neptune
satan
normal
normal
normal
normal
normal
normal
portsweep
normal
normal
normal
normal
normal
normal
normal
normal
normal
neptune
normal
neptune
neptune
normal
normal
neptune
neptune
normal
normal
satan
normal
normal
normal
normal
normal
normal
normal
normal
satan
normal
neptune
neptune
warezclient
normal
neptune
normal
satan
normal
nmap
normal
normal
neptune
normal
normal
normal
normal
normal
satan
normal
neptune
warezclient
normal
normal
normal
normal
normal
normal
normal
warezclient
normal
smurf
neptune
normal
normal
neptune
neptune
ipsweep
neptune
normal
normal
neptune
neptune
normal
normal
neptune
ipsweep
neptune
normal
normal
normal
normal
normal
normal
normal
normal
neptune
normal
normal
neptune
normal
portsweep
neptune
satan
normal
neptune
neptune
nmap
normal
normal
neptune
neptune
neptune
normal
neptune
smurf
normal
portsweep
normal
neptune
neptune
normal
smurf
normal
normal
smurf
satan
ipsweep
neptune
neptune
neptune
normal
teardrop
satan
neptune
neptune
normal
normal
satan
neptune
normal
normal
normal
satan
normal
neptune
normal
ipsweep
normal
smurf
neptune
satan
normal
normal
neptune
neptune
normal
normal
normal
normal
normal
normal
smurf
guess_passwd
neptune
normal
neptune
normal
normal
normal
normal
normal
teardrop
normal
normal
normal
normal
neptune
normal
smurf
normal
smurf
satan
neptune
neptune
normal
normal
normal
normal
normal
normal
normal
satan
normal
neptune
back
neptune
normal
satan
neptune
normal
ipsweep
normal
neptune
normal
neptune
neptune
normal
normal
normal
normal
portsweep
normal
neptune
smurf
neptune
neptune
normal
satan
neptune
neptune
normal
neptune
normal
neptune
normal
neptune
normal
normal
normal
neptune
normal
normal
neptune
normal
neptune
normal
smurf
normal
smurf
normal
neptune
normal
normal
normal
neptune
teardrop
normal
normal
neptune
neptune
teardrop
satan
nmap
normal
neptune
satan
back
neptune
normal
neptune
normal
normal
normal
smurf
smurf
neptune
neptune
neptune
neptune
normal
normal
neptune
normal
normal
neptune
neptune
normal
normal
normal
normal
neptune
ipsweep
normal
neptune
neptune
neptune
neptune
normal
neptune
normal
neptune
normal
normal
normal
satan
neptune
normal
neptune
ipsweep
neptune
normal
normal
neptune
normal
neptune
portsweep
normal
normal
neptune
normal
normal
normal
normal
normal
teardrop
normal
normal
neptune
normal
normal
neptune
neptune
normal
neptune
normal
normal
normal
satan
normal
normal
back
normal
normal
normal
normal
normal
normal
normal
normal
normal
normal
normal
normal
nmap
normal
portsweep
neptune
normal
normal
teardrop
normal
neptune
normal
normal
portsweep
neptune
normal
normal
neptune
neptune
warezclient
normal
normal
normal
normal
neptune
normal
normal
normal
neptune
normal
neptune
neptune
neptune
normal
normal
normal
satan
normal
ipsweep
normal
normal
normal
satan
normal
smurf
normal
neptune
normal
normal
normal
smurf
normal
satan
normal
neptune
neptune
normal
neptune
normal
neptune
normal
neptune
neptune
neptune
neptune
normal
normal
neptune
normal
neptune
neptune
normal
normal
neptune
neptune
neptune
normal
normal
normal
neptune
smurf
neptune
normal
normal
neptune
neptune
neptune
satan
normal
normal
normal
normal
neptune
normal
normal
neptune
neptune
normal
portsweep
normal
ipsweep
normal
normal
normal
normal
ipsweep
normal
normal
normal
normal
normal
ipsweep
normal
satan
neptune
normal
normal
neptune
neptune
normal
neptune
normal
neptune
neptune
normal
normal
neptune
normal
normal
normal
normal
normal
ipsweep
normal
normal
normal
neptune
neptune
satan
portsweep
normal
neptune
normal
neptune
normal
satan
normal
neptune
ipsweep
satan
normal
normal
neptune
normal
normal
normal
neptune
neptune
normal
normal
neptune
normal
satan
normal
normal
normal
normal
portsweep
neptune
normal
normal
neptune
normal
neptune
nmap
normal
normal
smurf
normal
neptune
normal
satan
neptune
normal
normal
normal
normal
teardrop
neptune
normal
neptune
normal
neptune
normal
normal
normal
neptune
normal
normal
normal
normal
buffer_overflow
satan
normal
normal
neptune
normal
normal
normal
normal
normal
smurf
back
portsweep
normal
ipsweep
normal
portsweep
ipsweep
normal
normal
normal
warezmaster
normal
neptune
normal
neptune
normal
smurf
normal
neptune
normal
normal
neptune
normal
neptune
neptune
neptune
neptune
warezclient
normal
normal
neptune
normal
normal
normal
normal
normal
normal
normal
normal
neptune
neptune
normal
normal
normal
normal
normal
neptune
neptune
normal
normal
teardrop
normal
normal
neptune
normal
normal
normal
normal
smurf
nmap
normal
normal
neptune
normal
neptune
normal
satan
portsweep
normal
normal
neptune
neptune
normal
neptune
normal
normal
normal
neptune
neptune
normal
normal
normal
normal
neptune
neptune
neptune
normal
neptune
neptune
normal
neptune
neptune
neptune
nmap
portsweep
neptune
normal
normal
normal
normal
normal
neptune
neptune
normal
normal
normal
normal
normal
normal
neptune
normal
normal
neptune
normal
neptune
normal
portsweep
normal
neptune
neptune
normal
neptune
normal
neptune
normal
neptune
neptune
normal
portsweep
normal
normal
normal
neptune
neptune
neptune
normal
normal
normal
normal
normal
normal
normal
normal
ipsweep
normal
satan
normal
neptune
neptune
neptune
normal
normal
normal
normal
normal
neptune
neptune
neptune
neptune
neptune
warezclient
neptune
normal
normal
normal
satan
normal
normal
smurf
normal
normal
normal
portsweep
normal
normal
satan
normal
normal
normal
satan
neptune
neptune
normal
normal
portsweep
neptune
neptune
normal
neptune
neptune
normal
neptune
neptune
neptune
normal
normal
teardrop
normal
normal
neptune
normal
normal
normal
normal
satan
normal
normal
normal
neptune
neptune
neptune
normal
normal
neptune
neptune
normal
neptune
normal
neptune
normal
neptune
neptune
ipsweep
normal
neptune
neptune
normal
normal
normal
normal
normal
normal
neptune
normal
normal
normal
portsweep
neptune
normal
normal
normal
neptune
normal
normal
normal
normal
normal
neptune
neptune
neptune
neptune
neptune
neptune
satan
normal
normal
normal
normal
neptune
normal
normal
normal
neptune
neptune
normal
normal
warezclient
normal
normal
normal
normal
normal
normal
neptune
normal
neptune
satan
normal
normal
satan
warezclient
neptune
normal
normal
normal
nmap
normal
normal
neptune
normal
normal
normal
neptune
normal
normal
ipsweep
neptune
normal
neptune
neptune
neptune
normal
normal
neptune
normal
normal
normal
neptune
normal
normal
normal
normal
neptune
normal
neptune
neptune
neptune
neptune
normal
neptune
normal
normal
normal
normal
portsweep
normal
normal
normal
portsweep
normal
normal
smurf
neptune
normal
normal
ipsweep
normal
neptune
normal
ipsweep
normal
neptune
neptune
normal
normal
neptune
normal
normal
normal
ipsweep
normal
normal
ipsweep
normal
neptune
normal
normal
neptune
neptune
normal
smurf
neptune
normal
smurf
neptune
normal
neptune
neptune
ipsweep
smurf
smurf
normal
normal
normal
neptune
normal
normal
neptune
normal
neptune
neptune
normal
neptune
neptune
normal
normal
smurf
neptune
portsweep
neptune
neptune
normal
normal
normal
normal
normal
normal
neptune
normal
normal
nmap
neptune
neptune
neptune
normal
neptune
normal
normal
neptune
neptune
neptune
normal
ipsweep
normal
normal
neptune
normal
neptune
neptune
back
neptune
normal
normal
normal
neptune
normal
normal
normal
neptune
neptune
normal
neptune
satan
normal
neptune
neptune
neptune
neptune
normal
nmap
normal
neptune
neptune
neptune
normal
normal
normal
ipsweep
normal
neptune
neptune
normal
normal
normal
normal
portsweep
normal
nmap
normal
smurf
ipsweep
normal
satan
back
neptune
normal
satan
normal
neptune
neptune
normal
normal
neptune
normal
normal
normal
normal
normal
normal
neptune
neptune
nmap
normal
ipsweep
smurf
neptune
normal
normal
normal
normal
normal
normal
neptune
normal
normal
normal
normal
neptune
normal
normal
neptune
normal
normal
neptune
ipsweep
normal
normal
neptune
neptune
teardrop
normal
normal
back
neptune
normal
normal
neptune
neptune
nmap
normal
normal
ipsweep
neptune
normal
normal
normal
satan
neptune
neptune
portsweep
satan
neptune
neptune
satan
normal
normal
normal
normal
neptune
normal
neptune
ipsweep
normal
satan
normal
back
normal
normal
normal
neptune
normal
normal
normal
neptune
normal
normal
normal
normal
normal
normal
normal
normal
normal
normal
normal
neptune
normal
normal
neptune
neptune
neptune
neptune
normal
ipsweep
neptune
normal
normal
normal
neptune
normal
neptune
neptune
normal
normal
neptune
normal
normal
neptune
neptune
neptune
neptune
normal
neptune
satan
neptune
normal
normal
normal
normal
normal
satan
normal
normal
normal
normal
normal
neptune
normal
normal
neptune
normal
neptune
neptune
normal
neptune
normal
normal
smurf
normal
normal
normal
normal
smurf
neptune
normal
neptune
smurf
neptune
neptune
normal
neptune
neptune
neptune
normal
normal
normal
normal
normal
normal
normal
neptune
normal
satan
neptune
neptune
nmap
neptune
normal
neptune
neptune
normal
portsweep
normal
neptune
normal
normal
normal
smurf
normal
normal
normal
normal
ipsweep
neptune
normal
normal
normal
neptune
normal
neptune
ipsweep
normal
neptune
neptune
neptune
warezclient
neptune
normal
normal
neptune
neptune
normal
normal
neptune
normal
normal
neptune
neptune
satan
normal
satan
satan
neptune
neptune
neptune
normal
normal
normal
normal
normal
neptune
normal
normal
normal
normal
normal
normal
neptune
neptune
normal
neptune
normal
normal
neptune
normal
normal
normal
neptune
normal
normal
neptune
normal
neptune
neptune
normal
neptune
neptune
normal
normal
normal
smurf
normal
normal
neptune
normal
normal
neptune
neptune
neptune
neptune
normal
normal
normal
neptune
normal
smurf
normal
warezclient
normal
neptune
normal
normal
neptune
normal
satan
normal
portsweep
normal
neptune
neptune
normal
normal
normal
neptune
neptune
normal
normal
neptune
normal
smurf
normal
smurf
neptune
normal
normal
satan
neptune
normal
neptune
normal
normal
normal
neptune
normal
neptune
normal
nmap
neptune
normal
normal
normal
portsweep
normal
normal
neptune
neptune
neptune
neptune
neptune
normal
neptune
normal
normal
neptune
normal
neptune
normal
normal
neptune
neptune
neptune
normal
normal
normal
neptune
neptune
portsweep
neptune
normal
normal
normal
normal
neptune
normal
neptune
neptune
normal
normal
normal
normal
normal
normal
normal
normal
neptune
nmap
normal
neptune
normal
neptune
smurf
neptune
normal
normal
normal
normal
normal
neptune
normal
satan
neptune
normal
normal
neptune
neptune
neptune
normal
normal
neptune
normal
neptune
neptune
normal
normal
normal
portsweep
normal
neptune
normal
neptune
normal
normal
normal
neptune
normal
normal
normal
satan
neptune
normal
neptune
neptune
normal
normal
neptune
neptune
neptune
satan
normal
portsweep
normal
normal
normal
normal
neptune
normal
neptune
smurf
normal
neptune
normal
normal
neptune
teardrop
satan
normal
normal
normal
neptune
normal
satan
neptune
normal
normal
neptune
normal
neptune
normal
normal
neptune
portsweep
ipsweep
nmap
normal
neptune
normal
normal
normal
ipsweep
neptune
normal
normal
satan
neptune
neptune
neptune
neptune
normal
neptune
normal
neptune
normal
normal
neptune
normal
normal
normal
neptune
normal
nmap
smurf
normal
ipsweep
neptune
normal
neptune
normal
neptune
normal
normal
neptune
normal
normal
neptune
satan
normal
normal
normal
neptune
neptune
neptune
neptune
normal
warezclient
neptune
normal
back
normal
satan
neptune
neptune
back
normal
neptune
neptune
neptune
neptune
normal
satan
normal
normal
normal
neptune
normal
neptune
normal
normal
smurf
portsweep
normal
normal
normal
normal
normal
normal
neptune
normal
neptune
neptune
normal
neptune
normal
normal
neptune
normal
normal
normal
neptune
normal
normal
normal
normal
neptune
smurf
ipsweep
normal
ipsweep
normal
neptune
normal
normal
normal
normal
neptune
normal
normal
neptune
normal
normal
normal
normal
neptune
normal
normal
normal
normal
normal
normal
normal
normal
normal
normal
neptune
neptune
normal
neptune
normal
normal
normal
normal
normal
normal
normal
normal
normal
neptune
satan
satan
normal
neptune
normal
normal
normal
portsweep
normal
normal
normal
ipsweep
normal
normal
neptune
neptune
normal
normal
normal
normal
neptune
normal
neptune
normal
normal
smurf
normal
normal
ipsweep
neptune
neptune
neptune
smurf
normal
smurf
normal
smurf
neptune
neptune
normal
neptune
normal
normal
normal
normal
normal
normal
normal
neptune
normal
neptune
neptune
normal
normal
neptune
neptune
normal
neptune
neptune
normal
neptune
neptune
normal
normal
neptune
neptune
neptune
normal
normal
normal
neptune
normal
normal
smurf
normal
ipsweep
normal
normal
normal
normal
normal
normal
normal
normal
neptune
normal
normal
normal
normal
neptune
nmap
neptune
normal
normal
normal
normal
normal
satan
normal
normal
satan
neptune
normal
neptune
normal
neptune
neptune
normal
satan
teardrop
normal
neptune
neptune
neptune
normal
neptune
normal
neptune
normal
normal
neptune
normal
neptune
neptune
neptune
normal
normal
normal
neptune
neptune
warezclient
neptune
normal
normal
smurf
normal
ipsweep
neptune
neptune
normal
normal
satan
neptune
portsweep
normal
normal
normal
normal
normal
neptune
warezclient
neptune
normal
normal
warezclient
normal
normal
neptune
normal
satan
neptune
neptune
neptune
normal
normal
neptune
normal
normal
satan
neptune
neptune
normal
neptune
normal
neptune
neptune
normal
neptune
normal
neptune
teardrop
normal
portsweep
neptune
nmap
neptune
normal
neptune
normal
normal
normal
neptune
neptune
normal
normal
neptune
neptune
neptune
normal
normal
normal
neptune
neptune
neptune
normal
normal
normal
neptune
satan
normal
neptune
nmap
normal
normal
portsweep
normal
ipsweep
normal
neptune
neptune
normal
neptune
smurf
normal
normal
normal
normal
neptune
normal
normal
normal
neptune
normal
normal
normal
normal
normal
normal
normal
normal
normal
neptune
teardrop
neptune
normal
normal
neptune
neptune
neptune
normal
normal
normal
neptune
normal
normal
neptune
satan
portsweep
normal
neptune
normal
normal
satan
neptune
neptune
neptune
normal
normal
neptune
neptune
neptune
neptune
ipsweep
normal
normal
normal
smurf
neptune
neptune
normal
neptune
normal
neptune
teardrop
normal
normal
normal
normal
neptune
ipsweep
normal
normal
normal
normal
normal
normal
normal
neptune
normal
normal
satan
neptune
teardrop
neptune
normal
normal
normal
neptune
normal
normal
normal
neptune
ipsweep
neptune
neptune
normal
normal
normal
smurf
neptune
neptune
normal
normal
nmap
normal
normal
neptune
normal
normal
normal
normal
smurf
neptune
portsweep
normal
normal
normal
normal
smurf
normal
neptune
neptune
neptune
neptune
neptune
neptune
smurf
normal
neptune
normal
normal
back
normal
neptune
normal
normal
normal
smurf
normal
smurf
normal
normal
neptune
neptune
neptune
normal
neptune
neptune
normal
normal
smurf
neptune
neptune
neptune
normal
neptune
normal
normal
neptune
normal
normal
normal
normal
neptune
normal
neptune
normal
normal
neptune
normal
normal
nmap
neptune
smurf
normal
back
neptune
normal
normal
portsweep
normal
neptune
normal
normal
neptune
normal
neptune
nmap
normal
ipsweep
normal
normal
neptune
normal
normal
portsweep
normal
portsweep
satan
normal
neptune
neptune
smurf
normal
normal
satan
normal
normal
neptune
neptune
normal
neptune
normal
neptune
neptune
normal
neptune
normal
normal
normal
neptune
neptune
satan
normal
normal
neptune
neptune
normal
normal
normal
normal
neptune
normal
normal
neptune
neptune
normal
neptune
normal
neptune
normal
normal
normal
neptune
normal
normal
normal
neptune
normal
normal
neptune
neptune
normal
normal
normal
neptune
neptune
normal
ipsweep
neptune
normal
neptune
normal
neptune
normal
normal
neptune
normal
smurf
teardrop
warezclient
neptune
neptune
normal
normal
neptune
normal
normal
normal
normal
neptune
warezclient
ipsweep
normal
normal
normal
neptune
portsweep
normal
normal
satan
portsweep
normal
neptune
neptune
normal
neptune
neptune
neptune
normal
normal
normal
normal
normal
normal
neptune
normal
smurf
normal
normal
neptune
normal
normal
normal
neptune
neptune
neptune
normal
normal
neptune
normal
normal
portsweep
neptune
teardrop
neptune
neptune
normal
neptune
neptune
normal
back
neptune
normal
normal
neptune
normal
normal
neptune
satan
normal
neptune
neptune
neptune
neptune
normal
neptune
normal
neptune
neptune
normal
pod
satan
normal
neptune
neptune
normal
normal
normal
neptune
neptune
neptune
normal
neptune
normal
normal
normal
normal
smurf
normal
ipsweep
normal
normal
neptune
normal
normal
normal
normal
normal
normal
normal
normal
pod
neptune
normal
neptune
neptune
normal
neptune
neptune
neptune
neptune
normal
normal
neptune
satan
teardrop
neptune
normal
back
normal
neptune
normal
normal
neptune
portsweep
neptune
ipsweep
neptune
normal
neptune
normal
neptune
normal
neptune
normal
normal
normal
portsweep
normal
normal
neptune
normal
neptune
normal
normal
neptune
ipsweep
neptune
neptune
normal
normal
neptune
normal
neptune
normal
neptune
normal
normal
neptune
ipsweep
neptune
normal
normal
normal
normal
neptune
nmap
normal
ipsweep
satan
normal
normal
neptune
normal
normal
smurf
neptune
neptune
neptune
normal
smurf
normal
satan
neptune
smurf
neptune
smurf
neptune
neptune
neptune
smurf
normal
neptune
normal
satan
neptune
smurf
neptune
normal
neptune
normal
normal
neptune
normal
smurf
normal
normal
normal
normal
normal
normal
normal
normal
normal
normal
neptune
normal
normal
teardrop
neptune
normal
neptune
neptune
satan
normal
normal
neptune
smurf
normal
normal
normal
normal
portsweep
neptune
normal
normal
normal
normal
normal
neptune
normal
neptune
normal
neptune
normal
portsweep
normal
normal
satan
portsweep
normal
neptune
normal
normal
neptune
normal
neptune
normal
normal
normal
normal
normal
normal
neptune
normal
normal
ipsweep
neptune
normal
neptune
neptune
normal
neptune
normal
normal
neptune
normal
normal
neptune
normal
ipsweep
normal
normal
normal
normal
normal
neptune
normal
neptune
satan
normal
normal
normal
normal
normal
neptune
normal
neptune
smurf
portsweep
normal
normal
normal
normal
normal
normal
normal
neptune
normal
neptune
normal
normal
normal
normal
neptune
normal
normal
back
neptune
normal
normal
normal
normal
neptune
neptune
normal
normal
neptune
normal
neptune
normal
portsweep
nmap
neptune
neptune
normal
neptune
neptune
neptune
normal
neptune
normal
neptune
normal
normal
normal
neptune
normal
normal
normal
neptune
normal
ipsweep
normal
neptune
normal
neptune
neptune
neptune
satan
neptune
back
normal
normal
neptune
normal
normal
normal
portsweep
normal
neptune
normal
neptune
normal
normal
neptune
neptune
normal
portsweep
neptune
neptune
normal
normal
normal
portsweep
normal
normal
normal
normal
normal
normal
neptune
normal
normal
normal
smurf
normal
normal
neptune
normal
normal
normal
teardrop
neptune
normal
neptune
neptune
smurf
normal
normal
neptune
normal
normal
normal
neptune
normal
normal
neptune
normal
normal
normal
normal
normal
normal
neptune
back
normal
smurf
nmap
neptune
normal
neptune
neptune
normal
normal
normal
normal
normal
neptune
ipsweep
neptune
portsweep
normal
normal
neptune
ipsweep
normal
back
neptune
neptune
normal
normal
neptune
normal
normal
normal
neptune
normal
neptune
neptune
neptune
neptune
normal
normal
normal
neptune
normal
portsweep
neptune
neptune
neptune
neptune
neptune
neptune
normal
normal
neptune
normal
neptune
neptune
portsweep
normal
ipsweep
normal
neptune
normal
normal
normal
neptune
neptune
normal
smurf
normal
neptune
neptune
normal
normal
normal
neptune
normal
neptune
satan
normal
normal
smurf
neptune
normal
neptune
normal
smurf
normal
normal
normal
normal
normal
normal
neptune
normal
teardrop
normal
normal
normal
normal
normal
normal
normal
normal
normal
normal
normal
normal
neptune
satan
normal
neptune
neptune
neptune
normal
portsweep
normal
neptune
normal
normal
normal
ipsweep
normal
normal
normal
neptune
teardrop
normal
satan
neptune
neptune
neptune
normal
normal
neptune
normal
normal
smurf
normal
satan
neptune
portsweep
neptune
neptune
neptune
normal
neptune
ipsweep
neptune
normal
normal
normal
neptune
nmap
ipsweep
normal
smurf
normal
neptune
normal
normal
neptune
neptune
normal
neptune
normal
neptune
neptune
normal
normal
normal
satan
normal
normal
normal
normal
satan
neptune
neptune
normal
normal
neptune
neptune
normal
satan
normal
normal
neptune
normal
back
normal
normal
normal
normal
normal
normal
normal
normal
normal
neptune
normal
satan
normal
ipsweep
normal
normal
normal
normal
neptune
normal
normal
normal
normal
normal
normal
normal
neptune
normal
normal
normal
neptune
neptune
normal
pod
nmap
normal
normal
normal
neptune
warezclient
normal
satan
smurf
normal
normal
normal
neptune
neptune
neptune
normal
smurf
normal
normal
warezclient
satan
neptune
normal
normal
normal
normal
normal
neptune
neptune
neptune
neptune
normal
normal
normal
neptune
normal
normal
neptune
ipsweep
neptune
normal
neptune
normal
normal
normal
neptune
ipsweep
satan
neptune
normal
normal
normal
normal
neptune
normal
normal
neptune
normal
normal
neptune
normal
ipsweep
smurf
normal
normal
normal
normal
neptune
normal
normal
normal
neptune
neptune
normal
neptune
normal
neptune
normal
normal
portsweep
neptune
neptune
normal
normal
neptune
normal
normal
neptune
normal
back
normal
neptune
neptune
neptune
normal
neptune
neptune
neptune
neptune
normal
normal
neptune
neptune
normal
neptune
neptune
neptune
neptune
normal
neptune
normal
neptune
normal
neptune
normal
normal
nmap
ipsweep
neptune
neptune
normal
satan
neptune
neptune
normal
neptune
normal
neptune
neptune
neptune
nmap
normal
neptune
normal
neptune
smurf
normal
normal
normal
neptune
normal
normal
neptune
neptune
neptune
normal
normal
normal
neptune
ipsweep
nmap
normal
neptune
nmap
normal
normal
normal
neptune
neptune
normal
neptune
satan
normal
normal
back
neptune
neptune
normal
neptune
normal
normal
normal
normal
normal
normal
neptune
normal
normal
neptune
normal
neptune
ipsweep
normal
neptune
neptune
normal
neptune
normal
normal
normal
normal
ipsweep
normal
neptune
ipsweep
satan
normal
smurf
neptune
normal
smurf
neptune
smurf
normal
normal
neptune
portsweep
normal
normal
neptune
normal
normal
normal
normal
normal
satan
normal
normal
normal
normal
neptune
neptune
normal
normal
normal
normal
normal
neptune
neptune
normal
normal
neptune
normal
neptune
back
normal
neptune
normal
normal
normal
neptune
normal
normal
ipsweep
neptune
normal
normal
normal
normal
neptune
normal
neptune
pod
normal
normal
neptune
normal
normal
neptune
normal
neptune
normal
normal
normal
normal
neptune
ipsweep
smurf
normal
normal
neptune
ipsweep
normal
portsweep
neptune
normal
normal
neptune
neptune
neptune
normal
normal
normal
normal
normal
normal
normal
normal
normal
smurf
neptune
normal
neptune
normal
neptune
neptune
neptune
normal
normal
neptune
normal
neptune
normal
normal
normal
normal
neptune
normal
portsweep
normal
neptune
normal
neptune
normal
neptune
neptune
normal
normal
neptune
neptune
neptune
normal
normal
neptune
normal
normal
neptune
smurf
normal
neptune
normal
portsweep
normal
normal
neptune
ipsweep
normal
normal
neptune
normal
normal
neptune
normal
normal
normal
neptune
neptune
normal
neptune
normal
smurf
neptune
normal
normal
portsweep
satan
neptune
neptune
neptune
neptune
neptune
neptune
ipsweep
normal
neptune
normal
normal
satan
neptune
normal
normal
normal
normal
neptune
nmap
neptune
normal
normal
neptune
neptune
normal
neptune
normal
normal
neptune
neptune
neptune
neptune
ipsweep
normal
normal
neptune
neptune
normal
normal
normal
neptune
neptune
normal
neptune
portsweep
neptune
normal
satan
ipsweep
neptune
nmap
normal
normal
normal
normal
normal
neptune
normal
neptune
portsweep
normal
neptune
neptune
neptune
normal
satan
neptune
normal
neptune
normal
neptune
normal
normal
smurf
normal
normal
normal
neptune
normal
normal
normal
normal
neptune
neptune
neptune
normal
nmap
normal
normal
normal
normal
normal
normal
normal
neptune
warezclient
normal
neptune
neptune
normal
normal
nmap
satan
normal
neptune
neptune
normal
normal
neptune
normal
neptune
neptune
normal
normal
normal
nmap
normal
neptune
normal
neptune
neptune
normal
normal
normal
neptune
normal
normal
normal
normal
normal
normal
normal
normal
neptune
neptune
neptune
normal
normal
normal
neptune
normal
neptune
normal
normal
normal
normal
neptune
normal
neptune
neptune
neptune
portsweep
normal
normal
satan
ipsweep
neptune
neptune
normal
neptune
portsweep
normal
buffer_overflow
neptune
neptune
neptune
neptune
normal
normal
neptune
normal
normal
smurf
normal
neptune
normal
smurf
normal
normal
normal
ipsweep
neptune
smurf
normal
normal
normal
normal
satan
normal
normal
portsweep
normal
normal
normal
normal
normal
normal
normal
normal
normal
normal
neptune
neptune
normal
normal
neptune
normal
normal
neptune
neptune
normal
satan
warezclient
normal
normal
normal
neptune
neptune
normal
normal
smurf
normal
ipsweep
normal
neptune
normal
smurf
normal
neptune
normal
neptune
normal
normal
neptune
neptune
normal
normal
back
neptune
normal
neptune
neptune
neptune
normal
normal
neptune
neptune
smurf
neptune
smurf
normal
satan
normal
neptune
normal
normal
neptune
normal
normal
neptune
normal
neptune
normal
neptune
neptune
portsweep
normal
normal
neptune
normal
normal
normal
normal
neptune
back
neptune
neptune
neptune
neptune
normal
neptune
neptune
back
normal
normal
neptune
neptune
normal
neptune
normal
neptune
normal
normal
normal
neptune
normal
normal
normal
neptune
neptune
neptune
satan
neptune
neptune
neptune
neptune
normal
neptune
neptune
normal
normal
neptune
neptune
normal
normal
normal
normal
neptune
satan
neptune
neptune
normal
neptune
neptune
normal
ipsweep
neptune
normal
neptune
normal
normal
normal
smurf
ipsweep
normal
portsweep
neptune
nmap
normal
portsweep
normal
neptune
normal
neptune
normal
nmap
normal
neptune
portsweep
neptune
normal
portsweep
normal
normal
neptune
normal
satan
normal
normal
ipsweep
neptune
normal
ipsweep
normal
normal
normal
portsweep
normal
normal
neptune
neptune
normal
neptune
neptune
neptune
neptune
neptune
normal
nmap
normal
portsweep
normal
neptune
neptune
smurf
normal
normal
neptune
neptune
neptune
normal
portsweep
ipsweep
normal
normal
normal
neptune
neptune
normal
neptune
normal
smurf
normal
neptune
normal
neptune
neptune
normal
neptune
smurf
neptune
normal
normal
normal
neptune
smurf
normal
neptune
normal
normal
normal
normal
normal
back
normal
normal
neptune
neptune
satan
smurf
neptune
warezclient
normal
neptune
portsweep
neptune
normal
normal
normal
neptune
satan
neptune
normal
normal
normal
normal
normal
neptune
normal
normal
normal
neptune
normal
neptune
neptune
normal
neptune
portsweep
neptune
normal
normal
neptune
neptune
neptune
neptune
neptune
neptune
normal
normal
normal
normal
neptune
normal
normal
neptune
normal
ipsweep
neptune
normal
normal
neptune
neptune
normal
normal
normal
normal
normal
neptune
normal
neptune
portsweep
normal
normal
normal
normal
normal
normal
neptune
normal
neptune
neptune
smurf
normal
normal
normal
neptune
normal
neptune
neptune
normal
ipsweep
normal
normal
normal
normal
neptune
normal
normal
normal
neptune
normal
neptune
neptune
normal
neptune
normal
normal
warezclient
normal
portsweep
satan
neptune
normal
normal
normal
normal
normal
normal
neptune
normal
normal
neptune
neptune
neptune
neptune
normal
neptune
normal
neptune
teardrop
neptune
normal
normal
normal
neptune
normal
portsweep
normal
normal
neptune
normal
ipsweep
normal
neptune
neptune
ipsweep
normal
satan
portsweep
normal
normal
normal
neptune
nmap
normal
satan
normal
normal
normal
normal
normal
normal
normal
normal
neptune
normal
normal
neptune
normal
normal
neptune
neptune
neptune
neptune
normal
normal
neptune
normal
normal
neptune
portsweep
neptune
neptune
normal
neptune
neptune
normal
normal
neptune
normal
normal
normal
normal
normal
normal
normal
normal
normal
normal
neptune
normal
normal
normal
normal
normal
normal
neptune
normal
normal
teardrop
normal
normal
normal
normal
neptune
normal
neptune
neptune
normal
normal
normal
normal
neptune
normal
normal
neptune
neptune
neptune
normal
normal
normal
normal
normal
normal
neptune
normal
neptune
normal
neptune
normal
neptune
neptune
normal
normal
neptune
nmap
back
normal
normal
normal
normal
normal
normal
normal
normal
normal
normal
normal
normal
neptune
neptune
normal
normal
normal
normal
normal
satan
normal
neptune
normal
normal
neptune
teardrop
normal
normal
normal
normal
neptune
normal
normal
neptune
neptune
neptune
neptune
normal
neptune
normal
normal
warezclient
ipsweep
pod
neptune
normal
portsweep
normal
smurf
normal
normal
neptune
normal
neptune
normal
normal
normal
normal
normal
neptune
ipsweep
smurf
normal
normal
normal
neptune
normal
ipsweep
neptune
pod
normal
normal
normal
normal
neptune
neptune
normal
neptune
normal
normal
neptune
neptune
neptune
neptune
neptune
normal
normal
normal
neptune
normal
normal
neptune
normal
normal
neptune
normal
normal
normal
neptune
normal
neptune
neptune
portsweep
normal
ipsweep
normal
neptune
neptune
neptune
normal
normal
neptune
normal
normal
neptune
neptune
normal
neptune
normal
neptune
normal
normal
normal
normal
normal
normal
normal
normal
neptune
normal
neptune
neptune
neptune
neptune
neptune
normal
back
portsweep
neptune
normal
portsweep
neptune
normal
normal
normal
normal
neptune
normal
neptune
neptune
normal
neptune
portsweep
normal
normal
normal
normal
normal
neptune
normal
neptune
normal
back
normal
neptune
normal
normal
normal
normal
neptune
portsweep
neptune
normal
neptune
normal
normal
neptune
neptune
neptune
neptune
normal
normal
neptune
normal
neptune
normal
neptune
normal
ipsweep
portsweep
normal
normal
ipsweep
neptune
normal
normal
normal
normal
normal
normal
neptune
satan
normal
normal
normal
normal
neptune
normal
portsweep
ipsweep
ipsweep
normal
neptune
normal
neptune
normal
neptune
normal
normal
normal
normal
neptune
normal
neptune
normal
neptune
normal
neptune
normal
ipsweep
portsweep
normal
neptune
normal
portsweep
normal
normal
neptune
normal
ipsweep
normal
normal
normal
neptune
portsweep
neptune
satan
normal
normal
normal
normal
normal
normal
neptune
normal
normal
neptune
normal
normal
satan
neptune
neptune
neptune
neptune
neptune
normal
normal
normal
normal
neptune
normal
neptune
satan
neptune
nmap
smurf
normal
normal
normal
neptune
normal
normal
neptune
normal
normal
normal
normal
normal
neptune
normal
satan
neptune
nmap
neptune
normal
satan
normal
normal
normal
normal
neptune
neptune
normal
normal
normal
normal
normal
normal
normal
normal
normal
neptune
normal
neptune
normal
normal
satan
neptune
smurf
normal
normal
normal
normal
neptune
neptune
neptune
normal
normal
normal
normal
warezclient
neptune
neptune
normal
nmap
satan
normal
nmap
normal
normal
satan
normal
neptune
normal
normal
teardrop
normal
neptune
normal
neptune
normal
normal
normal
neptune
ipsweep
normal
neptune
neptune
normal
normal
normal
neptune
normal
smurf
normal
normal
neptune
portsweep
normal
normal
normal
normal
normal
normal
normal
neptune
nmap
neptune
neptune
normal
normal
normal
neptune
normal
neptune
neptune
normal
normal
nmap
neptune
normal
ipsweep
neptune
teardrop
normal
neptune
neptune
neptune
back
normal
normal
neptune
normal
normal
neptune
normal
normal
normal
neptune
normal
normal
neptune
teardrop
neptune
satan
normal
neptune
normal
normal
normal
normal
neptune
normal
normal
normal
normal
normal
neptune
normal
neptune
normal
neptune
neptune
normal
normal
normal
neptune
normal
normal
normal
teardrop
normal
satan
normal
neptune
normal
neptune
normal
smurf
neptune
normal
normal
normal
ipsweep
normal
neptune
normal
normal
normal
normal
normal
normal
normal
normal
neptune
ipsweep
neptune
satan
normal
satan
neptune
normal
neptune
neptune
normal
ipsweep
normal
normal
neptune
normal
normal
normal
normal
normal
normal
normal
neptune
normal
normal
neptune
neptune
normal
neptune
neptune
normal
normal
normal
normal
normal
neptune
normal
normal
neptune
neptune
neptune
normal
neptune
normal
neptune
neptune
neptune
neptune
normal
normal
smurf
normal
normal
neptune
normal
normal
normal
normal
normal
normal
neptune
normal
normal
normal
neptune
neptune
normal
neptune
neptune
warezclient
neptune
normal
neptune
normal
satan
neptune
normal
neptune
normal
normal
neptune
smurf
normal
normal
normal
nmap
neptune
normal
normal
normal
normal
normal
normal
neptune
neptune
normal
neptune
normal
neptune
ipsweep
normal
normal
satan
normal
ipsweep
neptune
smurf
normal
normal
portsweep
normal
neptune
normal
normal
neptune
normal
neptune
ipsweep
normal
normal
normal
normal
normal
neptune
normal
normal
normal
normal
normal
normal
neptune
neptune
normal
normal
neptune
normal
normal
neptune
normal
ipsweep
normal
neptune
normal
normal
normal
normal
teardrop
normal
normal
neptune
portsweep
normal
smurf
normal
normal
normal
normal
normal
normal
normal
normal
normal
neptune
normal
normal
normal
normal
normal
neptune
normal
normal
neptune
normal
neptune
normal
neptune
normal
neptune
normal
neptune
neptune
normal
normal
neptune
normal
neptune
ipsweep
normal
neptune
normal
neptune
normal
normal
neptune
normal
normal
normal
neptune
normal
normal
satan
normal
normal
normal
neptune
normal
neptune
normal
neptune
normal
normal
normal
neptune
neptune
neptune
normal
neptune
neptune
normal
nmap
normal
neptune
normal
neptune
normal
neptune
normal
normal
normal
ipsweep
neptune
neptune
normal
normal
normal
neptune
normal
normal
normal
normal
normal
neptune
normal
neptune
neptune
neptune
portsweep
neptune
neptune
normal
normal
nmap
neptune
normal
neptune
normal
normal
neptune
neptune
neptune
back
neptune
normal
normal
normal
normal
neptune
warezclient
warezclient
portsweep
normal
normal
normal
normal
neptune
portsweep
satan
neptune
normal
normal
neptune
normal
normal
neptune
neptune
normal
satan
normal
normal
normal
normal
normal
portsweep
normal
neptune
neptune
normal
neptune
neptune
satan
normal
normal
normal
ipsweep
normal
normal
smurf
neptune
normal
normal
neptune
portsweep
neptune
neptune
normal
normal
neptune
neptune
normal
normal
normal
ipsweep
neptune
normal
normal
neptune
normal
neptune
normal
normal
smurf
normal
neptune
neptune
neptune
neptune
normal
normal
normal
normal
neptune
normal
neptune
normal
portsweep
neptune
normal
normal
neptune
back
neptune
normal
neptune
normal
neptune
normal
neptune
neptune
normal
normal
ipsweep
neptune
neptune
normal
normal
normal
normal
normal
smurf
neptune
normal
teardrop
neptune
normal
neptune
neptune
normal
normal
neptune
ipsweep
neptune
imap
nmap
normal
neptune
normal
nmap
normal
normal
neptune
normal
neptune
neptune
neptune
normal
normal
neptune
normal
neptune
normal
normal
normal
normal
neptune
normal
warezclient
normal
neptune
normal
normal
normal
normal
normal
normal
normal
neptune
ipsweep
smurf
normal
neptune
ipsweep
normal
normal
normal
normal
satan
normal
portsweep
normal
neptune
neptune
portsweep
normal
neptune
normal
neptune
normal
normal
neptune
neptune
normal
normal
normal
normal
normal
neptune
normal
normal
normal
normal
normal
normal
normal
normal
normal
neptune
neptune
normal
normal
neptune
normal
normal
neptune
smurf
normal
neptune
neptune
normal
normal
normal
normal
neptune
normal
neptune
normal
normal
normal
neptune
normal
neptune
portsweep
neptune
normal
normal
warezclient
neptune
normal
normal
normal
neptune
normal
normal
neptune
neptune
neptune
normal
normal
neptune
normal
normal
normal
normal
normal
normal
normal
neptune
neptune
normal
neptune
normal
neptune
normal
normal
neptune
smurf
normal
neptune
neptune
normal
normal
neptune
neptune
neptune
neptune
neptune
neptune
normal
normal
normal
normal
neptune
normal
neptune
normal
normal
back
ipsweep
normal
neptune
neptune
neptune
normal
neptune
normal
normal
normal
satan
normal
normal
normal
neptune
normal
neptune
normal
neptune
neptune
neptune
normal
normal
normal
back
back
nmap
normal
neptune
neptune
normal
normal
neptune
normal
neptune
normal
neptune
normal
neptune
neptune
normal
neptune
normal
satan
neptune
normal
normal
satan
warezclient
neptune
normal
neptune
satan
normal
normal
neptune
smurf
normal
normal
normal
smurf
normal
nmap
normal
normal
normal
neptune
normal
neptune
normal
satan
neptune
portsweep
normal
normal
neptune
neptune
normal
nmap
normal
normal
neptune
normal
neptune
normal
normal
normal
normal
normal
normal
normal
neptune
normal
normal
normal
neptune
normal
warezclient
normal
neptune
normal
neptune
normal
neptune
normal
neptune
normal
neptune
neptune
normal
normal
normal
normal
normal
normal
normal
normal
neptune
normal
normal
normal
normal
normal
normal
normal
normal
normal
neptune
normal
neptune
neptune
normal
normal
normal
smurf
normal
normal
normal
normal
normal
neptune
normal
normal
normal
neptune
neptune
normal
normal
satan
normal
normal
neptune
portsweep
normal
normal
normal
normal
neptune
neptune
neptune
normal
ipsweep
normal
teardrop
normal
normal
neptune
warezclient
neptune
ipsweep
back
nmap
normal
normal
neptune
neptune
normal
neptune
normal
normal
neptune
ipsweep
neptune
normal
normal
ipsweep
normal
normal
normal
neptune
satan
normal
normal
ipsweep
neptune
normal
ipsweep
normal
normal
portsweep
normal
neptune
normal
neptune
normal
normal
normal
normal
neptune
neptune
neptune
normal
neptune
neptune
normal
neptune
neptune
normal
neptune
normal
nmap
neptune
neptune
portsweep
back
normal
normal
neptune
back
normal
neptune
normal
normal
normal
neptune
neptune
normal
normal
nmap
normal
neptune
normal
normal
normal
neptune
neptune
normal
normal
neptune
normal
smurf
normal
neptune
nmap
normal
teardrop
normal
normal
neptune
neptune
normal
normal
neptune
normal
normal
normal
normal
normal
neptune
normal
smurf
normal
neptune
normal
normal
smurf
neptune
neptune
normal
smurf
normal
normal
neptune
neptune
normal
normal
neptune
neptune
teardrop
normal
neptune
ipsweep
neptune
neptune
normal
normal
normal
normal
back
normal
neptune
neptune
neptune
normal
back
ipsweep
normal
normal
normal
neptune
normal
neptune
neptune
normal
neptune
neptune
normal
normal
normal
normal
normal
satan
normal
neptune
neptune
normal
neptune
neptune
neptune
normal
neptune
satan
normal
normal
normal
normal
normal
normal
normal
neptune
neptune
normal
neptune
normal
normal
normal
neptune
normal
normal
normal
neptune
normal
normal
neptune
normal
normal
neptune
normal
normal
neptune
normal
neptune
normal
normal
normal
normal
ipsweep
normal
neptune
normal
normal
neptune
normal
normal
normal
normal
normal
normal
neptune
normal
neptune
neptune
neptune
normal
neptune
neptune
normal
normal
neptune
portsweep
normal
neptune
neptune
back
warezclient
neptune
neptune
normal
normal
neptune
neptune
normal
normal
normal
normal
normal
neptune
ipsweep
normal
ipsweep
back
neptune
neptune
normal
neptune
normal
neptune
normal
normal
teardrop
back
neptune
neptune
nmap
normal
normal
neptune
nmap
normal
neptune
normal
normal
neptune
normal
neptune
neptune
normal
normal
neptune
normal
normal
normal
normal
warezclient
portsweep
ipsweep
normal
normal
normal
neptune
satan
normal
satan
normal
neptune
satan
normal
normal
normal
normal
neptune
normal
ipsweep
normal
neptune
normal
normal
normal
nmap
buffer_overflow
normal
normal
satan
normal
normal
normal
neptune
neptune
normal
normal
neptune
normal
neptune
normal
normal
normal
normal
neptune
normal
neptune
satan
normal
normal
normal
normal
satan
neptune
neptune
normal
normal
normal
satan
satan
normal
normal
normal
normal
normal
neptune
normal
normal
normal
back
neptune
ipsweep
normal
normal
normal
ipsweep
normal
normal
normal
neptune
normal
neptune
normal
neptune
normal
normal
normal
neptune
normal
normal
normal
neptune
normal
neptune
neptune
normal
normal
neptune
normal
normal
normal
normal
normal
normal
normal
normal
neptune
normal
normal
normal
neptune
normal
normal
neptune
normal
normal
neptune
normal
neptune
smurf
normal
normal
normal
normal
neptune
ipsweep
neptune
normal
normal
normal
back
normal
normal
neptune
normal
normal
normal
normal
normal
neptune
neptune
normal
normal
neptune
neptune
neptune
normal
normal
normal
neptune
normal
neptune
neptune
normal
normal
normal
neptune
neptune
normal
normal
normal
normal
neptune
neptune
satan
neptune
smurf
normal
normal
neptune
normal
satan
normal
normal
neptune
normal
normal
neptune
neptune
normal
neptune
neptune
normal
normal
normal
normal
normal
normal
neptune
normal
warezclient
normal
normal
neptune
neptune
neptune
normal
neptune
normal
back
normal
normal
normal
neptune
normal
neptune
pod
normal
normal
neptune
normal
normal
normal
normal
normal
neptune
normal
normal
neptune
normal
neptune
neptune
normal
neptune
smurf
normal
normal
normal
normal
normal
neptune
normal
normal
ipsweep
neptune
normal
neptune
satan
normal
normal
normal
satan
normal
normal
normal
normal
normal
normal
neptune
normal
normal
normal
neptune
smurf
satan
normal
neptune
neptune
normal
normal
normal
neptune
normal
normal
neptune
smurf
nmap
portsweep
normal
nmap
neptune
normal
normal
normal
neptune
neptune
normal
normal
neptune
neptune
normal
normal
normal
neptune
normal
normal
normal
normal
ipsweep
ipsweep
normal
neptune
normal
neptune
satan
neptune
normal
normal
normal
satan
neptune
normal
neptune
normal
normal
normal
neptune
neptune
portsweep
normal
neptune
normal
neptune
normal
neptune
warezclient
normal
normal
normal
neptune
neptune
normal
ipsweep
back
neptune
normal
neptune
ipsweep
neptune
neptune
neptune
normal
satan
neptune
normal
normal
normal
normal
neptune
smurf
neptune
normal
normal
normal
nmap
normal
neptune
neptune
neptune
neptune
neptune
normal
pod
neptune
normal
normal
normal
normal
neptune
neptune
neptune
normal
normal
normal
normal
teardrop
neptune
smurf
normal
normal
neptune
normal
normal
neptune
neptune
normal
neptune
normal
neptune
neptune
neptune
normal
ipsweep
normal
normal
normal
normal
normal
normal
neptune
normal
normal
normal
normal
smurf
normal
normal
neptune
neptune
normal
neptune
normal
normal
normal
neptune
neptune
portsweep
neptune
normal
normal
normal
ipsweep
ipsweep
normal
normal
normal
normal
ipsweep
neptune
normal
neptune
neptune
normal
neptune
neptune
neptune
normal
normal
normal
normal
neptune
neptune
neptune
normal
neptune
neptune
neptune
normal
normal
normal
normal
neptune
normal
normal
satan
neptune
satan
normal
neptune
normal
neptune
normal
satan
normal
normal
neptune
neptune
neptune
neptune
normal
normal
neptune
normal
neptune
normal
neptune
normal
neptune
normal
normal
neptune
neptune
normal
neptune
neptune
normal
neptune
normal
normal
satan
normal
normal
portsweep
neptune
satan
normal
normal
normal
neptune
normal
neptune
neptune
normal
guess_passwd
normal
normal
normal
neptune
neptune
normal
normal
normal
neptune
normal
pod
normal
normal
normal
neptune
ipsweep
neptune
normal
normal
satan
neptune
back
normal
normal
ipsweep
normal
normal
portsweep
neptune
neptune
normal
neptune
normal
normal
normal
normal
smurf
normal
neptune
warezclient
normal
normal
normal
neptune
normal
normal
neptune
portsweep
normal
smurf
normal
normal
normal
normal
neptune
normal
smurf
normal
neptune
ipsweep
normal
normal
normal
normal
smurf
normal
neptune
neptune
ipsweep
normal
normal
normal
normal
neptune
neptune
neptune
neptune
normal
normal
satan
neptune
normal
normal
normal
smurf
neptune
normal
normal
portsweep
neptune
normal
neptune
neptune
normal
normal
neptune
normal
neptune
neptune
neptune
normal
neptune
neptune
normal
normal
normal
normal
normal
neptune
normal
ipsweep
normal
normal
neptune
normal
neptune
normal
portsweep
neptune
warezclient
normal
normal
neptune
normal
neptune
neptune
neptune
neptune
neptune
normal
normal
neptune
neptune
normal
neptune
normal
neptune
normal
neptune
neptune
neptune
neptune
portsweep
normal
neptune
portsweep
nmap
normal
normal
neptune
normal
normal
neptune
normal
normal
normal
satan
normal
normal
neptune
normal
normal
normal
normal
neptune
normal
normal
neptune
neptune
normal
neptune
smurf
normal
neptune
neptune
neptune
normal
nmap
normal
normal
normal
normal
normal
neptune
normal
normal
normal
neptune
normal
normal
neptune
normal
neptune
normal
portsweep
neptune
neptune
normal
neptune
neptune
neptune
normal
normal
normal
normal
normal
normal
portsweep
neptune
normal
normal
ipsweep
normal
pod
normal
normal
ipsweep
normal
normal
normal
neptune
normal
neptune
normal
normal
neptune
neptune
normal
neptune
neptune
normal
back
normal
normal
neptune
normal
normal
normal
normal
normal
normal
neptune
normal
normal
normal
neptune
normal
normal
normal
normal
normal
neptune
normal
neptune
normal
portsweep
normal
normal
normal
normal
smurf
normal
normal
normal
neptune
normal
smurf
neptune
normal
normal
normal
normal
normal
normal
portsweep
neptune
neptune
neptune
neptune
normal
normal
normal
normal
normal
normal
neptune
smurf
neptune
smurf
normal
neptune
neptune
normal
normal
ipsweep
ipsweep
normal
normal
neptune
normal
normal
normal
neptune
normal
neptune
normal
normal
neptune
neptune
normal
normal
normal
normal
normal
neptune
normal
normal
normal
normal
normal
neptune
smurf
normal
neptune
neptune
normal
normal
normal
normal
normal
neptune
neptune
normal
normal
satan
normal
neptune
normal
normal
portsweep
normal
normal
portsweep
normal
smurf
neptune
satan
normal
neptune
neptune
satan
neptune
normal
normal
smurf
normal
neptune
neptune
neptune
neptune
satan
neptune
normal
normal
normal
neptune
neptune
normal
normal
normal
normal
normal
neptune
normal
smurf
portsweep
portsweep
neptune
neptune
normal
normal
normal
neptune
normal
normal
normal
normal
normal
normal
normal
normal
normal
normal
normal
satan
normal
neptune
normal
normal
normal
neptune
normal
normal
normal
neptune
normal
normal
normal
normal
satan
neptune
normal
normal
normal
neptune
ipsweep
normal
neptune
neptune
neptune
neptune
normal
normal
neptune
normal
neptune
normal
normal
neptune
neptune
normal
neptune
neptune
normal
normal
normal
neptune
normal
neptune
normal
nmap
normal
neptune
normal
normal
normal
neptune
normal
normal
satan
normal
normal
normal
normal
normal
normal
normal
back
neptune
neptune
neptune
normal
normal
neptune
neptune
normal
normal
normal
normal
normal
neptune
normal
normal
neptune
neptune
normal
satan
normal
normal
normal
normal
normal
neptune
normal
smurf
neptune
teardrop
normal
normal
ipsweep
neptune
neptune
neptune
normal
normal
neptune
neptune
normal
neptune
normal
normal
normal
normal
neptune
normal
normal
normal
neptune
warezclient
neptune
normal
normal
neptune
neptune
normal
normal
normal
neptune
normal
neptune
neptune
normal
normal
neptune
normal
neptune
neptune
normal
normal
normal
nmap
normal
normal
normal
normal
normal
normal
normal
neptune
neptune
normal
normal
normal
normal
normal
normal
normal
neptune
normal
nmap
neptune
portsweep
normal
normal
normal
neptune
normal
neptune
neptune
normal
normal
normal
neptune
neptune
normal
ipsweep
neptune
normal
neptune
normal
neptune
normal
neptune
neptune
normal
normal
neptune
neptune
normal
normal
neptune
land
neptune
normal
normal
satan
neptune
neptune
normal
neptune
normal
smurf
neptune
normal
normal
normal
normal
normal
neptune
ipsweep
nmap
neptune
normal
normal
neptune
normal
normal
neptune
neptune
normal
normal
neptune
normal
neptune
normal
neptune
normal
normal
normal
neptune
normal
normal
normal
normal
neptune
neptune
teardrop
normal
normal
neptune
normal
neptune
neptune
ipsweep
neptune
normal
neptune
normal
normal
neptune
normal
portsweep
neptune
normal
neptune
neptune
normal
smurf
normal
normal
normal
normal
normal
neptune
satan
normal
normal
neptune
normal
neptune
normal
neptune
satan
normal
neptune
normal
normal
normal
neptune
neptune
neptune
neptune
normal
normal
normal
normal
normal
normal
neptune
back
normal
normal
normal
neptune
normal
nmap
normal
neptune
normal
normal
normal
normal
normal
normal
portsweep
neptune
normal
normal
normal
normal
normal
normal
normal
normal
normal
normal
normal
neptune
normal
normal
neptune
normal
satan
neptune
normal
normal
normal
neptune
normal
normal
normal
neptune
ipsweep
neptune
neptune
neptune
normal
neptune
neptune
normal
neptune
neptune
neptune
normal
neptune
neptune
normal
normal
normal
normal
neptune
normal
normal
normal
normal
normal
normal
normal
neptune
portsweep
neptune
normal
neptune
normal
normal
normal
normal
normal
normal
neptune
normal
neptune
neptune
satan
normal
normal
normal
normal
neptune
normal
satan
neptune
smurf
normal
normal
neptune
ipsweep
ipsweep
normal
neptune
neptune
normal
normal
neptune
normal
normal
normal
normal
warezclient
normal
portsweep
normal
teardrop
neptune
normal
ipsweep
neptune
ipsweep
neptune
ipsweep
normal
normal
neptune
satan
nmap
normal
normal
neptune
satan
portsweep
neptune
normal
back
normal
neptune
normal
neptune
normal
neptune
back
neptune
normal
neptune
normal
normal
neptune
neptune
neptune
normal
neptune
neptune
normal
normal
neptune
normal
ipsweep
neptune
normal
normal
normal
neptune
normal
ipsweep
normal
neptune
normal
neptune
normal
neptune
normal
warezclient
neptune
neptune
ipsweep
neptune
normal
neptune
neptune
normal
portsweep
normal
normal
normal
neptune
normal
neptune
normal
neptune
normal
normal
neptune
normal
normal
neptune
normal
normal
smurf
normal
neptune
neptune
portsweep
normal
neptune
normal
normal
normal
neptune
normal
neptune
normal
normal
normal
neptune
normal
normal
neptune
neptune
normal
neptune
satan
portsweep
normal
normal
satan
neptune
neptune
neptune
normal
normal
neptune
neptune
smurf
ipsweep
normal
normal
satan
normal
normal
normal
neptune
neptune
normal
normal
neptune
smurf
normal
neptune
normal
normal
satan
neptune
neptune
normal
normal
neptune
neptune
neptune
normal
normal
normal
neptune
normal
normal
normal
neptune
normal
normal
normal
neptune
neptune
normal
neptune
neptune
neptune
neptune
neptune
neptune
normal
normal
normal
normal
neptune
normal
neptune
normal
neptune
normal
ipsweep
satan
neptune
smurf
satan
normal
neptune
normal
normal
neptune
nmap
neptune
normal
normal
smurf
normal
ipsweep
normal
nmap
normal
nmap
neptune
normal
normal
neptune
normal
ipsweep
neptune
normal
normal
ipsweep
normal
normal
portsweep
neptune
normal
neptune
normal
normal
normal
normal
normal
normal
neptune
normal
normal
normal
nmap
normal
normal
normal
normal
normal
neptune
neptune
ipsweep
normal
teardrop
smurf
normal
neptune
neptune
normal
normal
neptune
normal
smurf
normal
normal
neptune
nmap
normal
nmap
neptune
neptune
normal
normal
neptune
normal
neptune
normal
normal
normal
neptune
neptune
normal
normal
ipsweep
normal
normal
neptune
normal
normal
portsweep
normal
neptune
neptune
ipsweep
neptune
neptune
neptune
normal
neptune
normal
neptune
normal
neptune
neptune
normal
satan
normal
smurf
normal
normal
neptune
neptune
normal
neptune
neptune
normal
normal
warezclient
normal
normal
normal
normal
neptune
normal
neptune
nmap
neptune
neptune
neptune
normal
normal
normal
normal
normal
normal
normal
portsweep
neptune
normal
neptune
normal
normal
neptune
back
teardrop
normal
neptune
neptune
neptune
normal
normal
neptune
normal
ipsweep
neptune
normal
satan
normal
nmap
normal
normal
normal
ipsweep
normal
normal
neptune
normal
neptune
neptune
neptune
neptune
normal
normal
neptune
normal
neptune
normal
normal
neptune
normal
normal
neptune
normal
normal
satan
neptune
neptune
normal
ipsweep
nmap
neptune
neptune
normal
neptune
normal
neptune
ipsweep
neptune
neptune
normal
normal
normal
normal
neptune
normal
normal
normal
normal
normal
normal
normal
normal
neptune
neptune
normal
neptune
normal
portsweep
normal
normal
normal
ipsweep
normal
normal
neptune
neptune
normal
normal
normal
normal
neptune
normal
normal
teardrop
normal
normal
normal
neptune
neptune
neptune
neptune
neptune
ipsweep
normal
normal
portsweep
normal
normal
back
normal
portsweep
normal
normal
neptune
neptune
neptune
normal
normal
normal
normal
neptune
neptune
neptune
satan
neptune
nmap
normal
neptune
normal
neptune
normal
normal
normal
neptune
normal
normal
normal
normal
normal
neptune
neptune
normal
normal
normal
smurf
normal
neptune
ipsweep
neptune
neptune
neptune
neptune
normal
neptune
neptune
normal
normal
normal
normal
normal
normal
normal
neptune
normal
neptune
normal
neptune
neptune
neptune
normal
normal
ipsweep
normal
normal
satan
normal
normal
normal
normal
satan
neptune
portsweep
portsweep
neptune
normal
normal
normal
neptune
normal
neptune
neptune
neptune
back
ipsweep
normal
normal
normal
normal
normal
neptune
normal
neptune
normal
neptune
normal
normal
neptune
neptune
neptune
normal
neptune
satan
pod
neptune
neptune
ipsweep
normal
normal
normal
normal
neptune
neptune
normal
portsweep
normal
normal
neptune
normal
smurf
neptune
normal
neptune
normal
normal
normal
ipsweep
neptune
neptune
nmap
normal
neptune
normal
neptune
normal
neptune
neptune
normal
normal
neptune
ipsweep
smurf
neptune
normal
normal
neptune
neptune
normal
normal
portsweep
normal
normal
normal
normal
neptune
neptune
portsweep
normal
normal
normal
neptune
normal
normal
neptune
neptune
neptune
satan
neptune
normal
normal
normal
normal
normal
neptune
normal
normal
ipsweep
portsweep
normal
neptune
normal
neptune
normal
neptune
neptune
smurf
normal
normal
normal
ipsweep
normal
neptune
neptune
normal
normal
normal
normal
normal
normal
normal
normal
neptune
normal
portsweep
neptune
neptune
neptune
normal
neptune
neptune
normal
normal
neptune
normal
normal
normal
nmap
normal
neptune
normal
neptune
normal
normal
normal
normal
normal
neptune
neptune
normal
neptune
normal
normal
neptune
normal
normal
neptune
normal
normal
smurf
neptune
neptune
normal
normal
normal
normal
neptune
normal
neptune
normal
neptune
neptune
normal
normal
normal
smurf
normal
normal
normal
satan
normal
normal
ipsweep
smurf
normal
normal
normal
normal
normal
ipsweep
normal
normal
neptune
normal
teardrop
normal
neptune
normal
normal
neptune
neptune
neptune
normal
neptune
neptune
neptune
normal
normal
normal
neptune
neptune
normal
neptune
normal
normal
neptune
normal
neptune
normal
normal
normal
normal
normal
normal
normal
normal
neptune
neptune
neptune
normal
neptune
neptune
normal
satan
neptune
nmap
neptune
normal
normal
normal
neptune
satan
normal
normal
normal
neptune
ipsweep
neptune
neptune
normal
normal
nmap
neptune
ipsweep
portsweep
neptune
normal
normal
normal
normal
normal
normal
normal
portsweep
normal
normal
neptune
normal
normal
normal
normal
normal
normal
normal
normal
neptune
normal
normal
normal
neptune
normal
neptune
normal
neptune
normal
neptune
neptune
normal
normal
neptune
normal
portsweep
normal
normal
warezclient
normal
normal
normal
smurf
normal
normal
normal
neptune
normal
normal
normal
neptune
normal
normal
normal
normal
neptune
neptune
normal
normal
neptune
normal
neptune
normal
normal
neptune
neptune
neptune
normal
normal
normal
normal
neptune
neptune
normal
normal
normal
neptune
neptune
neptune
normal
neptune
neptune
neptune
normal
portsweep
normal
smurf
imap
normal
neptune
neptune
normal
neptune
ipsweep
neptune
normal
neptune
normal
normal
normal
neptune
warezclient
neptune
normal
normal
nmap
normal
normal
normal
normal
normal
neptune
normal
normal
normal
normal
normal
neptune
normal
normal
normal
neptune
neptune
normal
teardrop
neptune
normal
neptune
normal
normal
normal
normal
neptune
normal
neptune
normal
ipsweep
normal
normal
normal
portsweep
neptune
neptune
neptune
normal
normal
normal
neptune
satan
satan
neptune
normal
normal
neptune
normal
neptune
normal
neptune
normal
normal
normal
normal
normal
normal
normal
normal
neptune
normal
neptune
normal
neptune
normal
smurf
neptune
normal
normal
neptune
normal
neptune
normal
normal
smurf
normal
neptune
teardrop
normal
neptune
normal
normal
normal
neptune
normal
neptune
normal
normal
normal
neptune
normal
normal
back
neptune
normal
neptune
normal
neptune
normal
neptune
normal
neptune
normal
normal
normal
neptune
normal
satan
normal
normal
normal
satan
normal
normal
normal
normal
normal
normal
normal
normal
normal
normal
normal
neptune
normal
smurf
portsweep
normal
nmap
normal
neptune
neptune
smurf
back
normal
normal
neptune
normal
normal
portsweep
normal
normal
neptune
normal
normal
normal
normal
normal
neptune
neptune
normal
neptune
normal
neptune
neptune
normal
neptune
normal
neptune
neptune
normal
normal
neptune
normal
satan
normal
neptune
smurf
back
neptune
neptune
normal
neptune
neptune
normal
normal
neptune
ipsweep
neptune
neptune
neptune
normal
neptune
neptune
neptune
neptune
normal
normal
neptune
smurf
smurf
satan
normal
neptune
smurf
ipsweep
portsweep
normal
normal
neptune
portsweep
neptune
neptune
normal
normal
normal
neptune
normal
normal
portsweep
normal
normal
normal
normal
neptune
normal
satan
normal
neptune
neptune
ipsweep
normal
normal
normal
normal
neptune
neptune
satan
normal
normal
ipsweep
teardrop
satan
normal
neptune
normal
normal
normal
normal
smurf
normal
normal
neptune
normal
normal
portsweep
neptune
normal
neptune
neptune
neptune
normal
normal
neptune
neptune
neptune
neptune
neptune
normal
neptune
normal
normal
normal
normal
neptune
ipsweep
ipsweep
neptune
portsweep
normal
neptune
satan
normal
neptune
neptune
normal
neptune
neptune
neptune
normal
neptune
normal
normal
portsweep
neptune
neptune
ipsweep
guess_passwd
neptune
neptune
ipsweep
normal
satan
normal
normal
normal
normal
normal
satan
normal
neptune
neptune
normal
normal
normal
normal
normal
normal
normal
normal
neptune
neptune
neptune
normal
normal
normal
neptune
normal
normal
neptune
normal
normal
neptune
normal
normal
normal
normal
normal
normal
portsweep
normal
normal
satan
neptune
normal
normal
normal
normal
ipsweep
neptune
neptune
warezclient
neptune
normal
neptune
satan
normal
normal
normal
neptune
neptune
neptune
normal
normal
normal
ipsweep
normal
normal
normal
normal
neptune
back
normal
normal
smurf
smurf
normal
neptune
normal
normal
ipsweep
neptune
neptune
normal
neptune
normal
normal
neptune
neptune
normal
normal
normal
normal
normal
normal
normal
neptune
smurf
neptune
portsweep
portsweep
normal
normal
smurf
portsweep
nmap
normal
satan
neptune
normal
neptune
ipsweep
normal
normal
normal
normal
neptune
satan
normal
smurf
neptune
normal
neptune
normal
neptune
normal
smurf
neptune
pod
normal
neptune
neptune
normal
normal
neptune
neptune
neptune
ipsweep
normal
normal
neptune
portsweep
neptune
normal
normal
normal
smurf
normal
neptune
ipsweep
normal
ipsweep
nmap
neptune
neptune
normal
normal
warezclient
normal
neptune
normal
neptune
normal
normal
neptune
normal
neptune
normal
normal
normal
neptune
normal
normal
teardrop
neptune
ipsweep
neptune
normal
normal
neptune
neptune
normal
back
normal
normal
neptune
normal
neptune
nmap
normal
normal
normal
normal
neptune
neptune
normal
ipsweep
neptune
neptune
normal
smurf
neptune
normal
normal
normal
neptune
neptune
normal
normal
normal
normal
normal
normal
neptune
normal
normal
neptune
neptune
normal
normal
neptune
satan
neptune
ipsweep
neptune
teardrop
neptune
neptune
normal
neptune
normal
normal
neptune
neptune
normal
normal
satan
normal
normal
normal
neptune
normal
normal
normal
normal
neptune
neptune
normal
warezclient
normal
neptune
normal
normal
neptune
normal
neptune
normal
normal
normal
neptune
normal
neptune
normal
neptune
normal
normal
normal
normal
neptune
neptune
neptune
neptune
normal
normal
normal
normal
normal
normal
neptune
normal
normal
neptune
warezclient
neptune
normal
normal
normal
satan
normal
normal
normal
normal
normal
normal
normal
neptune
ipsweep
ipsweep
normal
normal
normal
normal
normal
normal
satan
neptune
normal
normal
neptune
normal
neptune
normal
normal
neptune
neptune
normal
normal
warezclient
normal
normal
neptune
normal
neptune
normal
normal
neptune
neptune
normal
normal
ipsweep
warezclient
normal
neptune
normal
normal
normal
warezclient
normal
normal
normal
normal
normal
neptune
normal
normal
neptune
neptune
neptune
normal
normal
portsweep
normal
normal
neptune
satan
normal
normal
neptune
neptune
neptune
normal
neptune
normal
smurf
normal
normal
normal
normal
neptune
normal
normal
normal
normal
neptune
neptune
ipsweep
neptune
neptune
neptune
neptune
neptune
satan
neptune
normal
neptune
neptune
normal
normal
portsweep
neptune
neptune
normal
ipsweep
normal
normal
neptune
normal
normal
ipsweep
neptune
normal
normal
neptune
neptune
portsweep
normal
neptune
normal
normal
neptune
normal
normal
neptune
neptune
neptune
normal
normal
normal
neptune
normal
neptune
normal
neptune
neptune
normal
normal
normal
normal
neptune
normal
neptune
neptune
neptune
normal
neptune
teardrop
ipsweep
neptune
normal
normal
neptune
normal
normal
neptune
normal
normal
normal
warezclient
neptune
normal
normal
neptune
neptune
normal
normal
neptune
neptune
normal
neptune
neptune
neptune
nmap
portsweep
portsweep
ipsweep
neptune
neptune
portsweep
ipsweep
normal
normal
normal
normal
normal
neptune
normal
normal
normal
neptune
neptune
normal
neptune
neptune
neptune
normal
neptune
normal
neptune
normal
normal
normal
normal
normal
portsweep
neptune
neptune
normal
normal
neptune
normal
normal
neptune
normal
normal
normal
normal
normal
normal
normal
neptune
normal
normal
normal
normal
neptune
neptune
normal
normal
neptune
portsweep
neptune
normal
smurf
normal
nmap
ipsweep
neptune
neptune
normal
neptune
neptune
normal
satan
normal
neptune
neptune
normal
normal
neptune
neptune
neptune
normal
neptune
neptune
normal
neptune
nmap
neptune
ipsweep
guess_passwd
neptune
normal
neptune
normal
neptune
warezclient
normal
neptune
neptune
neptune
nmap
neptune
normal
neptune
neptune
back
normal
normal
normal
neptune
normal
normal
neptune
neptune
neptune
neptune
neptune
normal
normal
normal
normal
normal
normal
neptune
normal
neptune
normal
normal
neptune
normal
normal
normal
normal
neptune
neptune
neptune
normal
neptune
normal
neptune
normal
neptune
neptune
neptune
neptune
normal
normal
normal
normal
portsweep
neptune
normal
neptune
normal
normal
normal
normal
normal
normal
normal
neptune
satan
normal
nmap
normal
neptune
normal
neptune
normal
neptune
normal
normal
normal
neptune
normal
normal
neptune
portsweep
normal
normal
normal
neptune
normal
neptune
portsweep
normal
normal
ipsweep
warezclient
normal
normal
normal
normal
normal
normal
normal
normal
normal
normal
neptune
teardrop
neptune
neptune
normal
normal
normal
normal
normal
neptune
normal
neptune
normal
neptune
normal
neptune
normal
normal
neptune
normal
neptune
portsweep
normal
neptune
normal
normal
normal
normal
satan
neptune
normal
normal
normal
smurf
normal
normal
neptune
normal
normal
warezclient
normal
neptune
neptune
normal
normal
normal
satan
neptune
normal
neptune
ipsweep
normal
normal
neptune
normal
neptune
normal
normal
normal
normal
neptune
smurf
smurf
normal
normal
neptune
neptune
neptune
normal
normal
normal
normal
normal
normal
normal
normal
ipsweep
neptune
neptune
normal
normal
neptune
satan
portsweep
normal
neptune
normal
neptune
normal
neptune
normal
normal
normal
normal
normal
normal
ipsweep
neptune
portsweep
normal
normal
normal
normal
normal
normal
normal
neptune
normal
normal
normal
neptune
normal
neptune
normal
neptune
normal
normal
normal
neptune
smurf
normal
normal
neptune
neptune
normal
normal
normal
normal
normal
neptune
normal
normal
normal
neptune
normal
neptune
normal
normal
normal
neptune
normal
normal
normal
normal
normal
normal
normal
normal
normal
neptune
normal
normal
normal
neptune
normal
neptune
normal
neptune
neptune
neptune
back
normal
neptune
normal
normal
neptune
neptune
neptune
normal
neptune
neptune
neptune
portsweep
neptune
normal
neptune
neptune
normal
normal
normal
normal
normal
back
normal
normal
neptune
neptune
normal
normal
warezclient
ipsweep
neptune
satan
normal
normal
neptune
neptune
neptune
normal
neptune
neptune
normal
neptune
ipsweep
neptune
neptune
neptune
neptune
smurf
normal
normal
normal
normal
normal
neptune
normal
normal
normal
normal
normal
normal
satan
back
normal
neptune
neptune
neptune
neptune
neptune
normal
neptune
normal
neptune
neptune
normal
normal
normal
neptune
neptune
normal
normal
normal
normal
neptune
normal
smurf
neptune
normal
normal
neptune
normal
neptune
normal
normal
neptune
normal
normal
neptune
normal
normal
portsweep
neptune
neptune
normal
normal
normal
neptune
neptune
neptune
normal
normal
normal
neptune
neptune
normal
neptune
normal
neptune
neptune
normal
normal
normal
normal
normal
normal
neptune
normal
satan
normal
ipsweep
neptune
normal
normal
smurf
normal
normal
portsweep
normal
neptune
normal
neptune
neptune
normal
normal
normal
normal
normal
normal
satan
neptune
neptune
normal
neptune
normal
normal
ipsweep
satan
back
normal
neptune
nmap
neptune
normal
normal
neptune
normal
normal
portsweep
normal
normal
normal
normal
normal
normal
nmap
neptune
normal
neptune
normal
neptune
normal
normal
normal
warezclient
neptune
normal
normal
back
normal
neptune
portsweep
normal
neptune
neptune
normal
neptune
normal
neptune
normal
neptune
normal
normal
normal
normal
ipsweep
normal
normal
neptune
normal
normal
normal
normal
normal
normal
normal
normal
normal
neptune
normal
normal
neptune
normal
normal
normal
normal
normal
neptune
neptune
normal
normal
neptune
normal
neptune
normal
normal
normal
normal
neptune
normal
normal
normal
neptune
neptune
smurf
normal
normal
normal
neptune
neptune
nmap
normal
neptune
neptune
normal
normal
neptune
normal
normal
normal
neptune
normal
neptune
normal
neptune
smurf
normal
normal
warezclient
normal
normal
normal
neptune
normal
normal
portsweep
neptune
warezclient
normal
normal
neptune
nmap
normal
normal
teardrop
normal
normal
neptune
normal
normal
normal
normal
normal
normal
normal
neptune
neptune
normal
normal
normal
neptune
neptune
neptune
neptune
normal
normal
neptune
ipsweep
teardrop
neptune
normal
normal
neptune
ipsweep
normal
neptune
neptune
teardrop
neptune
neptune
normal
portsweep
normal
neptune
neptune
neptune
neptune
normal
normal
normal
neptune
neptune
neptune
normal
normal
normal
neptune
smurf
normal
neptune
normal
normal
normal
normal
neptune
neptune
normal
normal
normal
normal
neptune
normal
normal
normal
normal
normal
neptune
normal
neptune
neptune
neptune
neptune
normal
normal
normal
portsweep
normal
nmap
normal
neptune
normal
normal
neptune
back
normal
neptune
smurf
ipsweep
satan
normal
neptune
neptune
normal
normal
teardrop
neptune
nmap
nmap
neptune
normal
smurf
ipsweep
neptune
normal
normal
normal
neptune
normal
normal
normal
neptune
satan
neptune
normal
normal
neptune
neptune
normal
normal
normal
satan
normal
normal
normal
ipsweep
neptune
neptune
normal
normal
normal
neptune
normal
normal
normal
normal
normal
neptune
portsweep
normal
neptune
neptune
smurf
normal
neptune
portsweep
normal
normal
neptune
normal
normal
normal
normal
normal
normal
portsweep
normal
neptune
neptune
normal
neptune
normal
ipsweep
normal
normal
normal
normal
normal
neptune
normal
normal
normal
ipsweep
normal
normal
neptune
portsweep
normal
smurf
normal
normal
portsweep
neptune
neptune
normal
normal
neptune
normal
satan
neptune
normal
normal
neptune
normal
ipsweep
normal
normal
normal
normal
normal
neptune
normal
neptune
normal
neptune
neptune
neptune
normal
neptune
smurf
normal
neptune
normal
normal
nmap
normal
normal
normal
neptune
neptune
neptune
normal
normal
normal
normal
normal
neptune
normal
neptune
satan
normal
normal
normal
normal
neptune
neptune
normal
normal
neptune
normal
neptune
neptune
normal
normal
ipsweep
normal
smurf
neptune
neptune
normal
normal
neptune
normal
satan
neptune
normal
normal
normal
normal
normal
normal
back
normal
normal
neptune
satan
portsweep
normal
normal
normal
normal
neptune
normal
neptune
ipsweep
neptune
neptune
neptune
normal
normal
smurf
neptune
normal
neptune
normal
satan
normal
normal
portsweep
normal
normal
normal
neptune
satan
smurf
normal
normal
normal
normal
normal
normal
normal
pod
normal
nmap
normal
normal
normal
normal
normal
neptune
normal
satan
normal
neptune
normal
neptune
ipsweep
normal
normal
nmap
normal
neptune
neptune
normal
neptune
normal
satan
neptune
neptune
neptune
portsweep
normal
normal
normal
pod
neptune
neptune
normal
normal
normal
normal
neptune
neptune
normal
neptune
neptune
neptune
ipsweep
neptune
normal
normal
neptune
normal
normal
normal
normal
neptune
normal
neptune
normal
normal
neptune
neptune
normal
neptune
normal
neptune
neptune
normal
normal
warezclient
neptune
neptune
normal
normal
normal
normal
normal
portsweep
neptune
neptune
normal
normal
normal
portsweep
normal
neptune
normal
normal
neptune
satan
normal
smurf
normal
back
neptune
neptune
neptune
neptune
portsweep
neptune
normal
neptune
normal
normal
ipsweep
normal
neptune
neptune
normal
neptune
normal
neptune
neptune
normal
normal
back
portsweep
portsweep
normal
normal
normal
satan
neptune
neptune
neptune
normal
ipsweep
normal
ipsweep
normal
neptune
neptune
satan
normal
normal
normal
neptune
normal
nmap
satan
normal
neptune
neptune
normal
neptune
normal
normal
neptune
neptune
normal
normal
normal
smurf
normal
portsweep
normal
nmap
normal
neptune
neptune
nmap
warezclient
neptune
neptune
neptune
neptune
normal
normal
neptune
normal
neptune
normal
normal
normal
normal
neptune
normal
normal
normal
portsweep
normal
normal
satan
smurf
normal
normal
ipsweep
warezclient
normal
portsweep
neptune
neptune
neptune
neptune
portsweep
neptune
neptune
satan
normal
neptune
normal
neptune
normal
normal
portsweep
normal
neptune
normal
neptune
normal
neptune
normal
portsweep
teardrop
neptune
neptune
portsweep
neptune
neptune
normal
neptune
normal
normal
neptune
normal
normal
normal
normal
normal
neptune
normal
normal
neptune
normal
normal
normal
neptune
normal
normal
normal
normal
neptune
normal
satan
normal
normal
satan
neptune
neptune
normal
normal
normal
normal
normal
normal
normal
normal
normal
normal
neptune
neptune
neptune
normal
normal
neptune
satan
normal
normal
normal
normal
normal
neptune
normal
nmap
normal
neptune
neptune
normal
normal
ipsweep
normal
neptune
normal
normal
normal
portsweep
neptune
neptune
portsweep
normal
nmap
neptune
normal
neptune
normal
neptune
neptune
normal
normal
normal
normal
normal
normal
normal
normal
normal
neptune
normal
normal
normal
normal
normal
normal
normal
smurf
neptune
teardrop
neptune
normal
normal
neptune
satan
normal
neptune
normal
normal
neptune
normal
neptune
neptune
neptune
normal
neptune
normal
neptune
portsweep
neptune
normal
neptune
normal
neptune
back
normal
normal
satan
normal
neptune
normal
normal
ipsweep
portsweep
neptune
neptune
normal
portsweep
normal
normal
normal
normal
satan
neptune
normal
satan
normal
normal
normal
normal
normal
normal
smurf
neptune
neptune
neptune
smurf
normal
normal
normal
neptune
normal
neptune
smurf
normal
neptune
neptune
normal
normal
normal
nmap
satan
normal
neptune
normal
neptune
neptune
normal
normal
normal
neptune
normal
normal
neptune
normal
neptune
normal
normal
neptune
normal
neptune
neptune
smurf
normal
neptune
normal
neptune
nmap
neptune
satan
neptune
smurf
neptune
normal
neptune
portsweep
neptune
normal
neptune
nmap
neptune
normal
neptune
normal
normal
normal
warezclient
normal
normal
neptune
normal
normal
neptune
neptune
neptune
neptune
neptune
neptune
normal
portsweep
normal
normal
normal
neptune
normal
normal
normal
normal
neptune
normal
normal
neptune
neptune
portsweep
normal
normal
normal
smurf
portsweep
neptune
neptune
normal
normal
neptune
neptune
normal
normal
normal
normal
neptune
normal
normal
neptune
neptune
normal
neptune
normal
normal
normal
normal
normal
neptune
neptune
normal
normal
normal
neptune
normal
neptune
neptune
normal
normal
normal
neptune
neptune
normal
neptune
normal
normal
normal
normal
normal
neptune
normal
normal
portsweep
neptune
neptune
normal
nmap
normal
normal
pod
neptune
normal
normal
normal
neptune
neptune
normal
portsweep
neptune
normal
ipsweep
portsweep
normal
neptune
normal
normal
normal
smurf
neptune
normal
normal
portsweep
normal
normal
ipsweep
smurf
ipsweep
neptune
normal
neptune
normal
neptune
normal
neptune
normal
neptune
normal
neptune
neptune
neptune
neptune
neptune
normal
neptune
normal
neptune
normal
normal
normal
normal
normal
neptune
normal
neptune
normal
normal
normal
neptune
neptune
normal
normal
normal
neptune
normal
neptune
smurf
neptune
neptune
teardrop
neptune
neptune
normal
satan
normal
normal
satan
neptune
smurf
normal
neptune
normal
normal
neptune
normal
normal
normal
neptune
neptune
neptune
smurf
normal
normal
normal
normal
normal
normal
neptune
normal
normal
neptune
normal
normal
normal
neptune
normal
neptune
normal
neptune
normal
normal
neptune
normal
satan
warezclient
ipsweep
normal
neptune
nmap
normal
normal
normal
neptune
neptune
neptune
normal
normal
normal
neptune
portsweep
neptune
ipsweep
neptune
neptune
neptune
neptune
normal
neptune
normal
neptune
normal
normal
normal
normal
normal
neptune
smurf
normal
ipsweep
normal
ipsweep
normal
normal
normal
normal
neptune
normal
ipsweep
neptune
neptune
neptune
neptune
neptune
neptune
normal
normal
normal
neptune
normal
satan
neptune
normal
normal
normal
neptune
neptune
normal
normal
neptune
neptune
normal
neptune
neptune
normal
normal
neptune
normal
normal
neptune
normal
neptune
normal
normal
smurf
neptune
neptune
normal
smurf
neptune
satan
normal
neptune
neptune
normal
satan
neptune
neptune
normal
smurf
neptune
portsweep
neptune
normal
neptune
portsweep
normal
normal
normal
normal
portsweep
normal
portsweep
smurf
neptune
normal
normal
normal
normal
neptune
neptune
normal
normal
normal
neptune
normal
neptune
neptune
neptune
normal
normal
neptune
neptune
normal
normal
normal
normal
normal
normal
nmap
satan
normal
normal
normal
normal
normal
neptune
normal
normal
neptune
portsweep
ipsweep
normal
neptune
normal
normal
normal
neptune
normal
normal
neptune
normal
neptune
teardrop
normal
normal
normal
normal
normal
normal
neptune
normal
neptune
normal
normal
normal
normal
ipsweep
normal
neptune
normal
neptune
normal
normal
normal
neptune
normal
normal
satan
normal
normal
normal
ipsweep
normal
neptune
normal
neptune
normal
normal
normal
normal
neptune
normal
normal
neptune
normal
normal
teardrop
normal
neptune
normal
neptune
normal
normal
normal
normal
neptune
ipsweep
normal
ipsweep
smurf
normal
neptune
neptune
normal
normal
neptune
normal
normal
neptune
normal
normal
normal
normal
normal
normal
normal
normal
normal
normal
normal
neptune
normal
normal
neptune
smurf
neptune
satan
neptune
portsweep
neptune
neptune
normal
neptune
teardrop
portsweep
teardrop
normal
normal
normal
ipsweep
neptune
normal
normal
neptune
neptune
normal
normal
neptune
neptune
normal
neptune
neptune
neptune
normal
ipsweep
neptune
neptune
portsweep
normal
neptune
neptune
neptune
neptune
normal
neptune
normal
normal
normal
neptune
normal
normal
normal
neptune
normal
normal
ipsweep
neptune
neptune
neptune
normal
neptune
normal
normal
normal
normal
normal
normal
neptune
neptune
normal
normal
normal
normal
neptune
neptune
normal
ipsweep
neptune
neptune
normal
neptune
neptune
normal
neptune
normal
neptune
normal
neptune
normal
smurf
neptune
neptune
neptune
normal
neptune
neptune
normal
normal
smurf
normal
warezclient
normal
satan
normal
neptune
neptune
portsweep
normal
normal
ipsweep
normal
normal
normal
normal
nmap
normal
normal
normal
normal
neptune
satan
normal
normal
normal
normal
neptune
normal
neptune
normal
neptune
neptune
neptune
satan
neptune
ipsweep
normal
normal
neptune
pod
normal
normal
normal
neptune
neptune
normal
normal
nmap
normal
ipsweep
normal
smurf
neptune
normal
neptune
neptune
neptune
satan
normal
neptune
normal
normal
neptune
normal
normal
normal
normal
normal
normal
satan
normal
normal
normal
neptune
neptune
neptune
normal
neptune
neptune
portsweep
normal
normal
neptune
ipsweep
portsweep
normal
neptune
normal
nmap
ipsweep
satan
neptune
normal
neptune
normal
normal
normal
normal
normal
normal
neptune
neptune
normal
neptune
neptune
normal
neptune
satan
normal
neptune
ipsweep
normal
neptune
normal
normal
normal
satan
neptune
normal
neptune
neptune
neptune
nmap
normal
portsweep
neptune
normal
normal
normal
nmap
neptune
normal
neptune
neptune
ipsweep
neptune
normal
neptune
smurf
normal
neptune
normal
normal
neptune
neptune
neptune
normal
normal
neptune
neptune
normal
neptune
normal
normal
normal
normal
smurf
neptune
neptune
neptune
normal
neptune
neptune
normal
neptune
neptune
normal
normal
normal
portsweep
normal
normal
normal
normal
normal
ipsweep
neptune
neptune
normal
neptune
normal
normal
neptune
neptune
neptune
neptune
normal
smurf
normal
neptune
normal
normal
neptune
normal
normal
normal
normal
normal
neptune
normal
normal
back
normal
back
normal
normal
neptune
normal
neptune
smurf
normal
neptune
satan
neptune
neptune
normal
neptune
neptune
neptune
neptune
neptune
normal
neptune
satan
normal
neptune
normal
portsweep
normal
normal
normal
normal
neptune
normal
buffer_overflow
neptune
neptune
normal
normal
normal
normal
smurf
neptune
ipsweep
normal
neptune
normal
neptune
normal
neptune
normal
normal
normal
neptune
neptune
ipsweep
normal
normal
neptune
normal
neptune
neptune
normal
neptune
normal
neptune
normal
neptune
normal
teardrop
normal
normal
normal
neptune
normal
neptune
neptune
smurf
normal
normal
normal
normal
neptune
smurf
normal
portsweep
neptune
normal
normal
neptune
normal
neptune
normal
neptune
neptune
warezclient
neptune
normal
normal
normal
normal
land
smurf
normal
neptune
normal
warezclient
normal
normal
ipsweep
satan
neptune
normal
normal
normal
neptune
normal
normal
neptune
normal
satan
normal
neptune
normal
neptune
neptune
neptune
normal
normal
neptune
normal
neptune
normal
normal
normal
normal
neptune
neptune
neptune
normal
portsweep
normal
neptune
neptune
normal
normal
normal
normal
normal
normal
neptune
normal
normal
neptune
neptune
normal
neptune
normal
normal
normal
neptune
portsweep
neptune
normal
neptune
normal
neptune
neptune
neptune
normal
neptune
normal
normal
neptune
normal
portsweep
normal
neptune
normal
neptune
normal
normal
normal
normal
normal
normal
neptune
neptune
land
satan
normal
normal
ipsweep
neptune
normal
normal
normal
normal
normal
warezclient
normal
neptune
normal
normal
normal
normal
portsweep
normal
normal
neptune
ipsweep
normal
normal
normal
neptune
normal
normal
normal
normal
nmap
normal
normal
portsweep
neptune
neptune
normal
neptune
neptune
normal
neptune
neptune
normal
normal
neptune
neptune
neptune
normal
neptune
normal
neptune
normal
normal
normal
normal
neptune
normal
normal
normal
neptune
neptune
normal
smurf
normal
neptune
normal
normal
neptune
satan
neptune
normal
neptune
normal
neptune
normal
neptune
neptune
neptune
neptune
neptune
normal
normal
normal
normal
neptune
normal
normal
normal
normal
smurf
neptune
normal
normal
normal
neptune
normal
portsweep
normal
neptune
normal
satan
normal
normal
neptune
normal
normal
neptune
normal
normal
normal
normal
neptune
neptune
neptune
neptune
neptune
normal
normal
normal
normal
normal
normal
neptune
normal
neptune
normal
normal
normal
ipsweep
satan
normal
neptune
normal
normal
warezclient
back
normal
normal
neptune
normal
normal
neptune
portsweep
warezclient
normal
normal
neptune
normal
normal
normal
neptune
normal
normal
normal
normal
normal
teardrop
ipsweep
smurf
neptune
neptune
neptune
neptune
normal
neptune
neptune
normal
neptune
neptune
normal
neptune
normal
neptune
neptune
neptune
normal
normal
neptune
normal
normal
normal
normal
smurf
neptune
smurf
normal
neptune
normal
neptune
neptune
normal
nmap
neptune
normal
neptune
normal
neptune
normal
normal
normal
neptune
normal
normal
normal
normal
neptune
normal
neptune
satan
neptune
neptune
normal
normal
neptune
normal
neptune
normal
normal
normal
neptune
neptune
neptune
normal
normal
neptune
neptune
normal
normal
normal
normal
normal
normal
normal
normal
portsweep
normal
normal
normal
normal
normal
satan
normal
neptune
normal
neptune
smurf
normal
normal
normal
normal
normal
neptune
ipsweep
neptune
normal
neptune
normal
normal
neptune
normal
neptune
normal
normal
normal
normal
neptune
neptune
normal
normal
neptune
normal
normal
normal
neptune
normal
normal
normal
normal
neptune
normal
normal
normal
normal
normal
smurf
neptune
normal
normal
neptune
normal
neptune
neptune
neptune
normal
neptune
normal
normal
neptune
warezclient
neptune
neptune
normal
neptune
normal
normal
normal
normal
ipsweep
normal
normal
normal
normal
normal
normal
normal
normal
normal
normal
normal
normal
neptune
neptune
normal
smurf
neptune
normal
neptune
normal
normal
neptune
neptune
neptune
neptune
normal
normal
ipsweep
normal
normal
normal
normal
neptune
nmap
normal
neptune
smurf
normal
normal
ipsweep
normal
neptune
neptune
neptune
neptune
normal
neptune
normal
neptune
smurf
normal
neptune
back
normal
neptune
normal
neptune
neptune
satan
neptune
neptune
normal
neptune
neptune
neptune
normal
normal
normal
normal
nmap
smurf
normal
normal
normal
normal
neptune
normal
nmap
nmap
normal
normal
ipsweep
normal
normal
normal
neptune
portsweep
normal
normal
smurf
smurf
neptune
neptune
normal
normal
normal
ipsweep
normal
normal
neptune
satan
normal
normal
normal
normal
neptune
neptune
normal
normal
neptune
neptune
normal
neptune
normal
normal
neptune
normal
neptune
satan
normal
neptune
neptune
normal
neptune
neptune
normal
normal
neptune
normal
smurf
satan
normal
portsweep
normal
neptune
normal
neptune
normal
normal
neptune
normal
normal
neptune
normal
normal
normal
satan
normal
neptune
neptune
normal
normal
normal
normal
neptune
normal
normal
normal
normal
normal
neptune
neptune
normal
neptune
normal
neptune
normal
normal
normal
normal
neptune
normal
normal
portsweep
neptune
normal
neptune
normal
satan
normal
normal
normal
normal
neptune
normal
neptune
neptune
portsweep
normal
normal
neptune
neptune
nmap
neptune
satan
satan
normal
neptune
portsweep
normal
normal
neptune
normal
normal
normal
neptune
normal
neptune
neptune
neptune
neptune
neptune
ipsweep
neptune
satan
neptune
satan
neptune
normal
satan
normal
neptune
normal
neptune
normal
normal
normal
normal
neptune
normal
neptune
normal
normal
neptune
neptune
normal
neptune
normal
neptune
normal
normal
normal
normal
neptune
normal
normal
neptune
neptune
neptune
normal
normal
smurf
normal
neptune
normal
normal
warezclient
normal
normal
neptune
normal
normal
normal
neptune
neptune
neptune
neptune
normal
neptune
neptune
satan
neptune
neptune
portsweep
normal
neptune
neptune
normal
normal
normal
normal
normal
normal
portsweep
neptune
neptune
normal
normal
guess_passwd
neptune
neptune
neptune
normal
nmap
normal
normal
normal
neptune
normal
normal
normal
neptune
neptune
normal
normal
neptune
normal
normal
neptune
normal
neptune
normal
neptune
normal
normal
neptune
neptune
neptune
smurf
neptune
neptune
neptune
ipsweep
normal
neptune
neptune
normal
neptune
normal
smurf
satan
pod
normal
neptune
normal
ipsweep
neptune
normal
neptune
normal
ipsweep
normal
normal
neptune
normal
neptune
normal
satan
normal
normal
normal
normal
neptune
normal
neptune
normal
normal
normal
normal
normal
satan
satan
normal
neptune
normal
normal
normal
satan
normal
smurf
ipsweep
normal
ipsweep
normal
satan
normal
neptune
neptune
neptune
neptune
normal
normal
neptune
normal
normal
satan
neptune
normal
normal
normal
normal
ipsweep
normal
neptune
neptune
normal
normal
normal
normal
normal
satan
normal
normal
normal
normal
neptune
normal
normal
neptune
normal
warezclient
neptune
neptune
back
normal
neptune
normal
satan
neptune
normal
neptune
normal
back
normal
neptune
normal
neptune
normal
neptune
normal
neptune
normal
neptune
neptune
normal
warezclient
neptune
neptune
neptune
normal
neptune
normal
neptune
neptune
normal
normal
neptune
neptune
ipsweep
normal
normal
neptune
normal
teardrop
normal
normal
neptune
neptune
normal
neptune
normal
neptune
neptune
satan
neptune
neptune
back
neptune
satan
normal
neptune
normal
neptune
normal
normal
normal
neptune
normal
normal
neptune
normal
neptune
normal
normal
satan
nmap
teardrop
satan
warezclient
ipsweep
neptune
normal
neptune
neptune
neptune
smurf
neptune
normal
neptune
normal
normal
nmap
normal
warezclient
normal
normal
neptune
normal
normal
portsweep
normal
neptune
normal
neptune
normal
normal
normal
neptune
normal
normal
normal
normal
normal
nmap
normal
normal
neptune
normal
normal
smurf
normal
neptune
normal
normal
neptune
normal
normal
neptune
normal
neptune
normal
normal
portsweep
normal
neptune
teardrop
neptune
smurf
nmap
normal
neptune
normal
neptune
normal
neptune
neptune
neptune
neptune
portsweep
neptune
smurf
ipsweep
normal
neptune
normal
normal
normal
normal
portsweep
normal
neptune
normal
normal
normal
normal
normal
normal
normal
normal
normal
satan
neptune
normal
ipsweep
normal
normal
normal
normal
normal
normal
normal
normal
normal
neptune
normal
normal
neptune
normal
normal
neptune
neptune
satan
normal
normal
normal
normal
normal
neptune
neptune
neptune
neptune
normal
neptune
satan
normal
neptune
neptune
neptune
normal
back
normal
normal
neptune
neptune
normal
neptune
normal
satan
normal
normal
normal
warezclient
normal
neptune
normal
normal
normal
normal
neptune
normal
normal
normal
normal
normal
neptune
normal
normal
neptune
normal
normal
normal
neptune
satan
smurf
neptune
neptune
normal
normal
normal
normal
normal
satan
normal
neptune
neptune
neptune
normal
neptune
normal
neptune
normal
ipsweep
normal
neptune
neptune
ipsweep
neptune
nmap
normal
neptune
neptune
nmap
normal
neptune
normal
neptune
neptune
normal
normal
neptune
normal
normal
normal
neptune
normal
neptune
neptune
neptune
neptune
normal
normal
normal
neptune
smurf
normal
normal
smurf
normal
nmap
normal
back
normal
normal
neptune
normal
normal
neptune
normal
neptune
portsweep
neptune
neptune
neptune
neptune
normal
neptune
normal
normal
normal
nmap
neptune
normal
normal
portsweep
neptune
ipsweep
normal
normal
normal
normal
normal
normal
normal
neptune
normal
smurf
normal
satan
normal
neptune
normal
normal
neptune
neptune
ipsweep
normal
normal
normal
normal
ipsweep
normal
normal
normal
normal
normal
normal
normal
normal
normal
normal
neptune
normal
neptune
normal
neptune
ipsweep
normal
satan
normal
neptune
neptune
neptune
normal
normal
normal
smurf
neptune
neptune
neptune
normal
normal
neptune
neptune
normal
normal
normal
normal
neptune
portsweep
neptune
neptune
normal
nmap
normal
normal
normal
neptune
neptune
normal
neptune
normal
normal
smurf
normal
normal
portsweep
normal
neptune
neptune
normal
normal
normal
neptune
neptune
ipsweep
normal
normal
satan
neptune
normal
normal
neptune
neptune
normal
normal
neptune
neptune
neptune
neptune
normal
normal
normal
normal
neptune
normal
satan
ipsweep
satan
normal
normal
neptune
neptune
normal
neptune
neptune
normal
normal
normal
smurf
normal
normal
neptune
normal
neptune
normal
normal
normal
normal
smurf
normal
neptune
normal
neptune
normal
normal
normal
neptune
normal
normal
normal
normal
normal
normal
normal
normal
neptune
neptune
normal
normal
normal
normal
normal
neptune
normal
neptune
neptune
normal
normal
neptune
normal
neptune
normal
portsweep
neptune
normal
neptune
normal
neptune
normal
neptune
normal
neptune
normal
neptune
neptune
normal
ipsweep
normal
neptune
neptune
normal
normal
normal
neptune
neptune
ipsweep
neptune
neptune
satan
normal
portsweep
neptune
nmap
normal
normal
normal
neptune
normal
portsweep
normal
normal
neptune
normal
satan
neptune
neptune
neptune
neptune
normal
smurf
normal
normal
normal
normal
normal
normal
neptune
neptune
normal
normal
neptune
normal
smurf
normal
neptune
portsweep
normal
normal
normal
neptune
normal
neptune
normal
neptune
normal
normal
normal
normal
neptune
normal
satan
normal
normal
normal
neptune
neptune
normal
neptune
normal
normal
normal
normal
neptune
normal
neptune
normal
normal
neptune
normal
neptune
normal
neptune
normal
normal
neptune
normal
normal
normal
neptune
normal
normal
normal
normal
normal
neptune
neptune
portsweep
normal
satan
neptune
normal
neptune
neptune
neptune
neptune
normal
normal
neptune
normal
satan
portsweep
neptune
smurf
normal
normal
normal
neptune
normal
normal
normal
normal
normal
normal
normal
normal
neptune
back
normal
neptune
neptune
normal
neptune
normal
neptune
neptune
neptune
normal
normal
ftp_write
smurf
normal
normal
neptune
normal
portsweep
normal
normal
normal
neptune
neptune
ipsweep
normal
normal
neptune
normal
normal
normal
normal
ipsweep
normal
smurf
normal
normal
normal
normal
neptune
neptune
neptune
normal
normal
normal
normal
neptune
normal
normal
normal
ipsweep
satan
normal
neptune
portsweep
normal
normal
neptune
normal
normal
normal
neptune
normal
normal
satan
neptune
normal
normal
normal
neptune
normal
normal
normal
normal
satan
normal
neptune
normal
normal
neptune
neptune
normal
normal
ipsweep
normal
normal
normal
normal
normal
normal
normal
normal
normal
smurf
neptune
normal
normal
satan
normal
ipsweep
neptune
neptune
neptune
neptune
ipsweep
neptune
neptune
normal
normal
normal
neptune
neptune
neptune
neptune
warezclient
satan
neptune
normal
normal
normal
neptune
normal
smurf
normal
neptune
portsweep
ipsweep
normal
ipsweep
normal
normal
normal
neptune
neptune
normal
satan
normal
neptune
normal
neptune
neptune
neptune
normal
normal
warezclient
normal
neptune
normal
normal
normal
normal
normal
neptune
normal
neptune
ipsweep
neptune
normal
neptune
normal
normal
neptune
neptune
neptune
neptune
normal
normal
neptune
normal
normal
neptune
neptune
neptune
normal
normal
normal
normal
neptune
normal
normal
normal
normal
neptune
normal
ipsweep
portsweep
neptune
ipsweep
normal
nmap
normal
normal
neptune
neptune
normal
normal
normal
neptune
neptune
normal
normal
normal
normal
normal
neptune
normal
normal
normal
normal
normal
normal
neptune
neptune
normal
smurf
neptune
normal
normal
normal
neptune
normal
normal
ipsweep
normal
normal
neptune
normal
neptune
normal
normal
normal
normal
normal
satan
neptune
normal
neptune
normal
neptune
normal
neptune
portsweep
neptune
normal
portsweep
normal
neptune
normal
normal
normal
normal
neptune
normal
normal
normal
neptune
normal
normal
pod
normal
nmap
normal
neptune
satan
neptune
normal
neptune
normal
neptune
normal
normal
neptune
normal
normal
normal
neptune
normal
normal
normal
neptune
portsweep
neptune
normal
neptune
normal
normal
neptune
normal
neptune
neptune
normal
normal
neptune
normal
normal
neptune
neptune
normal
neptune
normal
neptune
satan
neptune
normal
normal
neptune
normal
normal
satan
neptune
normal
normal
normal
neptune
portsweep
normal
neptune
normal
neptune
neptune
normal
normal
neptune
neptune
normal
neptune
normal
normal
normal
normal
neptune
normal
satan
neptune
normal
normal
neptune
neptune
normal
neptune
ipsweep
portsweep
neptune
normal
normal
nmap
normal
portsweep
normal
normal
neptune
normal
normal
neptune
neptune
neptune
neptune
neptune
neptune
normal
smurf
normal
portsweep
neptune
neptune
normal
normal
normal
normal
nmap
normal
portsweep
neptune
normal
neptune
neptune
neptune
neptune
normal
ipsweep
neptune
normal
normal
portsweep
ipsweep
satan
neptune
neptune
normal
normal
neptune
neptune
normal
normal
normal
ipsweep
normal
back
normal
neptune
normal
normal
neptune
pod
nmap
neptune
normal
normal
portsweep
neptune
normal
normal
ipsweep
normal
neptune
normal
normal
normal
normal
neptune
normal
normal
normal
ipsweep
normal
teardrop
neptune
normal
satan
normal
neptune
normal
neptune
normal
normal
normal
normal
neptune
normal
normal
neptune
normal
normal
portsweep
neptune
neptune
normal
normal
neptune
neptune
normal
normal
normal
normal
normal
normal
smurf
neptune
normal
normal
neptune
neptune
neptune
ipsweep
normal
normal
neptune
normal
normal
normal
neptune
neptune
normal
normal
normal
normal
normal
nmap
smurf
normal
neptune
satan
neptune
neptune
neptune
normal
satan
normal
normal
neptune
neptune
neptune
normal
normal
neptune
portsweep
neptune
neptune
normal
normal
normal
neptune
satan
normal
normal
normal
normal
normal
normal
ipsweep
ipsweep
teardrop
normal
normal
normal
portsweep
normal
normal
neptune
normal
neptune
normal
normal
normal
ipsweep
normal
smurf
smurf
normal
normal
normal
satan
normal
normal
neptune
normal
portsweep
portsweep
normal
neptune
normal
satan
normal
neptune
normal
normal
normal
normal
normal
normal
smurf
neptune
portsweep
normal
normal
normal
satan
neptune
normal
normal
normal
neptune
normal
neptune
neptune
neptune
normal
ipsweep
normal
ipsweep
smurf
neptune
normal
normal
normal
back
normal
neptune
neptune
neptune
neptune
neptune
neptune
portsweep
neptune
neptune
neptune
normal
normal
normal
normal
ipsweep
neptune
neptune
normal
satan
normal
smurf
normal
normal
neptune
neptune
neptune
normal
nmap
normal
normal
neptune
normal
neptune
normal
normal
normal
neptune
normal
satan
neptune
normal
neptune
nmap
normal
normal
portsweep
normal
neptune
normal
normal
normal
neptune
normal
neptune
neptune
neptune
portsweep
neptune
satan
neptune
normal
normal
normal
neptune
normal
normal
normal
neptune
neptune
neptune
normal
neptune
normal
normal
normal
neptune
neptune
nmap
normal
normal
neptune
normal
neptune
normal
normal
normal
normal
neptune
normal
neptune
normal
normal
normal
normal
normal
normal
neptune
neptune
neptune
neptune
normal
neptune
normal
normal
neptune
normal
normal
normal
normal
smurf
neptune
ipsweep
neptune
neptune
neptune
normal
neptune
neptune
ipsweep
neptune
ipsweep
normal
normal
neptune
normal
neptune
normal
normal
normal
normal
normal
normal
satan
neptune
normal
neptune
portsweep
normal
neptune
normal
normal
normal
neptune
neptune
neptune
normal
neptune
neptune
normal
normal
normal
nmap
normal
neptune
normal
normal
neptune
neptune
normal
neptune
normal
neptune
normal
normal
neptune
normal
neptune
neptune
neptune
neptune
neptune
normal
normal
normal
normal
normal
normal
normal
teardrop
normal
normal
satan
normal
normal
neptune
satan
normal
normal
neptune
normal
neptune
normal
normal
normal
portsweep
normal
normal
normal
normal
normal
neptune
nmap
normal
portsweep
normal
neptune
normal
normal
normal
normal
normal
normal
neptune
neptune
normal
normal
normal
normal
neptune
neptune
neptune
normal
neptune
normal
normal
normal
normal
nmap
neptune
normal
neptune
neptune
neptune
neptune
normal
smurf
neptune
normal
normal
normal
normal
normal
neptune
neptune
neptune
neptune
normal
normal
normal
normal
neptune
teardrop
neptune
normal
normal
normal
normal
normal
neptune
normal
satan
neptune
normal
normal
normal
normal
neptune
normal
neptune
portsweep
neptune
normal
normal
normal
normal
normal
normal
normal
normal
normal
neptune
smurf
normal
normal
normal
neptune
normal
normal
normal
normal
normal
neptune
neptune
satan
normal
normal
normal
normal
neptune
normal
normal
normal
normal
neptune
normal
neptune
neptune
satan
normal
normal
neptune
normal
neptune
normal
normal
normal
normal
normal
neptune
neptune
neptune
normal
neptune
normal
ipsweep
neptune
normal
normal
normal
neptune
smurf
normal
portsweep
normal
normal
neptune
neptune
neptune
neptune
portsweep
normal
normal
portsweep
neptune
smurf
neptune
normal
normal
normal
satan
portsweep
neptune
normal
neptune
neptune
normal
portsweep
normal
neptune
neptune
neptune
normal
teardrop
normal
normal
normal
normal
normal
satan
normal
normal
normal
teardrop
normal
nmap
normal
neptune
normal
normal
normal
normal
neptune
normal
neptune
neptune
normal
neptune
neptune
neptune
neptune
normal
normal
normal
neptune
normal
ipsweep
normal
satan
normal
normal
neptune
normal
normal
neptune
neptune
neptune
normal
portsweep
normal
normal
neptune
neptune
teardrop
teardrop
neptune
normal
normal
neptune
neptune
normal
normal
neptune
normal
teardrop
neptune
normal
neptune
normal
normal
normal
normal
neptune
normal
nmap
normal
normal
satan
normal
normal
normal
ipsweep
normal
normal
nmap
smurf
normal
neptune
neptune
normal
normal
normal
neptune
normal
neptune
neptune
normal
neptune
normal
neptune
normal
neptune
normal
normal
normal
normal
normal
normal
normal
neptune
normal
normal
smurf
normal
ipsweep
ipsweep
normal
normal
normal
normal
smurf
normal
normal
normal
normal
normal
ipsweep
neptune
ipsweep
normal
normal
normal
normal
neptune
neptune
normal
ipsweep
normal
normal
normal
normal
normal
normal
neptune
normal
neptune
warezclient
normal
neptune
normal
neptune
normal
neptune
normal
neptune
normal
satan
pod
neptune
normal
normal
neptune
neptune
neptune
normal
normal
back
neptune
normal
normal
normal
satan
normal
normal
ipsweep
normal
neptune
normal
normal
neptune
neptune
portsweep
normal
normal
normal
normal
normal
normal
neptune
normal
normal
satan
normal
normal
neptune
teardrop
normal
portsweep
normal
smurf
neptune
normal
neptune
neptune
normal
neptune
normal
ipsweep
normal
normal
neptune
neptune
normal
neptune
neptune
normal
satan
neptune
satan
normal
satan
neptune
normal
normal
normal
smurf
normal
neptune
neptune
neptune
normal
normal
neptune
normal
normal
loadmodule
neptune
normal
neptune
normal
neptune
neptune
neptune
normal
satan
normal
neptune
normal
normal
normal
normal
neptune
normal
normal
normal
normal
neptune
normal
neptune
neptune
normal
neptune
satan
normal
neptune
normal
neptune
normal
neptune
neptune
normal
normal
normal
neptune
normal
neptune
neptune
normal
satan
neptune
neptune
smurf
normal
normal
neptune
normal
normal
normal
neptune
normal
normal
normal
neptune
normal
neptune
normal
satan
normal
neptune
ipsweep
normal
smurf
normal
normal
neptune
normal
neptune
neptune
normal
normal
normal
normal
normal
normal
satan
normal
normal
normal
normal
smurf
normal
normal
normal
normal
smurf
normal
neptune
normal
normal
normal
normal
neptune
normal
normal
normal
neptune
normal
normal
normal
normal
normal
neptune
normal
smurf
neptune
smurf
normal
normal
smurf
normal
normal
neptune
normal
neptune
neptune
neptune
normal
neptune
normal
neptune
neptune
normal
neptune
neptune
portsweep
normal
normal
neptune
normal
normal
portsweep
neptune
neptune
neptune
normal
neptune
normal
normal
normal
normal
normal
neptune
normal
normal
normal
neptune
portsweep
neptune
neptune
neptune
normal
teardrop
neptune
normal
normal
normal
neptune
neptune
normal
normal
normal
normal
neptune
normal
neptune
normal
back
normal
neptune
normal
neptune
normal
normal
normal
normal
normal
warezmaster
neptune
ipsweep
normal
normal
neptune
normal
neptune
satan
normal
neptune
smurf
normal
normal
portsweep
neptune
normal
normal
normal
normal
neptune
portsweep
neptune
neptune
neptune
normal
normal
normal
normal
normal
normal
normal
neptune
back
normal
warezclient
normal
neptune
normal
neptune
normal
normal
normal
ipsweep
normal
normal
neptune
smurf
ipsweep
neptune
neptune
normal
normal
portsweep
normal
normal
normal
normal
neptune
normal
smurf
neptune
normal
ipsweep
normal
neptune
normal
back
neptune
neptune
normal
neptune
portsweep
smurf
normal
normal
neptune
neptune
normal
normal
normal
neptune
normal
neptune
normal
normal
smurf
neptune
neptune
smurf
neptune
normal
neptune
ipsweep
portsweep
normal
normal
normal
normal
normal
normal
normal
normal
neptune
neptune
normal
normal
normal
normal
normal
normal
neptune
neptune
normal
normal
neptune
normal
satan
nmap
neptune
normal
normal
normal
neptune
normal
neptune
neptune
normal
normal
neptune
neptune
normal
neptune
neptune
normal
normal
neptune
normal
neptune
normal
normal
normal
normal
neptune
neptune
neptune
neptune
neptune
normal
normal
neptune
normal
normal
normal
normal
normal
neptune
normal
neptune
ipsweep
neptune
normal
normal
portsweep
normal
normal
normal
normal
neptune
normal
normal
portsweep
normal
neptune
normal
normal
normal
neptune
normal
neptune
normal
normal
neptune
normal
neptune
neptune
satan
normal
normal
ipsweep
neptune
normal
neptune
normal
neptune
normal
normal
neptune
normal
normal
normal
neptune
normal
neptune
satan
neptune
neptune
normal
normal
neptune
neptune
normal
teardrop
nmap
normal
neptune
normal
normal
neptune
neptune
normal
back
normal
neptune
normal
normal
neptune
normal
normal
neptune
neptune
neptune
normal
neptune
neptune
ipsweep
neptune
normal
normal
neptune
normal
normal
neptune
normal
normal
normal
normal
neptune
portsweep
normal
nmap
back
normal
nmap
neptune
neptune
normal
normal
normal
neptune
normal
neptune
normal
nmap
normal
neptune
normal
neptune
neptune
normal
neptune
normal
normal
neptune
neptune
warezclient
neptune
normal
normal
normal
neptune
normal
normal
neptune
neptune
normal
warezclient
neptune
normal
neptune
normal
nmap
warezclient
ipsweep
satan
normal
normal
neptune
normal
normal
neptune
normal
neptune
normal
neptune
normal
normal
neptune
normal
normal
neptune
neptune
normal
neptune
neptune
neptune
satan
neptune
normal
back
neptune
normal
neptune
back
neptune
ipsweep
normal
normal
neptune
neptune
normal
normal
normal
neptune
neptune
normal
normal
normal
normal
neptune
neptune
neptune
normal
normal
neptune
normal
neptune
neptune
neptune
normal
normal
normal
normal
normal
normal
neptune
normal
normal
normal
normal
normal
nmap
normal
normal
neptune
normal
normal
normal
neptune
neptune
satan
neptune
satan
normal
normal
normal
neptune
neptune
neptune
neptune
normal
neptune
normal
neptune
normal
normal
ipsweep
normal
ipsweep
normal
normal
neptune
normal
normal
normal
normal
neptune
neptune
normal
neptune
normal
normal
normal
smurf
normal
normal
portsweep
normal
normal
normal
normal
normal
neptune
normal
normal
normal
neptune
warezclient
normal
neptune
normal
neptune
normal
normal
smurf
neptune
satan
normal
neptune
neptune
neptune
normal
normal
neptune
neptune
neptune
neptune
neptune
normal
neptune
normal
normal
normal
portsweep
normal
neptune
normal
normal
normal
neptune
normal
neptune
neptune
neptune
ipsweep
teardrop
neptune
portsweep
neptune
normal
normal
normal
neptune
neptune
normal
normal
ipsweep
normal
neptune
normal
normal
normal
normal
neptune
neptune
normal
normal
normal
normal
normal
nmap
normal
neptune
normal
neptune
normal
neptune
portsweep
normal
normal
normal
normal
normal
normal
normal
normal
neptune
normal
normal
neptune
normal
neptune
normal
normal
neptune
satan
neptune
normal
satan
neptune
normal
neptune
normal
portsweep
normal
normal
normal
neptune
normal
teardrop
neptune
normal
neptune
normal
normal
neptune
normal
normal
normal
normal
normal
normal
normal
normal
normal
neptune
normal
neptune
neptune
normal
neptune
neptune
normal
smurf
normal
portsweep
normal
neptune
normal
normal
normal
neptune
normal
neptune
ipsweep
smurf
normal
satan
normal
normal
smurf
normal
neptune
normal
neptune
normal
neptune
normal
neptune
normal
neptune
normal
normal
normal
neptune
normal
ipsweep
neptune
normal
normal
neptune
neptune
normal
neptune
neptune
neptune
normal
normal
normal
neptune
normal
neptune
neptune
neptune
normal
neptune
neptune
normal
neptune
neptune
normal
normal
neptune
normal
ipsweep
normal
satan
normal
normal
normal
normal
normal
normal
normal
normal
neptune
back
neptune
normal
neptune
normal
neptune
satan
normal
normal
normal
normal
neptune
neptune
neptune
normal
neptune
neptune
neptune
neptune
normal
normal
normal
neptune
normal
normal
neptune
normal
normal
neptune
normal
normal
smurf
normal
teardrop
normal
portsweep
ipsweep
normal
neptune
neptune
normal
normal
neptune
neptune
normal
neptune
ipsweep
neptune
normal
normal
neptune
normal
neptune
smurf
neptune
nmap
normal
normal
normal
normal
normal
normal
normal
normal
normal
normal
neptune
normal
normal
normal
normal
normal
normal
normal
satan
neptune
normal
normal
normal
normal
normal
neptune
neptune
neptune
neptune
neptune
smurf
normal
normal
normal
normal
neptune
normal
neptune
normal
neptune
neptune
neptune
neptune
neptune
neptune
neptune
neptune
normal
normal
normal
normal
normal
normal
neptune
satan
satan
neptune
normal
neptune
normal
neptune
normal
neptune
neptune
normal
neptune
normal
normal
normal
normal
portsweep
neptune
neptune
normal
normal
normal
normal
neptune
normal
satan
neptune
neptune
neptune
normal
neptune
normal
normal
normal
normal
normal
normal
normal
neptune
normal
normal
normal
neptune
normal
neptune
normal
neptune
normal
neptune
neptune
ipsweep
normal
warezclient
neptune
normal
neptune
normal
neptune
normal
warezclient
neptune
normal
neptune
normal
neptune
neptune
normal
ipsweep
normal
normal
normal
normal
normal
neptune
normal
normal
neptune
normal
neptune
normal
normal
neptune
normal
neptune
neptune
normal
normal
neptune
satan
normal
normal
neptune
normal
normal
normal
normal
smurf
normal
normal
normal
ipsweep
normal
normal
back
normal
smurf
normal
neptune
normal
neptune
normal
neptune
normal
neptune
portsweep
warezclient
normal
normal
smurf
neptune
normal
normal
normal
neptune
neptune
normal
guess_passwd
neptune
normal
normal
normal
normal
normal
neptune
portsweep
normal
normal
normal
neptune
normal
normal
normal
normal
normal
normal
normal
normal
neptune
neptune
neptune
neptune
normal
normal
normal
neptune
teardrop
normal
normal
neptune
portsweep
normal
normal
normal
normal
neptune
portsweep
neptune
warezclient
neptune
neptune
normal
neptune
normal
normal
normal
neptune
normal
neptune
smurf
normal
normal
neptune
neptune
normal
normal
neptune
normal
neptune
normal
neptune
normal
normal
neptune
normal
normal
neptune
neptune
normal
normal
neptune
normal
normal
neptune
normal
neptune
portsweep
neptune
normal
neptune
smurf
neptune
portsweep
normal
neptune
normal
teardrop
normal
normal
neptune
normal
normal
neptune
neptune
normal
normal
neptune
normal
normal
neptune
normal
neptune
normal
ipsweep
neptune
neptune
normal
neptune
normal
neptune
normal
neptune
neptune
neptune
normal
normal
neptune
normal
warezclient
neptune
normal
normal
normal
normal
normal
neptune
normal
normal
normal
normal
normal
smurf
neptune
neptune
normal
neptune
normal
smurf
normal
normal
neptune
neptune
neptune
normal
smurf
neptune
neptune
normal
normal
neptune
smurf
normal
normal
neptune
normal
normal
normal
normal
normal
neptune
nmap
neptune
normal
neptune
normal
neptune
normal
neptune
neptune
normal
normal
normal
normal
neptune
neptune
normal
normal
normal
neptune
normal
normal
normal
normal
smurf
normal
normal
neptune
neptune
neptune
neptune
normal
normal
normal
normal
neptune
normal
neptune
normal
normal
normal
normal
normal
normal
warezclient
normal
neptune
portsweep
normal
warezclient
neptune
normal
normal
nmap
smurf
nmap
normal
normal
normal
neptune
neptune
neptune
normal
normal
normal
normal
neptune
normal
normal
neptune
ipsweep
normal
normal
normal
normal
normal
satan
normal
normal
normal
normal
teardrop
neptune
normal
ipsweep
neptune
normal
normal
normal
neptune
normal
normal
normal
neptune
satan
normal
normal
normal
neptune
neptune
normal
portsweep
normal
normal
smurf
neptune
neptune
neptune
neptune
normal
smurf
ipsweep
normal
nmap
normal
normal
normal
normal
normal
neptune
normal
normal
neptune
neptune
normal
neptune
neptune
normal
normal
teardrop
normal
normal
normal
normal
normal
neptune
normal
neptune
normal
smurf
neptune
normal
normal
neptune
normal
normal
normal
normal
neptune
neptune
normal
neptune
neptune
neptune
normal
portsweep
ipsweep
neptune
normal
normal
normal
normal
normal
normal
neptune
normal
normal
normal
normal
normal
neptune
normal
normal
normal
neptune
neptune
normal
neptune
normal
normal
normal
neptune
neptune
normal
neptune
normal
normal
neptune
normal
neptune
neptune
normal
neptune
normal
neptune
normal
normal
neptune
teardrop
neptune
neptune
normal
neptune
normal
normal
neptune
normal
neptune
normal
normal
neptune
neptune
nmap
ipsweep
normal
normal
portsweep
neptune
satan
normal
neptune
normal
normal
neptune
normal
normal
neptune
normal
nmap
normal
normal
normal
satan
ipsweep
normal
normal
satan
neptune
neptune
normal
normal
neptune
normal
neptune
normal
normal
neptune
satan
normal
normal
neptune
neptune
normal
portsweep
normal
normal
normal
normal
normal
neptune
smurf
neptune
neptune
normal
normal
neptune
nmap
normal
neptune
normal
normal
neptune
normal
normal
normal
neptune
neptune
neptune
normal
ipsweep
neptune
nmap
normal
warezclient
neptune
normal
portsweep
normal
neptune
normal
normal
neptune
normal
neptune
normal
normal
neptune
normal
neptune
normal
normal
normal
neptune
neptune
normal
nmap
normal
normal
normal
normal
normal
neptune
normal
neptune
neptune
normal
normal
neptune
portsweep
neptune
neptune
neptune
neptune
normal
neptune
neptune
normal
neptune
normal
warezclient
neptune
normal
normal
neptune
neptune
normal
normal
normal
neptune
normal
neptune
normal
normal
normal
normal
neptune
satan
normal
normal
normal
smurf
neptune
normal
normal
neptune
normal
normal
normal
normal
teardrop
normal
neptune
satan
normal
smurf
normal
neptune
pod
normal
normal
normal
neptune
neptune
normal
neptune
normal
neptune
neptune
neptune
normal
normal
neptune
normal
normal
neptune
normal
normal
normal
warezclient
normal
normal
normal
normal
normal
neptune
normal
satan
neptune
normal
normal
neptune
normal
normal
neptune
smurf
normal
normal
neptune
normal
neptune
neptune
neptune
normal
normal
neptune
satan
pod
neptune
normal
neptune
satan
nmap
neptune
neptune
neptune
normal
normal
smurf
neptune
normal
neptune
normal
normal
normal
normal
ipsweep
normal
pod
normal
normal
normal
ipsweep
neptune
normal
normal
neptune
normal
neptune
normal
normal
normal
normal
normal
neptune
normal
normal
normal
neptune
neptune
normal
normal
normal
normal
neptune
neptune
neptune
normal
neptune
neptune
normal
normal
nmap
normal
normal
normal
neptune
portsweep
neptune
portsweep
neptune
normal
normal
nmap
normal
portsweep
satan
neptune
normal
normal
normal
portsweep
normal
normal
normal
neptune
smurf
normal
normal
back
normal
neptune
ipsweep
normal
normal
neptune
satan
normal
normal
neptune
neptune
neptune
normal
normal
normal
satan
neptune
neptune
normal
neptune
neptune
neptune
normal
neptune
ipsweep
neptune
normal
neptune
teardrop
normal
neptune
normal
normal
normal
smurf
satan
neptune
back
neptune
normal
normal
teardrop
ipsweep
normal
normal
normal
neptune
normal
portsweep
neptune
normal
ipsweep
neptune
neptune
satan
neptune
neptune
ipsweep
normal
normal
normal
ipsweep
normal
neptune
normal
neptune
normal
normal
normal
neptune
normal
neptune
normal
neptune
ipsweep
normal
portsweep
normal
neptune
normal
neptune
normal
normal
normal
neptune
normal
neptune
neptune
normal
ipsweep
ipsweep
normal
normal
back
warezclient
normal
smurf
normal
ipsweep
normal
normal
normal
normal
normal
normal
neptune
normal
ipsweep
normal
normal
normal
smurf
normal
normal
portsweep
neptune
neptune
neptune
normal
neptune
ipsweep
smurf
normal
ipsweep
satan
neptune
normal
normal
normal
ipsweep
neptune
neptune
satan
normal
normal
normal
normal
normal
normal
normal
neptune
neptune
normal
normal
normal
normal
neptune
neptune
normal
normal
normal
satan
normal
neptune
normal
portsweep
smurf
back
normal
satan
normal
normal
smurf
neptune
neptune
normal
normal
normal
normal
neptune
normal
normal
satan
normal
normal
neptune
neptune
normal
neptune
normal
neptune
normal
neptune
neptune
satan
neptune
normal
normal
normal
ipsweep
neptune
satan
normal
neptune
ipsweep
normal
satan
neptune
normal
normal
normal
normal
normal
neptune
normal
normal
normal
portsweep
normal
satan
neptune
ipsweep
ipsweep
normal
normal
ipsweep
normal
neptune
smurf
normal
normal
normal
normal
normal
normal
neptune
neptune
normal
neptune
neptune
normal
ipsweep
neptune
normal
neptune
normal
neptune
satan
normal
neptune
warezclient
normal
neptune
normal
neptune
normal
neptune
normal
neptune
normal
normal
neptune
normal
neptune
normal
normal
normal
satan
normal
normal
normal
normal
smurf
neptune
teardrop
normal
normal
normal
nmap
normal
normal
neptune
smurf
neptune
normal
neptune
normal
normal
normal
neptune
neptune
neptune
neptune
neptune
portsweep
normal
neptune
normal
back
neptune
normal
satan
normal
neptune
smurf
ipsweep
ipsweep
neptune
normal
normal
normal
neptune
neptune
normal
nmap
normal
satan
smurf
teardrop
neptune
portsweep
neptune
normal
neptune
normal
normal
neptune
ipsweep
normal
neptune
neptune
back
neptune
neptune
normal
normal
normal
neptune
normal
normal
ipsweep
neptune
normal
normal
normal
normal
ipsweep
neptune
normal
normal
normal
normal
portsweep
normal
normal
neptune
normal
normal
normal
neptune
neptune
normal
normal
satan
normal
normal
ipsweep
neptune
normal
normal
normal
neptune
normal
normal
satan
smurf
normal
normal
normal
normal
neptune
normal
normal
neptune
back
normal
neptune
neptune
normal
neptune
ipsweep
normal
normal
normal
normal
neptune
normal
neptune
nmap
neptune
normal
ipsweep
nmap
neptune
normal
normal
normal
neptune
neptune
back
normal
portsweep
neptune
normal
normal
neptune
neptune
warezclient
normal
normal
normal
neptune
normal
normal
normal
normal
neptune
neptune
normal
normal
neptune
normal
normal
normal
neptune
normal
normal
normal
neptune
normal
nmap
normal
normal
ipsweep
normal
normal
smurf
neptune
normal
normal
normal
neptune
ipsweep
neptune
normal
normal
ipsweep
neptune
normal
neptune
normal
neptune
normal
normal
normal
normal
neptune
neptune
neptune
neptune
satan
normal
normal
normal
neptune
normal
normal
neptune
neptune
neptune
neptune
normal
normal
neptune
neptune
nmap
normal
normal
normal
neptune
normal
neptune
normal
normal
nmap
normal
normal
normal
normal
normal
normal
ipsweep
normal
normal
normal
neptune
neptune
neptune
normal
normal
smurf
neptune
normal
normal
neptune
normal
normal
normal
normal
neptune
normal
normal
neptune
normal
normal
normal
normal
normal
portsweep
normal
neptune
normal
neptune
portsweep
smurf
normal
neptune
neptune
normal
normal
teardrop
neptune
neptune
normal
portsweep
smurf
normal
normal
nmap
normal
normal
normal
normal
normal
neptune
neptune
normal
ipsweep
portsweep
normal
smurf
warezclient
neptune
portsweep
normal
portsweep
neptune
neptune
neptune
normal
normal
ipsweep
normal
normal
normal
normal
neptune
normal
normal
neptune
neptune
normal
normal
normal
normal
teardrop
ipsweep
normal
normal
normal
neptune
neptune
normal
neptune
normal
neptune
normal
normal
normal
neptune
normal
neptune
neptune
neptune
normal
portsweep
normal
normal
neptune
neptune
neptune
normal
normal
normal
normal
normal
neptune
normal
normal
normal
normal
neptune
smurf
normal
normal
neptune
neptune
normal
normal
neptune
normal
teardrop
neptune
normal
normal
normal
normal
normal
neptune
normal
normal
neptune
neptune
neptune
normal
normal
normal
normal
neptune
neptune
normal
normal
normal
neptune
normal
neptune
normal
ipsweep
normal
normal
normal
normal
normal
teardrop
normal
neptune
warezclient
normal
nmap
neptune
normal
neptune
neptune
normal
neptune
neptune
normal
satan
normal
normal
neptune
normal
normal
ipsweep
normal
neptune
neptune
normal
smurf
neptune
normal
normal
normal
normal
neptune
neptune
normal
normal
normal
neptune
normal
neptune
neptune
normal
normal
neptune
neptune
neptune
normal
neptune
neptune
neptune
neptune
neptune
normal
neptune
normal
normal
normal
normal
normal
back
normal
nmap
neptune
normal
neptune
normal
satan
nmap
ipsweep
neptune
neptune
normal
neptune
neptune
neptune
normal
normal
pod
neptune
normal
nmap
normal
neptune
normal
normal
portsweep
neptune
normal
normal
normal
smurf
normal
normal
neptune
normal
normal
neptune
portsweep
neptune
neptune
normal
smurf
normal
neptune
normal
neptune
normal
normal
normal
normal
normal
normal
neptune
neptune
satan
neptune
normal
normal
normal
normal
normal
normal
normal
normal
normal
normal
normal
normal
normal
normal
normal
neptune
normal
normal
normal
neptune
portsweep
neptune
neptune
neptune
normal
satan
normal
neptune
normal
neptune
normal
neptune
neptune
back
normal
normal
neptune
neptune
normal
neptune
normal
neptune
normal
normal
normal
normal
neptune
normal
smurf
normal
normal
neptune
normal
normal
normal
normal
ipsweep
normal
normal
neptune
neptune
neptune
normal
normal
neptune
normal
normal
normal
normal
normal
ipsweep
neptune
normal
normal
normal
ipsweep
normal
normal
normal
portsweep
normal
normal
neptune
normal
normal
neptune
neptune
teardrop
neptune
normal
satan
satan
normal
neptune
normal
normal
normal
normal
normal
normal
normal
normal
normal
normal
satan
normal
smurf
neptune
portsweep
normal
neptune
normal
neptune
normal
normal
normal
normal
neptune
smurf
normal
normal
neptune
normal
normal
neptune
normal
neptune
neptune
neptune
normal
neptune
normal
normal
neptune
neptune
neptune
normal
neptune
portsweep
nmap
normal
normal
neptune
neptune
normal
neptune
normal
normal
back
normal
normal
normal
normal
neptune
normal
neptune
ipsweep
normal
ipsweep
neptune
nmap
neptune
neptune
neptune
normal
normal
normal
normal
neptune
teardrop
normal
normal
neptune
normal
normal
ipsweep
normal
portsweep
back
normal
neptune
normal
normal
neptune
normal
normal
normal
normal
portsweep
neptune
normal
normal
neptune
normal
normal
back
neptune
satan
neptune
neptune
neptune
portsweep
normal
normal
normal
satan
neptune
neptune
neptune
normal
normal
normal
normal
neptune
normal
neptune
neptune
neptune
ipsweep
neptune
normal
normal
neptune
normal
normal
portsweep
neptune
normal
satan
normal
back
normal
neptune
normal
normal
normal
neptune
neptune
neptune
normal
normal
ipsweep
normal
normal
neptune
normal
normal
smurf
neptune
normal
neptune
normal
portsweep
normal
normal
ipsweep
normal
normal
normal
normal
neptune
ipsweep
normal
neptune
normal
normal
neptune
normal
normal
neptune
neptune
neptune
normal
neptune
neptune
normal
normal
normal
normal
normal
normal
normal
neptune
normal
neptune
neptune
neptune
smurf
normal
normal
normal
neptune
normal
normal
neptune
normal
normal
normal
normal
normal
normal
normal
normal
normal
normal
normal
neptune
ipsweep
normal
normal
normal
normal
neptune
normal
normal
satan
neptune
normal
normal
normal
neptune
neptune
neptune
normal
normal
neptune
normal
neptune
normal
neptune
normal
ipsweep
neptune
satan
normal
normal
normal
nmap
portsweep
normal
normal
neptune
satan
normal
normal
neptune
normal
normal
normal
portsweep
normal
neptune
neptune
normal
normal
ipsweep
normal
normal
neptune
normal
neptune
neptune
neptune
satan
neptune
normal
normal
teardrop
normal
neptune
normal
normal
normal
normal
normal
neptune
normal
normal
normal
normal
normal
neptune
normal
back
neptune
pod
portsweep
normal
neptune
normal
normal
neptune
normal
neptune
neptune
portsweep
ipsweep
neptune
normal
neptune
normal
normal
neptune
normal
neptune
normal
neptune
normal
neptune
ipsweep
normal
neptune
neptune
warezclient
normal
smurf
back
portsweep
neptune
neptune
normal
normal
normal
normal
normal
normal
neptune
normal
normal
normal
normal
neptune
portsweep
neptune
neptune
neptune
normal
normal
satan
normal
normal
normal
normal
normal
normal
neptune
normal
neptune
normal
neptune
normal
back
neptune
normal
normal
neptune
normal
neptune
teardrop
neptune
normal
neptune
normal
normal
neptune
neptune
neptune
normal
back
normal
neptune
neptune
normal
normal
neptune
normal
neptune
normal
neptune
normal
normal
normal
neptune
neptune
normal
neptune
normal
satan
teardrop
normal
normal
normal
ipsweep
ipsweep
normal
neptune
normal
satan
neptune
normal
ipsweep
neptune
neptune
satan
neptune
neptune
teardrop
normal
normal
neptune
normal
neptune
teardrop
normal
normal
normal
normal
normal
normal
neptune
neptune
neptune
neptune
normal
neptune
normal
normal
portsweep
neptune
neptune
neptune
normal
normal
normal
ipsweep
ipsweep
neptune
satan
normal
neptune
normal
neptune
satan
normal
back
neptune
neptune
neptune
neptune
normal
neptune
normal
normal
neptune
neptune
neptune
neptune
neptune
normal
normal
ipsweep
neptune
neptune
neptune
neptune
neptune
normal
normal
normal
neptune
neptune
normal
neptune
normal
neptune
normal
neptune
normal
ipsweep
normal
normal
ipsweep
normal
normal
neptune
neptune
normal
neptune
neptune
neptune
smurf
normal
ipsweep
normal
normal
neptune
normal
normal
normal
neptune
neptune
normal
teardrop
neptune
neptune
normal
normal
normal
neptune
neptune
normal
neptune
normal
normal
normal
neptune
portsweep
normal
warezclient
normal
smurf
normal
neptune
neptune
ipsweep
normal
normal
normal
normal
ipsweep
portsweep
normal
neptune
neptune
normal
normal
satan
neptune
nmap
normal
neptune
normal
portsweep
normal
normal
satan
normal
normal
neptune
normal
normal
neptune
normal
neptune
normal
normal
neptune
normal
normal
teardrop
normal
neptune
back
normal
normal
neptune
back
normal
normal
normal
normal
neptune
normal
neptune
normal
neptune
normal
neptune
neptune
ipsweep
normal
normal
neptune
neptune
normal
normal
normal
neptune
normal
normal
neptune
smurf
normal
normal
normal
neptune
normal
normal
normal
normal
normal
neptune
normal
neptune
neptune
neptune
neptune
normal
normal
neptune
normal
neptune
normal
normal
neptune
neptune
neptune
normal
ipsweep
normal
ipsweep
ipsweep
normal
normal
normal
normal
normal
normal
portsweep
smurf
neptune
neptune
ipsweep
smurf
normal
normal
normal
normal
normal
neptune
normal
normal
normal
normal
normal
neptune
normal
normal
satan
neptune
satan
normal
normal
neptune
normal
normal
normal
normal
normal
neptune
smurf
neptune
ipsweep
normal
teardrop
satan
portsweep
normal
neptune
normal
neptune
normal
normal
satan
neptune
neptune
normal
back
neptune
normal
normal
normal
neptune
normal
ipsweep
normal
ipsweep
neptune
normal
normal
neptune
normal
normal
smurf
normal
normal
satan
neptune
normal
ipsweep
normal
neptune
normal
neptune
neptune
normal
neptune
neptune
normal
normal
normal
smurf
normal
normal
neptune
neptune
neptune
smurf
satan
normal
ipsweep
normal
ipsweep
normal
neptune
normal
normal
normal
smurf
neptune
normal
teardrop
warezclient
teardrop
portsweep
normal
neptune
ipsweep
normal
neptune
neptune
normal
normal
normal
normal
normal
normal
normal
neptune
normal
normal
smurf
normal
normal
neptune
smurf
normal
normal
neptune
normal
normal
portsweep
normal
neptune
normal
normal
neptune
normal
normal
back
neptune
neptune
neptune
normal
normal
portsweep
normal
normal
normal
neptune
neptune
neptune
normal
normal
normal
normal
nmap
neptune
normal
neptune
normal
normal
neptune
neptune
normal
normal
normal
neptune
neptune
normal
normal
neptune
normal
normal
neptune
ipsweep
neptune
normal
neptune
smurf
normal
normal
normal
neptune
normal
normal
neptune
back
normal
neptune
normal
neptune
normal
normal
normal
satan
neptune
normal
normal
neptune
normal
portsweep
satan
portsweep
neptune
smurf
normal
neptune
normal
normal
neptune
portsweep
neptune
normal
normal
normal
ipsweep
neptune
neptune
neptune
portsweep
smurf
normal
normal
normal
normal
ipsweep
normal
normal
normal
neptune
normal
smurf
neptune
neptune
normal
neptune
normal
neptune
neptune
normal
neptune
portsweep
neptune
normal
normal
normal
normal
normal
satan
neptune
normal
normal
normal
normal
normal
normal
normal
neptune
satan
normal
neptune
teardrop
normal
satan
normal
normal
normal
normal
normal
normal
normal
neptune
normal
normal
normal
neptune
normal
neptune
satan
normal
normal
normal
neptune
portsweep
normal
neptune
neptune
normal
normal
neptune
normal
neptune
neptune
normal
normal
normal
neptune
neptune
normal
neptune
neptune
teardrop
smurf
normal
normal
normal
normal
normal
normal
normal
neptune
normal
normal
normal
neptune
normal
normal
neptune
neptune
normal
normal
neptune
neptune
neptune
normal
normal
ipsweep
neptune
normal
neptune
normal
normal
normal
normal
normal
normal
normal
normal
neptune
normal
normal
neptune
neptune
neptune
normal
ipsweep
normal
neptune
normal
normal
normal
normal
normal
normal
normal
normal
neptune
neptune
neptune
normal
normal
normal
neptune
normal
normal
normal
normal
satan
normal
normal
neptune
normal
normal
normal
neptune
normal
back
neptune
nmap
normal
normal
normal
neptune
neptune
normal
neptune
normal
normal
normal
normal
neptune
normal
nmap
neptune
normal
neptune
normal
normal
normal
satan
neptune
neptune
normal
neptune
neptune
normal
neptune
neptune
normal
normal
neptune
normal
normal
satan
normal
neptune
normal
normal
ipsweep
neptune
normal
normal
normal
normal
neptune
neptune
neptune
neptune
normal
normal
normal
neptune
normal
neptune
normal
normal
ipsweep
normal
neptune
normal
normal
satan
normal
normal
normal
normal
normal
neptune
neptune
normal
normal
normal
normal
neptune
normal
neptune
normal
normal
nmap
normal
neptune
neptune
neptune
portsweep
normal
normal
normal
satan
neptune
normal
neptune
neptune
neptune
normal
normal
neptune
neptune
neptune
normal
normal
ipsweep
neptune
smurf
normal
normal
normal
normal
normal
normal
satan
normal
normal
neptune
neptune
neptune
normal
neptune
neptune
normal
normal
normal
neptune
normal
neptune
normal
normal
normal
neptune
neptune
neptune
neptune
normal
normal
neptune
normal
normal
warezclient
back
neptune
normal
normal
normal
back
normal
neptune
normal
neptune
normal
normal
neptune
neptune
normal
satan
normal
neptune
normal
normal
normal
normal
normal
normal
normal
normal
neptune
normal
normal
normal
normal
normal
satan
neptune
normal
normal
ipsweep
neptune
neptune
normal
normal
neptune
normal
neptune
normal
normal
normal
normal
warezclient
normal
satan
normal
neptune
neptune
normal
normal
teardrop
normal
normal
normal
satan
smurf
normal
normal
ipsweep
neptune
neptune
ipsweep
normal
neptune
neptune
neptune
normal
neptune
satan
portsweep
neptune
neptune
neptune
normal
neptune
pod
neptune
normal
normal
normal
normal
satan
normal
normal
normal
neptune
normal
normal
normal
satan
normal
neptune
normal
normal
teardrop
smurf
normal
normal
normal
neptune
normal
ipsweep
smurf
smurf
normal
nmap
neptune
smurf
neptune
normal
normal
neptune
portsweep
neptune
normal
normal
neptune
smurf
neptune
neptune
normal
normal
neptune
normal
neptune
normal
satan
smurf
normal
neptune
normal
neptune
neptune
normal
neptune
normal
neptune
neptune
normal
normal
neptune
normal
neptune
normal
normal
normal
neptune
normal
normal
ipsweep
neptune
ipsweep
normal
neptune
neptune
normal
normal
normal
normal
normal
normal
teardrop
normal
normal
normal
normal
satan
neptune
neptune
neptune
ipsweep
ipsweep
portsweep
normal
normal
normal
normal
ipsweep
normal
normal
normal
neptune
normal
normal
neptune
neptune
normal
neptune
neptune
satan
neptune
normal
normal
portsweep
neptune
normal
normal
neptune
neptune
normal
normal
neptune
normal
portsweep
normal
normal
normal
neptune
smurf
neptune
normal
ipsweep
portsweep
portsweep
pod
neptune
normal
normal
normal
neptune
neptune
neptune
normal
normal
normal
ipsweep
neptune
normal
normal
normal
neptune
neptune
normal
normal
ipsweep
normal
normal
normal
neptune
satan
neptune
neptune
ipsweep
neptune
neptune
normal
neptune
neptune
normal
normal
normal
neptune
normal
normal
normal
neptune
normal
neptune
neptune
normal
neptune
neptune
normal
normal
normal
warezclient
normal
neptune
normal
normal
normal
smurf
satan
neptune
normal
normal
normal
normal
normal
ipsweep
normal
normal
normal
normal
neptune
normal
neptune
neptune
ipsweep
neptune
normal
neptune
normal
ipsweep
neptune
neptune
normal
normal
neptune
neptune
normal
normal
neptune
neptune
neptune
normal
normal
normal
normal
smurf
neptune
neptune
normal
normal
back
neptune
neptune
neptune
neptune
neptune
smurf
normal
normal
neptune
neptune
normal
normal
neptune
neptune
neptune
normal
neptune
normal
normal
neptune
neptune
normal
normal
back
normal
neptune
satan
normal
normal
neptune
normal
normal
smurf
neptune
smurf
neptune
satan
normal
normal
satan
neptune
neptune
normal
normal
normal
normal
normal
normal
neptune
neptune
normal
normal
neptune
warezclient
normal
normal
normal
neptune
neptune
neptune
neptune
normal
normal
normal
normal
normal
normal
portsweep
neptune
neptune
normal
smurf
normal
back
normal
neptune
neptune
satan
back
normal
satan
normal
neptune
normal
neptune
normal
neptune
neptune
normal
smurf
normal
satan
normal
normal
neptune
normal
normal
normal
normal
neptune
normal
portsweep
ipsweep
normal
neptune
normal
normal
normal
normal
neptune
neptune
neptune
ipsweep
neptune
normal
normal
neptune
normal
normal
normal
normal
neptune
normal
normal
normal
neptune
neptune
neptune
normal
normal
normal
normal
back
normal
satan
normal
normal
normal
normal
normal
normal
satan
normal
normal
normal
neptune
normal
normal
normal
normal
neptune
neptune
normal
normal
normal
satan
normal
normal
neptune
neptune
portsweep
ipsweep
normal
normal
normal
normal
normal
neptune
normal
back
neptune
neptune
normal
neptune
normal
normal
normal
neptune
normal
neptune
normal
normal
normal
neptune
normal
neptune
neptune
neptune
neptune
smurf
neptune
normal
normal
normal
satan
normal
normal
normal
neptune
neptune
normal
nmap
satan
normal
normal
neptune
neptune
neptune
satan
normal
neptune
normal
neptune
normal
normal
normal
neptune
normal
normal
normal
normal
normal
normal
normal
neptune
neptune
neptune
normal
neptune
normal
neptune
neptune
normal
normal
normal
normal
smurf
neptune
neptune
neptune
smurf
normal
normal
normal
neptune
normal
normal
portsweep
normal
normal
normal
normal
normal
neptune
normal
ipsweep
normal
normal
normal
warezclient
neptune
neptune
normal
normal
normal
normal
neptune
normal
neptune
normal
normal
neptune
neptune
normal
normal
normal
normal
neptune
normal
normal
normal
normal
neptune
normal
normal
normal
normal
normal
neptune
normal
neptune
neptune
neptune
normal
neptune
normal
neptune
normal
neptune
normal
normal
ipsweep
neptune
neptune
smurf
normal
neptune
normal
normal
neptune
normal
normal
normal
normal
normal
normal
neptune
normal
normal
normal
normal
portsweep
normal
normal
neptune
normal
neptune
normal
normal
teardrop
nmap
neptune
normal
normal
satan
back
normal
satan
normal
neptune
normal
neptune
normal
neptune
neptune
neptune
normal
normal
neptune
satan
normal
normal
normal
normal
normal
neptune
neptune
neptune
normal
normal
normal
normal
normal
neptune
smurf
normal
portsweep
normal
satan
normal
normal
normal
neptune
normal
neptune
normal
portsweep
normal
normal
normal
normal
smurf
normal
warezclient
neptune
normal
normal
normal
neptune
normal
normal
normal
normal
neptune
neptune
neptune
neptune
normal
normal
normal
normal
neptune
normal
normal
normal
neptune
normal
normal
neptune
normal
satan
ipsweep
normal
neptune
normal
normal
normal
neptune
smurf
neptune
normal
neptune
satan
normal
normal
normal
normal
normal
normal
neptune
normal
normal
portsweep
normal
satan
normal
normal
normal
neptune
neptune
satan
neptune
ipsweep
neptune
normal
normal
normal
normal
neptune
normal
normal
normal
normal
normal
normal
normal
neptune
normal
normal
normal
neptune
portsweep
neptune
normal
neptune
normal
neptune
normal
neptune
normal
neptune
neptune
portsweep
normal
normal
normal
normal
normal
normal
normal
normal
normal
neptune
normal
neptune
normal
normal
warezclient
normal
neptune
normal
normal
normal
normal
normal
neptune
neptune
normal
normal
normal
normal
neptune
normal
neptune
normal
neptune
normal
neptune
neptune
neptune
normal
normal
normal
normal
normal
normal
normal
normal
neptune
normal
normal
normal
neptune
neptune
normal
normal
neptune
neptune
neptune
neptune
neptune
normal
teardrop
neptune
normal
normal
normal
normal
normal
normal
normal
neptune
neptune
neptune
neptune
normal
normal
normal
neptune
back
portsweep
normal
neptune
normal
normal
normal
neptune
normal
neptune
normal
normal
normal
smurf
smurf
normal
portsweep
normal
neptune
normal
neptune
neptune
normal
neptune
normal
normal
normal
normal
neptune
normal
portsweep
normal
normal
neptune
normal
normal
normal
normal
portsweep
pod
normal
satan
neptune
ipsweep
neptune
normal
normal
neptune
normal
teardrop
normal
nmap
neptune
neptune
neptune
normal
neptune
neptune
normal
neptune
neptune
normal
normal
normal
portsweep
normal
neptune
neptune
normal
satan
normal
normal
satan
nmap
neptune
neptune
normal
neptune
normal
neptune
normal
nmap
normal
normal
neptune
neptune
teardrop
normal
normal
neptune
normal
normal
normal
normal
neptune
normal
neptune
normal
neptune
neptune
neptune
smurf
normal
neptune
normal
neptune
neptune
neptune
back
neptune
neptune
neptune
neptune
normal
neptune
neptune
normal
neptune
neptune
neptune
neptune
normal
normal
normal
neptune
normal
ipsweep
normal
normal
normal
normal
normal
normal
normal
neptune
neptune
normal
neptune
satan
normal
normal
neptune
neptune
portsweep
neptune
normal
normal
normal
normal
neptune
ipsweep
normal
back
neptune
normal
normal
neptune
normal
neptune
normal
neptune
neptune
normal
normal
normal
normal
normal
normal
normal
neptune
normal
neptune
neptune
normal
normal
normal
normal
normal
neptune
neptune
neptune
neptune
neptune
normal
normal
normal
normal
neptune
normal
normal
normal
nmap
satan
neptune
neptune
normal
neptune
normal
normal
neptune
normal
neptune
ipsweep
warezclient
neptune
normal
neptune
neptune
ipsweep
normal
normal
normal
neptune
normal
normal
satan
portsweep
neptune
normal
normal
normal
neptune
teardrop
normal
normal
neptune
normal
normal
smurf
normal
normal
normal
normal
ipsweep
neptune
neptune
normal
normal
normal
normal
neptune
normal
normal
normal
neptune
neptune
ipsweep
neptune
normal
neptune
neptune
smurf
normal
neptune
normal
normal
neptune
neptune
normal
normal
neptune
normal
normal
portsweep
neptune
neptune
normal
normal
neptune
neptune
normal
neptune
normal
normal
neptune
normal
neptune
neptune
neptune
normal
warezmaster
neptune
neptune
neptune
ipsweep
normal
normal
neptune
normal
normal
neptune
neptune
normal
normal
normal
neptune
normal
portsweep
neptune
neptune
normal
portsweep
neptune
ipsweep
neptune
ipsweep
normal
normal
normal
normal
normal
normal
neptune
neptune
normal
ipsweep
normal
neptune
neptune
normal
normal
normal
neptune
neptune
ipsweep
normal
normal
ipsweep
normal
normal
neptune
neptune
smurf
neptune
neptune
normal
neptune
neptune
neptune
normal
normal
normal
neptune
neptune
neptune
neptune
normal
neptune
normal
neptune
normal
normal
neptune
neptune
ipsweep
normal
neptune
normal
satan
portsweep
ipsweep
neptune
neptune
normal
ipsweep
neptune
normal
warezclient
normal
neptune
portsweep
neptune
neptune
normal
satan
normal
teardrop
normal
normal
neptune
teardrop
neptune
normal
neptune
neptune
normal
teardrop
normal
normal
pod
satan
portsweep
normal
ipsweep
neptune
normal
normal
normal
normal
normal
neptune
satan
normal
normal
portsweep
normal
normal
normal
normal
normal
normal
normal
normal
neptune
normal
neptune
neptune
normal
neptune
ipsweep
neptune
smurf
portsweep
normal
normal
warezclient
satan
normal
neptune
satan
neptune
normal
neptune
normal
normal
normal
normal
normal
normal
neptune
neptune
satan
neptune
normal
normal
normal
normal
normal
smurf
normal
neptune
normal
normal
normal
normal
normal
smurf
back
normal
warezclient
normal
normal
normal
satan
smurf
normal
neptune
neptune
neptune
neptune
normal
smurf
neptune
neptune
normal
nmap
normal
normal
ipsweep
normal
normal
neptune
warezclient
neptune
neptune
normal
normal
normal
normal
normal
normal
neptune
normal
neptune
normal
normal
neptune
normal
ipsweep
normal
normal
normal
neptune
neptune
normal
satan
neptune
normal
neptune
normal
neptune
normal
neptune
neptune
normal
neptune
normal
warezclient
neptune
normal
normal
normal
satan
neptune
neptune
normal
normal
neptune
pod
normal
normal
satan
satan
normal
normal
normal
neptune
normal
normal
smurf
normal
normal
neptune
normal
normal
normal
normal
normal
neptune
normal
normal
neptune
normal
back
normal
normal
normal
normal
neptune
normal
normal
neptune
neptune
normal
back
normal
normal
normal
normal
normal
normal
normal
normal
normal
normal
normal
normal
neptune
neptune
normal
normal
normal
normal
neptune
pod
normal
normal
normal
normal
neptune
normal
normal
normal
neptune
normal
normal
normal
normal
neptune
neptune
nmap
normal
neptune
neptune
normal
smurf
normal
neptune
neptune
neptune
ipsweep
neptune
satan
neptune
neptune
normal
normal
normal
normal
neptune
neptune
normal
normal
normal
normal
normal
normal
normal
normal
portsweep
normal
satan
normal
neptune
neptune
normal
normal
normal
neptune
normal
satan
neptune
neptune
neptune
normal
normal
satan
normal
neptune
normal
normal
neptune
normal
normal
neptune
normal
satan
normal
neptune
normal
neptune
normal
normal
normal
normal
neptune
normal
neptune
neptune
ipsweep
normal
normal
normal
normal
normal
normal
portsweep
normal
normal
normal
normal
back
normal
neptune
normal
normal
neptune
portsweep
normal
normal
normal
neptune
normal
neptune
normal
neptune
portsweep
normal
normal
normal
normal
neptune
normal
normal
normal
satan
normal
neptune
back
neptune
neptune
normal
neptune
satan
normal
neptune
normal
normal
normal
normal
neptune
normal
neptune
neptune
neptune
normal
normal
normal
nmap
normal
normal
neptune
normal
normal
normal
normal
neptune
normal
normal
back
neptune
normal
smurf
normal
satan
normal
neptune
normal
normal
neptune
neptune
normal
neptune
neptune
neptune
neptune
normal
satan
neptune
neptune
neptune
normal
neptune
normal
neptune
normal
normal
neptune
normal
normal
normal
normal
normal
normal
ipsweep
normal
neptune
back
normal
neptune
normal
neptune
normal
normal
neptune
normal
normal
normal
teardrop
normal
normal
normal
normal
nmap
normal
smurf
ipsweep
nmap
satan
teardrop
satan
neptune
normal
normal
normal
teardrop
neptune
neptune
neptune
normal
normal
satan
normal
portsweep
normal
neptune
normal
normal
neptune
normal
neptune
ipsweep
normal
neptune
normal
neptune
neptune
portsweep
normal
neptune
neptune
normal
normal
neptune
normal
neptune
normal
ipsweep
normal
normal
normal
normal
normal
normal
neptune
neptune
neptune
normal
portsweep
normal
neptune
neptune
normal
normal
teardrop
portsweep
normal
neptune
normal
normal
ipsweep
normal
neptune
neptune
neptune
smurf
normal
normal
normal
neptune
normal
neptune
normal
normal
neptune
ipsweep
neptune
neptune
neptune
normal
normal
neptune
normal
normal
smurf
normal
neptune
neptune
satan
normal
normal
neptune
normal
neptune
smurf
normal
neptune
neptune
satan
teardrop
normal
neptune
ipsweep
normal
normal
neptune
normal
normal
neptune
normal
normal
neptune
neptune
smurf
warezclient
normal
normal
normal
neptune
neptune
teardrop
normal
normal
normal
normal
neptune
normal
neptune
neptune
normal
normal
normal
smurf
neptune
normal
neptune
normal
normal
ipsweep
warezclient
normal
neptune
normal
ipsweep
neptune
neptune
normal
normal
normal
neptune
nmap
normal
normal
neptune
satan
smurf
portsweep
ipsweep
neptune
normal
normal
ipsweep
normal
normal
normal
smurf
satan
neptune
normal
neptune
normal
normal
normal
normal
normal
neptune
neptune
neptune
neptune
normal
normal
normal
normal
normal
neptune
neptune
normal
normal
satan
nmap
neptune
normal
normal
neptune
neptune
normal
satan
neptune
neptune
neptune
satan
neptune
normal
normal
normal
normal
neptune
neptune
normal
neptune
normal
normal
normal
normal
neptune
normal
neptune
neptune
normal
neptune
neptune
normal
normal
neptune
normal
normal
normal
back
normal
normal
portsweep
neptune
ipsweep
normal
normal
neptune
normal
portsweep
neptune
ipsweep
normal
neptune
normal
normal
satan
portsweep
neptune
normal
normal
neptune
normal
normal
satan
neptune
normal
neptune
normal
normal
normal
neptune
neptune
neptune
normal
ipsweep
normal
neptune
normal
normal
nmap
normal
normal
normal
normal
normal
neptune
normal
normal
neptune
normal
normal
ipsweep
normal
normal
neptune
normal
smurf
normal
normal
normal
neptune
normal
neptune
teardrop
normal
normal
normal
satan
normal
normal
ipsweep
normal
normal
normal
normal
neptune
normal
neptune
normal
normal
normal
normal
nmap
neptune
neptune
normal
normal
neptune
normal
normal
neptune
portsweep
normal
normal
neptune
normal
normal
neptune
normal
normal
normal
normal
normal
neptune
neptune
normal
neptune
portsweep
normal
normal
neptune
normal
normal
teardrop
satan
normal
neptune
neptune
normal
normal
ipsweep
normal
neptune
portsweep
neptune
ipsweep
normal
satan
normal
normal
smurf
satan
neptune
neptune
back
neptune
neptune
neptune
neptune
normal
normal
normal
neptune
normal
normal
normal
neptune
normal
warezclient
normal
normal
normal
normal
normal
portsweep
normal
normal
normal
normal
neptune
neptune
neptune
normal
normal
neptune
normal
neptune
normal
neptune
normal
normal
smurf
normal
normal
neptune
normal
neptune
ipsweep
normal
normal
satan
neptune
normal
teardrop
neptune
normal
neptune
neptune
normal
normal
neptune
neptune
satan
normal
neptune
normal
normal
normal
portsweep
normal
ipsweep
normal
normal
neptune
normal
normal
neptune
satan
normal
neptune
normal
normal
normal
neptune
normal
normal
neptune
normal
neptune
neptune
normal
normal
neptune
normal
neptune
normal
normal
normal
neptune
normal
neptune
normal
normal
normal
normal
normal
normal
neptune
neptune
normal
satan
normal
neptune
neptune
normal
satan
normal
normal
normal
neptune
normal
neptune
normal
normal
normal
normal
normal
normal
normal
neptune
portsweep
normal
neptune
satan
normal
normal
neptune
neptune
neptune
neptune
normal
normal
neptune
neptune
normal
normal
neptune
neptune
neptune
normal
normal
normal
neptune
normal
normal
normal
normal
neptune
normal
smurf
back
neptune
neptune
neptune
normal
ipsweep
neptune
normal
normal
normal
normal
normal
normal
neptune
neptune
normal
ipsweep
normal
nmap
neptune
normal
neptune
normal
normal
normal
normal
neptune
neptune
normal
neptune
neptune
normal
normal
neptune
normal
normal
portsweep
neptune
neptune
neptune
normal
neptune
ipsweep
satan
neptune
nmap
normal
normal
normal
normal
neptune
normal
neptune
normal
normal
neptune
neptune
neptune
normal
normal
smurf
normal
neptune
neptune
normal
satan
neptune
normal
normal
normal
ipsweep
neptune
neptune
neptune
normal
back
neptune
smurf
satan
normal
neptune
normal
neptune
teardrop
normal
normal
neptune
normal
normal
neptune
normal
neptune
normal
neptune
normal
neptune
normal
normal
normal
normal
ipsweep
neptune
normal
neptune
nmap
normal
normal
normal
neptune
neptune
neptune
ipsweep
normal
neptune
satan
normal
ipsweep
ipsweep
neptune
neptune
normal
neptune
satan
neptune
neptune
neptune
warezclient
normal
neptune
normal
normal
normal
neptune
normal
normal
normal
ipsweep
ipsweep
neptune
normal
warezclient
normal
neptune
normal
neptune
normal
normal
normal
neptune
normal
normal
normal
normal
normal
normal
normal
neptune
normal
back
neptune
normal
normal
neptune
normal
neptune
normal
normal
neptune
satan
normal
normal
normal
normal
normal
normal
normal
neptune
neptune
neptune
normal
neptune
normal
neptune
neptune
normal
normal
neptune
normal
normal
portsweep
neptune
normal
normal
normal
normal
ipsweep
neptune
nmap
normal
normal
smurf
normal
normal
normal
normal
neptune
neptune
normal
neptune
normal
neptune
satan
neptune
neptune
normal
neptune
normal
normal
ipsweep
neptune
neptune
normal
neptune
normal
neptune
normal
normal
normal
normal
neptune
normal
smurf
ipsweep
neptune
normal
normal
neptune
neptune
neptune
normal
normal
satan
neptune
neptune
normal
nmap
ipsweep
normal
satan
portsweep
neptune
ipsweep
normal
normal
neptune
normal
neptune
normal
normal
neptune
neptune
neptune
normal
normal
normal
normal
normal
normal
satan
normal
neptune
normal
normal
normal
warezclient
normal
neptune
neptune
normal
normal
neptune
normal
normal
normal
neptune
neptune
neptune
neptune
nmap
neptune
neptune
neptune
satan
neptune
normal
normal
portsweep
neptune
neptune
normal
normal
normal
back
normal
normal
neptune
normal
neptune
normal
normal
normal
normal
normal
normal
normal
normal
satan
ipsweep
normal
normal
normal
smurf
normal
neptune
normal
normal
neptune
neptune
normal
normal
normal
normal
normal
normal
normal
normal
normal
neptune
neptune
normal
normal
normal
normal
normal
neptune
neptune
ipsweep
neptune
normal
teardrop
normal
normal
satan
pod
normal
ipsweep
neptune
neptune
neptune
normal
normal
normal
neptune
smurf
normal
neptune
normal
ipsweep
normal
smurf
normal
normal
normal
normal
neptune
normal
normal
normal
neptune
neptune
normal
neptune
normal
normal
neptune
normal
satan
normal
portsweep
neptune
normal
normal
normal
neptune
normal
neptune
normal
normal
normal
normal
neptune
neptune
normal
normal
normal
neptune
normal
neptune
normal
neptune
neptune
pod
normal
neptune
neptune
neptune
normal
satan
normal
normal
nmap
neptune
normal
neptune
back
neptune
normal
normal
neptune
normal
neptune
normal
normal
neptune
normal
normal
smurf
smurf
normal
normal
neptune
neptune
normal
normal
normal
portsweep
normal
normal
normal
satan
normal
normal
normal
normal
normal
portsweep
neptune
normal
normal
neptune
normal
normal
normal
neptune
neptune
nmap
neptune
normal
normal
normal
neptune
neptune
normal
neptune
normal
neptune
neptune
normal
normal
normal
normal
neptune
normal
normal
smurf
normal
normal
normal
neptune
normal
normal
neptune
normal
normal
normal
normal
normal
satan
nmap
normal
neptune
normal
neptune
ipsweep
normal
normal
neptune
ipsweep
smurf
normal
warezclient
normal
normal
normal
normal
normal
normal
neptune
normal
neptune
neptune
normal
neptune
neptune
normal
nmap
normal
ipsweep
normal
neptune
neptune
neptune
normal
neptune
normal
normal
normal
ipsweep
neptune
normal
normal
normal
neptune
normal
normal
normal
neptune
normal
normal
normal
normal
ipsweep
normal
normal
neptune
normal
normal
normal
normal
normal
normal
normal
portsweep
normal
normal
normal
normal
neptune
normal
neptune
neptune
normal
neptune
normal
normal
neptune
normal
normal
back
normal
normal
neptune
normal
smurf
normal
neptune
normal
normal
neptune
teardrop
normal
satan
nmap
neptune
normal
normal
normal
normal
normal
nmap
neptune
normal
normal
neptune
normal
normal
neptune
normal
neptune
normal
neptune
neptune
normal
neptune
neptune
normal
neptune
normal
neptune
portsweep
portsweep
neptune
normal
normal
neptune
back
normal
neptune
neptune
neptune
normal
portsweep
normal
neptune
normal
normal
normal
normal
neptune
normal
normal
normal
normal
normal
normal
normal
neptune
neptune
normal
neptune
normal
neptune
normal
neptune
neptune
nmap
neptune
neptune
normal
normal
normal
normal
neptune
neptune
normal
normal
neptune
normal
normal
normal
nmap
neptune
normal
neptune
normal
normal
neptune
normal
normal
normal
neptune
normal
neptune
normal
portsweep
neptune
normal
neptune
smurf
normal
satan
normal
neptune
normal
normal
normal
neptune
neptune
neptune
neptune
normal
ipsweep
normal
normal
neptune
normal
normal
normal
normal
normal
neptune
neptune
normal
normal
teardrop
normal
normal
neptune
normal
neptune
neptune
normal
neptune
neptune
normal
normal
normal
normal
neptune
satan
portsweep
neptune
normal
smurf
normal
neptune
neptune
neptune
neptune
normal
normal
normal
normal
neptune
normal
neptune
normal
normal
normal
neptune
normal
neptune
normal
normal
neptune
normal
neptune
neptune
normal
ipsweep
normal
normal
normal
neptune
normal
neptune
normal
neptune
normal
normal
neptune
neptune
normal
neptune
ipsweep
normal
neptune
nmap
normal
normal
neptune
normal
normal
satan
normal
normal
normal
normal
normal
ipsweep
normal
neptune
neptune
neptune
normal
normal
normal
normal
normal
neptune
normal
normal
ipsweep
normal
normal
normal
normal
neptune
normal
normal
normal
neptune
normal
portsweep
neptune
normal
normal
nmap
neptune
warezclient
normal
normal
neptune
normal
normal
normal
ipsweep
normal
normal
neptune
teardrop
neptune
normal
neptune
satan
normal
normal
neptune
normal
neptune
normal
neptune
normal
neptune
normal
normal
neptune
neptune
normal
normal
normal
normal
neptune
neptune
neptune
normal
normal
satan
normal
normal
normal
neptune
ipsweep
normal
ipsweep
normal
normal
normal
neptune
smurf
back
neptune
smurf
normal
neptune
neptune
neptune
neptune
ipsweep
normal
normal
neptune
normal
normal
neptune
normal
neptune
normal
normal
normal
normal
neptune
normal
warezclient
smurf
neptune
normal
normal
normal
neptune
normal
normal
neptune
neptune
normal
normal
normal
satan
normal
normal
neptune
neptune
normal
neptune
normal
normal
neptune
normal
normal
neptune
neptune
normal
ipsweep
normal
normal
normal
normal
neptune
normal
normal
normal
normal
normal
neptune
normal
normal
normal
normal
normal
neptune
normal
neptune
ipsweep
neptune
neptune
normal
normal
nmap
neptune
neptune
normal
neptune
neptune
neptune
normal
normal
normal
normal
normal
normal
normal
satan
neptune
normal
ipsweep
neptune
neptune
neptune
normal
normal
normal
normal
normal
nmap
neptune
normal
neptune
smurf
normal
normal
normal
neptune
ipsweep
normal
neptune
normal
ipsweep
normal
neptune
normal
portsweep
normal
normal
normal
neptune
normal
normal
neptune
neptune
normal
normal
normal
satan
neptune
normal
neptune
normal
ipsweep
normal
normal
satan
neptune
normal
normal
normal
normal
normal
normal
neptune
portsweep
normal
normal
normal
normal
normal
normal
neptune
smurf
normal
normal
normal
normal
nmap
normal
smurf
normal
normal
normal
normal
normal
normal
normal
neptune
neptune
normal
normal
normal
neptune
portsweep
normal
neptune
normal
normal
normal
normal
normal
normal
normal
normal
neptune
normal
normal
normal
normal
neptune
normal
normal
normal
smurf
normal
normal
neptune
neptune
normal
normal
neptune
neptune
neptune
neptune
neptune
neptune
neptune
back
normal
neptune
normal
normal
normal
normal
neptune
normal
normal
neptune
normal
neptune
nmap
neptune
normal
neptune
normal
neptune
ipsweep
normal
neptune
normal
normal
neptune
satan
neptune
neptune
normal
normal
satan
normal
neptune
normal
neptune
normal
neptune
normal
neptune
satan
neptune
normal
normal
normal
neptune
normal
neptune
normal
normal
neptune
teardrop
neptune
normal
normal
neptune
normal
normal
warezclient
normal
normal
normal
normal
normal
normal
neptune
normal
normal
neptune
portsweep
normal
normal
normal
smurf
normal
normal
neptune
neptune
normal
normal
normal
normal
normal
satan
normal
normal
neptune
portsweep
normal
normal
smurf
neptune
normal
normal
neptune
ipsweep
normal
normal
neptune
neptune
neptune
neptune
normal
normal
nmap
normal
neptune
neptune
normal
normal
normal
normal
neptune
normal
normal
normal
normal
portsweep
normal
ipsweep
normal
portsweep
neptune
normal
normal
normal
neptune
neptune
neptune
neptune
neptune
satan
portsweep
normal
normal
normal
neptune
normal
neptune
normal
neptune
normal
normal
normal
normal
normal
normal
neptune
ipsweep
neptune
neptune
normal
neptune
normal
nmap
neptune
neptune
normal
normal
normal
satan
neptune
normal
neptune
neptune
ipsweep
smurf
ipsweep
neptune
neptune
normal
normal
neptune
neptune
neptune
normal
neptune
normal
normal
satan
neptune
neptune
normal
neptune
portsweep
normal
nmap
neptune
neptune
smurf
neptune
normal
normal
neptune
normal
normal
normal
normal
normal
neptune
normal
normal
normal
neptune
neptune
normal
normal
normal
portsweep
smurf
neptune
normal
neptune
normal
normal
satan
normal
neptune
normal
portsweep
neptune
neptune
satan
portsweep
neptune
normal
normal
normal
neptune
normal
neptune
ipsweep
normal
normal
neptune
neptune
normal
normal
normal
neptune
normal
normal
neptune
normal
neptune
back
normal
normal
normal
neptune
ipsweep
neptune
normal
portsweep
neptune
neptune
normal
neptune
neptune
neptune
neptune
teardrop
portsweep
normal
neptune
normal
normal
normal
normal
neptune
neptune
neptune
portsweep
normal
normal
normal
warezclient
normal
normal
neptune
neptune
neptune
neptune
neptune
neptune
nmap
normal
satan
normal
smurf
neptune
satan
smurf
normal
normal
normal
neptune
neptune
neptune
normal
normal
normal
neptune
neptune
neptune
normal
normal
neptune
ipsweep
neptune
neptune
normal
neptune
neptune
normal
pod
normal
ipsweep
normal
normal
normal
normal
portsweep
neptune
smurf
normal
normal
normal
normal
normal
normal
normal
normal
normal
normal
normal
ipsweep
normal
satan
neptune
normal
normal
normal
normal
normal
portsweep
neptune
ipsweep
normal
normal
neptune
normal
normal
neptune
normal
normal
normal
neptune
neptune
normal
neptune
normal
neptune
normal
satan
normal
neptune
neptune
neptune
normal
satan
normal
neptune
normal
ipsweep
neptune
neptune
normal
normal
neptune
smurf
normal
neptune
neptune
normal
neptune
normal
neptune
smurf
neptune
satan
normal
normal
smurf
neptune
normal
normal
satan
portsweep
neptune
normal
normal
normal
normal
neptune
neptune
normal
normal
neptune
normal
neptune
normal
ipsweep
satan
neptune
neptune
neptune
normal
normal
normal
normal
normal
normal
normal
normal
normal
neptune
neptune
portsweep
neptune
normal
normal
normal
portsweep
normal
normal
neptune
satan
normal
neptune
neptune
neptune
normal
normal
normal
normal
normal
normal
neptune
neptune
neptune
normal
normal
normal
normal
neptune
normal
normal
normal
normal
normal
warezclient
satan
neptune
neptune
normal
neptune
warezclient
neptune
normal
neptune
ipsweep
normal
normal
neptune
neptune
normal
normal
normal
neptune
normal
normal
normal
neptune
smurf
normal
normal
neptune
neptune
normal
normal
neptune
neptune
neptune
normal
normal
neptune
normal
normal
neptune
normal
normal
neptune
neptune
ipsweep
normal
normal
normal
normal
normal
normal
neptune
normal
normal
ipsweep
neptune
normal
normal
normal
normal
normal
normal
neptune
normal
normal
ipsweep
normal
normal
normal
normal
neptune
neptune
satan
normal
normal
normal
satan
normal
normal
normal
normal
neptune
neptune
neptune
normal
neptune
satan
neptune
neptune
neptune
neptune
neptune
neptune
normal
neptune
neptune
smurf
neptune
normal
neptune
normal
neptune
ipsweep
neptune
satan
normal
neptune
neptune
neptune
normal
normal
neptune
normal
neptune
normal
normal
portsweep
neptune
normal
neptune
normal
neptune
neptune
normal
ipsweep
normal
neptune
normal
neptune
neptune
normal
normal
neptune
neptune
smurf
neptune
normal
neptune
smurf
normal
back
neptune
normal
normal
normal
neptune
neptune
normal
normal
warezclient
neptune
neptune
normal
satan
normal
warezclient
normal
normal
normal
normal
normal
normal
normal
neptune
normal
neptune
normal
normal
neptune
neptune
normal
back
neptune
normal
neptune
neptune
normal
normal
normal
normal
nmap
normal
warezclient
smurf
normal
neptune
normal
normal
warezclient
normal
normal
normal
normal
normal
normal
back
normal
neptune
neptune
normal
neptune
normal
normal
normal
normal
ipsweep
normal
normal
normal
normal
normal
neptune
ipsweep
normal
satan
normal
normal
normal
neptune
normal
neptune
satan
neptune
normal
neptune
normal
neptune
neptune
neptune
normal
neptune
neptune
neptune
normal
normal
normal
neptune
normal
normal
nmap
normal
normal
normal
normal
neptune
normal
neptune
neptune
ipsweep
neptune
normal
neptune
normal
satan
warezclient
nmap
neptune
normal
neptune
neptune
normal
normal
normal
ipsweep
normal
neptune
ipsweep
normal
normal
normal
neptune
neptune
neptune
normal
neptune
normal
normal
normal
normal
normal
portsweep
normal
normal
normal
normal
neptune
normal
normal
normal
neptune
normal
ipsweep
satan
neptune
normal
satan
normal
normal
ipsweep
neptune
normal
neptune
normal
neptune
neptune
normal
neptune
neptune
normal
ipsweep
normal
neptune
neptune
normal
neptune
normal
smurf
neptune
normal
normal
normal
neptune
normal
normal
neptune
neptune
neptune
normal
neptune
normal
normal
normal
portsweep
neptune
normal
neptune
neptune
neptune
normal
normal
normal
neptune
neptune
neptune
ipsweep
normal
normal
neptune
portsweep
normal
neptune
normal
smurf
normal
normal
satan
normal
neptune
normal
normal
neptune
normal
normal
neptune
portsweep
neptune
normal
neptune
normal
neptune
normal
neptune
neptune
portsweep
normal
normal
ipsweep
normal
normal
normal
portsweep
neptune
neptune
buffer_overflow
normal
normal
neptune
ipsweep
normal
normal
normal
neptune
normal
normal
neptune
neptune
satan
normal
neptune
normal
neptune
normal
portsweep
normal
neptune
normal
normal
teardrop
normal
normal
teardrop
normal
normal
normal
normal
normal
normal
normal
normal
neptune
portsweep
neptune
normal
normal
neptune
normal
normal
neptune
ipsweep
normal
normal
neptune
neptune
neptune
normal
satan
ipsweep
normal
normal
normal
neptune
ipsweep
neptune
normal
normal
smurf
neptune
normal
normal
neptune
nmap
ipsweep
normal
normal
normal
neptune
normal
teardrop
satan
smurf
neptune
normal
normal
normal
neptune
normal
normal
neptune
normal
neptune
neptune
normal
normal
normal
neptune
ipsweep
neptune
normal
neptune
neptune
ipsweep
normal
ipsweep
normal
normal
normal
normal
neptune
normal
normal
normal
neptune
neptune
portsweep
neptune
satan
neptune
neptune
normal
neptune
neptune
normal
normal
normal
normal
normal
neptune
nmap
normal
portsweep
normal
normal
normal
neptune
normal
normal
normal
normal
neptune
neptune
portsweep
normal
neptune
neptune
ipsweep
normal
normal
normal
normal
normal
neptune
neptune
neptune
normal
neptune
normal
neptune
normal
normal
neptune
normal
normal
ipsweep
normal
neptune
smurf
neptune
neptune
neptune
neptune
neptune
warezclient
neptune
neptune
neptune
smurf
neptune
normal
normal
satan
normal
normal
neptune
neptune
neptune
normal
neptune
normal
warezclient
normal
neptune
normal
neptune
neptune
normal
neptune
normal
normal
normal
neptune
warezclient
normal
normal
normal
normal
normal
warezclient
normal
normal
neptune
neptune
normal
satan
normal
normal
neptune
normal
normal
neptune
neptune
ipsweep
normal
normal
normal
neptune
normal
neptune
normal
neptune
normal
neptune
normal
normal
normal
normal
normal
normal
normal
neptune
neptune
normal
normal
nmap
normal
neptune
neptune
neptune
normal
normal
normal
neptune
normal
neptune
normal
normal
neptune
normal
normal
neptune
back
neptune
neptune
neptune
normal
normal
neptune
normal
normal
teardrop
normal
normal
neptune
normal
neptune
neptune
normal
ipsweep
neptune
neptune
portsweep
neptune
neptune
teardrop
normal
normal
neptune
normal
normal
normal
normal
neptune
neptune
neptune
normal
normal
normal
normal
normal
neptune
normal
normal
normal
normal
normal
satan
normal
normal
normal
normal
normal
pod
normal
neptune
normal
normal
neptune
neptune
normal
normal
normal
normal
normal
smurf
normal
normal
normal
smurf
normal
neptune
normal
neptune
normal
normal
neptune
normal
normal
neptune
neptune
normal
normal
neptune
neptune
neptune
neptune
neptune
normal
neptune
normal
normal
normal
normal
normal
neptune
neptune
neptune
normal
portsweep
neptune
neptune
normal
normal
nmap
ipsweep
portsweep
normal
normal
normal
normal
neptune
normal
neptune
normal
normal
neptune
normal
normal
normal
normal
normal
portsweep
neptune
portsweep
ipsweep
neptune
normal
neptune
neptune
normal
neptune
normal
normal
normal
normal
normal
neptune
neptune
normal
neptune
neptune
portsweep
neptune
nmap
normal
smurf
normal
neptune
normal
normal
satan
neptune
normal
normal
normal
normal
neptune
normal
normal
normal
normal
neptune
neptune
normal
normal
ipsweep
neptune
smurf
normal
normal
normal
neptune
normal
normal
normal
smurf
normal
normal
neptune
ipsweep
normal
normal
normal
normal
normal
normal
normal
neptune
normal
ipsweep
neptune
normal
neptune
normal
normal
normal
normal
neptune
normal
normal
teardrop
normal
neptune
normal
neptune
normal
normal
normal
ipsweep
neptune
normal
neptune
neptune
normal
normal
neptune
normal
back
neptune
neptune
ipsweep
normal
neptune
normal
normal
normal
neptune
normal
neptune
normal
normal
neptune
normal
normal
neptune
normal
normal
neptune
normal
neptune
normal
satan
ipsweep
neptune
normal
neptune
normal
neptune
normal
normal
normal
normal
normal
normal
normal
normal
neptune
normal
normal
teardrop
normal
normal
neptune
ipsweep
satan
normal
ipsweep
normal
portsweep
normal
normal
neptune
neptune
warezclient
neptune
neptune
neptune
normal
neptune
normal
neptune
normal
warezclient
neptune
nmap
normal
normal
neptune
neptune
normal
normal
neptune
normal
normal
neptune
normal
neptune
normal
normal
normal
neptune
normal
portsweep
normal
neptune
normal
neptune
neptune
neptune
neptune
normal
normal
nmap
normal
normal
normal
satan
smurf
smurf
nmap
normal
normal
neptune
normal
normal
normal
normal
normal
normal
normal
neptune
normal
normal
neptune
portsweep
normal
neptune
smurf
neptune
neptune
normal
neptune
neptune
neptune
normal
neptune
normal
neptune
normal
neptune
normal
normal
normal
normal
normal
neptune
normal
normal
normal
neptune
normal
neptune
neptune
ipsweep
neptune
normal
normal
normal
neptune
smurf
normal
normal
normal
normal
normal
normal
normal
normal
normal
smurf
satan
neptune
smurf
normal
normal
neptune
normal
normal
portsweep
neptune
normal
neptune
normal
neptune
normal
normal
normal
normal
normal
normal
normal
normal
normal
normal
normal
ipsweep
warezclient
normal
nmap
normal
normal
normal
portsweep
normal
satan
teardrop
satan
normal
normal
normal
normal
normal
neptune
portsweep
normal
normal
normal
satan
normal
normal
neptune
neptune
neptune
normal
normal
neptune
smurf
normal
normal
normal
normal
warezclient
normal
normal
normal
normal
normal
normal
neptune
nmap
normal
normal
normal
neptune
neptune
neptune
neptune
back
ipsweep
normal
normal
normal
neptune
neptune
neptune
neptune
normal
normal
normal
normal
normal
neptune
normal
normal
normal
neptune
normal
normal
normal
normal
normal
neptune
normal
teardrop
normal
neptune
neptune
normal
normal
neptune
neptune
normal
neptune
neptune
neptune
normal
neptune
neptune
neptune
normal
normal
neptune
warezclient
smurf
normal
normal
normal
neptune
normal
normal
normal
normal
normal
normal
normal
smurf
normal
neptune
normal
portsweep
normal
neptune
neptune
nmap
neptune
normal
normal
normal
normal
normal
normal
normal
normal
normal
normal
normal
normal
neptune
neptune
neptune
teardrop
normal
neptune
normal
nmap
normal
portsweep
neptune
normal
normal
normal
normal
normal
normal
normal
normal
neptune
neptune
normal
normal
normal
normal
smurf
neptune
portsweep
neptune
neptune
normal
normal
satan
neptune
neptune
neptune
neptune
normal
normal
neptune
ipsweep
normal
normal
normal
normal
normal
neptune
neptune
satan
normal
normal
neptune
neptune
normal
normal
normal
portsweep
neptune
neptune
normal
normal
normal
normal
nmap
normal
smurf
smurf
neptune
smurf
normal
ipsweep
normal
ipsweep
normal
normal
normal
portsweep
normal
normal
normal
normal
normal
neptune
normal
normal
normal
normal
normal
neptune
normal
neptune
normal
neptune
normal
normal
normal
neptune
normal
neptune
neptune
neptune
neptune
normal
normal
neptune
neptune
normal
normal
normal
ipsweep
neptune
normal
normal
normal
normal
normal
normal
normal
back
neptune
normal
normal
neptune
ipsweep
teardrop
normal
portsweep
normal
normal
normal
normal
normal
neptune
normal
normal
normal
neptune
neptune
neptune
normal
neptune
normal
normal
normal
neptune
normal
normal
normal
normal
normal
neptune
normal
neptune
normal
ipsweep
neptune
normal
normal
neptune
normal
normal
normal
normal
normal
normal
normal
normal
neptune
normal
normal
normal
normal
normal
neptune
neptune
normal
neptune
normal
normal
normal
neptune
normal
normal
normal
neptune
neptune
teardrop
normal
normal
portsweep
neptune
neptune
normal
normal
normal
normal
smurf
normal
normal
neptune
satan
normal
neptune
portsweep
normal
teardrop
neptune
normal
normal
normal
normal
normal
neptune
normal
neptune
normal
normal
neptune
normal
normal
normal
neptune
nmap
normal
portsweep
neptune
neptune
normal
normal
neptune
normal
neptune
normal
normal
normal
normal
normal
normal
neptune
neptune
normal
normal
smurf
normal
normal
smurf
normal
neptune
normal
teardrop
normal
neptune
neptune
neptune
normal
normal
normal
normal
normal
neptune
satan
normal
neptune
normal
normal
normal
portsweep
smurf
normal
normal
normal
neptune
portsweep
normal
normal
neptune
normal
normal
normal
normal
normal
teardrop
normal
normal
neptune
neptune
normal
normal
ipsweep
neptune
neptune
normal
neptune
neptune
normal
normal
neptune
neptune
normal
normal
neptune
neptune
neptune
normal
normal
neptune
smurf
normal
normal
normal
normal
smurf
neptune
neptune
neptune
normal
normal
normal
neptune
normal
neptune
neptune
normal
normal
neptune
neptune
neptune
satan
smurf
neptune
normal
teardrop
neptune
normal
normal
teardrop
normal
neptune
normal
teardrop
ipsweep
normal
normal
neptune
normal
neptune
normal
neptune
neptune
normal
normal
normal
nmap
normal
normal
normal
normal
normal
neptune
neptune
normal
warezclient
neptune
neptune
normal
normal
normal
neptune
neptune
neptune
normal
normal
neptune
neptune
neptune
neptune
normal
neptune
normal
neptune
normal
normal
nmap
neptune
normal
normal
normal
neptune
normal
neptune
neptune
normal
normal
neptune
normal
neptune
neptune
normal
normal
normal
normal
satan
teardrop
normal
normal
normal
normal
normal
normal
neptune
normal
neptune
normal
normal
normal
normal
neptune
normal
normal
neptune
portsweep
neptune
normal
neptune
normal
normal
normal
portsweep
normal
normal
neptune
neptune
normal
neptune
smurf
normal
normal
neptune
normal
normal
neptune
nmap
normal
normal
neptune
normal
portsweep
ipsweep
normal
neptune
neptune
neptune
normal
normal
normal
neptune
neptune
normal
normal
normal
neptune
neptune
normal
normal
normal
neptune
normal
normal
normal
normal
normal
normal
smurf
normal
normal
normal
normal
neptune
normal
normal
neptune
normal
neptune
smurf
normal
normal
normal
normal
ipsweep
normal
normal
normal
neptune
normal
smurf
normal
normal
neptune
neptune
normal
normal
portsweep
normal
neptune
normal
neptune
ipsweep
portsweep
satan
normal
normal
neptune
warezclient
normal
normal
normal
neptune
neptune
normal
normal
smurf
neptune
normal
neptune
neptune
normal
neptune
normal
neptune
normal
neptune
neptune
normal
neptune
ftp_write
normal
ipsweep
normal
normal
normal
normal
neptune
nmap
neptune
neptune
normal
normal
normal
neptune
neptune
normal
neptune
normal
normal
normal
smurf
smurf
normal
normal
neptune
normal
neptune
normal
smurf
normal
normal
neptune
normal
neptune
normal
ipsweep
neptune
normal
ipsweep
neptune
neptune
normal
normal
neptune
normal
neptune
neptune
ipsweep
ipsweep
satan
neptune
normal
normal
normal
normal
neptune
nmap
neptune
normal
neptune
normal
normal
normal
neptune
normal
pod
normal
normal
neptune
normal
neptune
neptune
normal
neptune
normal
neptune
neptune
nmap
nmap
neptune
normal
normal
neptune
neptune
normal
neptune
neptune
neptune
normal
normal
ipsweep
normal
normal
neptune
neptune
normal
neptune
normal
normal
normal
normal
normal
normal
normal
neptune
normal
neptune
neptune
neptune
smurf
neptune
normal
normal
normal
neptune
normal
normal
neptune
portsweep
normal
neptune
ipsweep
neptune
neptune
ipsweep
neptune
normal
normal
normal
normal
neptune
neptune
normal
neptune
satan
normal
normal
neptune
normal
neptune
normal
normal
ipsweep
portsweep
satan
neptune
neptune
neptune
neptune
normal
neptune
neptune
neptune
satan
normal
normal
portsweep
portsweep
neptune
normal
neptune
warezclient
ipsweep
normal
normal
normal
neptune
neptune
neptune
normal
neptune
neptune
nmap
ipsweep
normal
normal
normal
neptune
smurf
normal
neptune
normal
smurf
normal
normal
normal
ipsweep
neptune
portsweep
normal
neptune
neptune
normal
neptune
normal
normal
warezclient
normal
neptune
normal
neptune
neptune
normal
portsweep
normal
normal
normal
normal
satan
portsweep
normal
normal
normal
neptune
normal
normal
neptune
normal
normal
normal
normal
normal
normal
normal
back
normal
normal
portsweep
normal
neptune
neptune
neptune
neptune
normal
neptune
neptune
neptune
neptune
normal
normal
normal
normal
normal
neptune
normal
normal
normal
neptune
ipsweep
normal
normal
normal
neptune
normal
back
normal
normal
neptune
neptune
guess_passwd
neptune
normal
normal
neptune
neptune
normal
neptune
normal
neptune
normal
ipsweep
normal
portsweep
neptune
portsweep
normal
smurf
neptune
normal
normal
normal
normal
neptune
neptune
normal
normal
neptune
normal
neptune
normal
satan
neptune
normal
normal
portsweep
neptune
neptune
neptune
neptune
normal
nmap
normal
normal
neptune
neptune
neptune
neptune
normal
normal
neptune
ipsweep
normal
normal
satan
neptune
neptune
normal
satan
normal
portsweep
normal
normal
normal
normal
normal
neptune
neptune
normal
neptune
normal
neptune
neptune
satan
neptune
normal
neptune
neptune
ipsweep
neptune
normal
normal
normal
neptune
normal
normal
normal
neptune
normal
normal
normal
normal
normal
neptune
ipsweep
teardrop
normal
normal
neptune
neptune
neptune
neptune
normal
neptune
ipsweep
normal
normal
normal
neptune
normal
warezclient
normal
normal
normal
satan
neptune
neptune
ipsweep
neptune
neptune
normal
nmap
neptune
normal
neptune
neptune
back
normal
neptune
neptune
neptune
neptune
ipsweep
neptune
normal
neptune
normal
normal
neptune
neptune
normal
normal
normal
normal
normal
neptune
neptune
neptune
normal
neptune
normal
satan
normal
normal
neptune
normal
normal
neptune
normal
neptune
normal
neptune
normal
normal
neptune
normal
normal
ipsweep
normal
neptune
neptune
normal
neptune
normal
normal
neptune
neptune
normal
neptune
neptune
normal
neptune
neptune
neptune
portsweep
normal
normal
normal
normal
normal
ipsweep
normal
neptune
normal
neptune
neptune
normal
land
back
neptune
neptune
normal
normal
neptune
neptune
normal
normal
normal
normal
neptune
normal
ipsweep
neptune
normal
normal
smurf
normal
normal
normal
normal
neptune
normal
ipsweep
normal
normal
normal
warezclient
normal
normal
normal
normal
neptune
neptune
normal
portsweep
nmap
normal
neptune
neptune
perl
normal
normal
normal
normal
normal
neptune
neptune
normal
normal
ipsweep
normal
normal
normal
normal
normal
neptune
neptune
normal
portsweep
neptune
neptune
neptune
ipsweep
normal
normal
normal
normal
teardrop
normal
normal
neptune
normal
neptune
normal
normal
neptune
normal
satan
normal
neptune
normal
normal
neptune
normal
neptune
normal
neptune
neptune
normal
normal
neptune
pod
neptune
neptune
normal
ipsweep
neptune
normal
ipsweep
normal
normal
normal
normal
normal
normal
neptune
portsweep
normal
normal
normal
nmap
normal
normal
normal
neptune
neptune
neptune
normal
normal
normal
normal
neptune
normal
normal
normal
portsweep
neptune
normal
normal
normal
neptune
smurf
normal
neptune
warezclient
normal
normal
neptune
neptune
normal
neptune
satan
normal
normal
normal
normal
normal
normal
smurf
teardrop
normal
normal
neptune
nmap
normal
ipsweep
normal
warezclient
neptune
satan
neptune
normal
normal
satan
normal
neptune
normal
normal
normal
neptune
normal
normal
neptune
neptune
normal
portsweep
normal
normal
neptune
normal
normal
normal
neptune
normal
satan
neptune
neptune
normal
normal
normal
normal
neptune
neptune
smurf
normal
normal
normal
normal
neptune
normal
normal
neptune
satan
normal
normal
normal
normal
normal
neptune
normal
normal
normal
neptune
portsweep
normal
smurf
neptune
normal
normal
normal
normal
normal
normal
normal
neptune
normal
neptune
normal
normal
normal
normal
normal
satan
neptune
guess_passwd
neptune
normal
normal
neptune
neptune
neptune
smurf
normal
neptune
normal
neptune
normal
neptune
neptune
normal
normal
neptune
portsweep
normal
normal
normal
normal
normal
neptune
normal
normal
normal
neptune
neptune
normal
neptune
normal
normal
normal
normal
satan
back
neptune
normal
normal
neptune
normal
ipsweep
neptune
neptune
normal
normal
neptune
nmap
neptune
neptune
satan
normal
neptune
normal
neptune
ipsweep
neptune
normal
ipsweep
neptune
normal
normal
normal
neptune
normal
neptune
neptune
neptune
portsweep
neptune
normal
smurf
neptune
neptune
normal
normal
neptune
normal
normal
normal
normal
ipsweep
normal
normal
normal
normal
normal
normal
normal
portsweep
neptune
normal
nmap
normal
neptune
normal
teardrop
portsweep
neptune
neptune
neptune
normal
normal
neptune
satan
normal
neptune
normal
normal
normal
neptune
normal
normal
normal
back
neptune
neptune
normal
neptune
normal
neptune
normal
normal
normal
portsweep
neptune
normal
neptune
warezclient
normal
normal
neptune
normal
normal
normal
normal
neptune
normal
normal
normal
normal
neptune
normal
neptune
normal
normal
warezclient
neptune
neptune
neptune
normal
normal
neptune
normal
normal
normal
neptune
neptune
normal
neptune
normal
normal
neptune
normal
ipsweep
neptune
normal
neptune
satan
neptune
neptune
normal
normal
normal
portsweep
normal
nmap
neptune
normal
normal
neptune
normal
normal
neptune
normal
neptune
normal
normal
normal
neptune
ipsweep
neptune
normal
normal
normal
neptune
normal
nmap
neptune
neptune
neptune
neptune
neptune
normal
ipsweep
neptune
normal
normal
nmap
neptune
normal
neptune
normal
normal
ipsweep
normal
neptune
normal
normal
neptune
normal
normal
normal
normal
normal
normal
normal
normal
normal
neptune
satan
neptune
normal
neptune
neptune
normal
smurf
normal
normal
neptune
neptune
normal
neptune
neptune
normal
neptune
normal
normal
neptune
normal
normal
neptune
neptune
normal
portsweep
normal
normal
neptune
neptune
portsweep
normal
smurf
warezclient
normal
normal
normal
satan
neptune
normal
normal
normal
normal
neptune
teardrop
normal
neptune
normal
neptune
normal
normal
neptune
normal
neptune
normal
normal
neptune
normal
normal
normal
normal
normal
normal
normal
neptune
ipsweep
neptune
portsweep
normal
neptune
back
normal
normal
neptune
neptune
normal
normal
normal
normal
neptune
normal
warezclient
normal
ipsweep
normal
normal
normal
neptune
normal
neptune
normal
neptune
normal
neptune
normal
normal
multihop
normal
satan
ipsweep
neptune
normal
normal
portsweep
normal
normal
normal
normal
neptune
neptune
normal
normal
normal
smurf
normal
neptune
normal
normal
ipsweep
normal
neptune
normal
normal
normal
smurf
normal
portsweep
normal
neptune
portsweep
normal
normal
normal
smurf
normal
normal
normal
normal
normal
normal
normal
normal
neptune
normal
neptune
satan
smurf
neptune
neptune
portsweep
neptune
neptune
normal
neptune
neptune
normal
neptune
normal
warezclient
normal
neptune
normal
normal
normal
neptune
neptune
neptune
normal
normal
normal
normal
normal
normal
satan
normal
normal
portsweep
normal
neptune
normal
normal
normal
normal
normal
normal
normal
normal
normal
satan
neptune
neptune
normal
normal
normal
normal
normal
satan
normal
normal
neptune
normal
neptune
teardrop
normal
neptune
normal
neptune
neptune
normal
neptune
normal
portsweep
nmap
normal
normal
ipsweep
neptune
normal
neptune
neptune
back
normal
neptune
normal
neptune
normal
normal
normal
neptune
neptune
normal
neptune
normal
normal
normal
normal
normal
neptune
neptune
normal
normal
normal
normal
neptune
normal
normal
teardrop
nmap
normal
normal
normal
neptune
smurf
neptune
neptune
back
normal
neptune
neptune
satan
normal
neptune
neptune
back
normal
normal
normal
satan
normal
normal
nmap
warezclient
portsweep
neptune
normal
normal
normal
normal
normal
normal
normal
normal
neptune
neptune
satan
neptune
normal
satan
normal
normal
smurf
normal
neptune
normal
normal
normal
normal
satan
normal
normal
normal
normal
neptune
normal
neptune
normal
neptune
normal
portsweep
normal
normal
normal
neptune
normal
neptune
neptune
normal
normal
neptune
normal
normal
neptune
normal
neptune
normal
normal
neptune
normal
ipsweep
normal
normal
normal
normal
normal
normal
normal
neptune
normal
normal
normal
normal
normal
ipsweep
warezclient
normal
neptune
neptune
warezclient
neptune
normal
neptune
normal
neptune
normal
neptune
normal
normal
neptune
satan
normal
normal
satan
normal
normal
normal
normal
satan
normal
neptune
normal
smurf
neptune
neptune
normal
ipsweep
normal
neptune
neptune
normal
normal
normal
ipsweep
normal
normal
normal
normal
teardrop
normal
neptune
neptune
normal
neptune
ipsweep
normal
normal
neptune
neptune
neptune
normal
normal
neptune
neptune
normal
normal
normal
normal
normal
ipsweep
neptune
neptune
normal
portsweep
normal
back
normal
normal
normal
normal
normal
normal
neptune
normal
neptune
normal
normal
back
normal
normal
ipsweep
normal
normal
normal
back
neptune
neptune
ipsweep
neptune
normal
normal
normal
normal
neptune
neptune
normal
neptune
neptune
neptune
normal
normal
normal
ipsweep
normal
satan
normal
teardrop
satan
neptune
normal
normal
normal
ipsweep
neptune
normal
smurf
normal
normal
normal
neptune
normal
normal
portsweep
normal
neptune
warezclient
satan
neptune
normal
normal
normal
normal
portsweep
normal
neptune
normal
neptune
normal
normal
normal
normal
normal
normal
neptune
neptune
neptune
normal
normal
neptune
neptune
normal
neptune
neptune
nmap
neptune
neptune
normal
normal
neptune
normal
neptune
neptune
normal
normal
normal
normal
portsweep
normal
neptune
normal
normal
neptune
neptune
normal
normal
normal
normal
normal
normal
neptune
neptune
neptune
normal
normal
normal
normal
neptune
normal
normal
satan
neptune
normal
normal
nmap
neptune
neptune
neptune
neptune
normal
ipsweep
normal
neptune
normal
smurf
normal
normal
neptune
neptune
normal
normal
back
normal
neptune
normal
neptune
neptune
normal
neptune
neptune
neptune
loadmodule
neptune
neptune
normal
normal
normal
normal
normal
neptune
normal
neptune
normal
normal
neptune
normal
normal
satan
normal
normal
normal
normal
normal
neptune
neptune
neptune
neptune
normal
normal
normal
normal
normal
normal
neptune
normal
neptune
normal
normal
normal
neptune
normal
normal
normal
back
smurf
normal
normal
normal
normal
normal
normal
normal
neptune
normal
neptune
normal
normal
ipsweep
neptune
normal
ipsweep
normal
neptune
portsweep
neptune
ipsweep
normal
normal
normal
neptune
normal
neptune
normal
smurf
satan
normal
normal
portsweep
normal
neptune
normal
normal
neptune
normal
normal
neptune
normal
normal
normal
normal
normal
normal
neptune
neptune
neptune
neptune
neptune
normal
portsweep
ipsweep
normal
neptune
normal
normal
neptune
neptune
neptune
neptune
normal
satan
normal
normal
neptune
neptune
neptune
neptune
normal
normal
normal
normal
neptune
normal
neptune
ipsweep
neptune
normal
ipsweep
normal
normal
neptune
neptune
normal
smurf
neptune
neptune
normal
ipsweep
neptune
neptune
neptune
normal
normal
satan
normal
neptune
ipsweep
normal
neptune
normal
normal
ipsweep
ipsweep
neptune
normal
nmap
neptune
normal
neptune
neptune
normal
normal
normal
normal
neptune
neptune
neptune
neptune
normal
neptune
normal
normal
neptune
normal
neptune
neptune
normal
normal
neptune
normal
neptune
satan
neptune
portsweep
normal
nmap
normal
satan
neptune
normal
normal
neptune
neptune
neptune
normal
normal
normal
portsweep
neptune
normal
normal
normal
portsweep
normal
normal
neptune
neptune
normal
normal
normal
normal
neptune
normal
neptune
normal
neptune
normal
neptune
normal
normal
neptune
ipsweep
normal
neptune
normal
normal
satan
normal
normal
neptune
neptune
neptune
normal
normal
normal
neptune
normal
normal
normal
neptune
neptune
neptune
neptune
portsweep
neptune
normal
normal
normal
normal
normal
normal
normal
normal
neptune
neptune
normal
neptune
normal
neptune
neptune
normal
neptune
normal
normal
ipsweep
normal
warezclient
ipsweep
normal
normal
normal
normal
nmap
normal
normal
ipsweep
neptune
ipsweep
normal
normal
normal
normal
normal
neptune
normal
neptune
neptune
normal
neptune
neptune
neptune
neptune
neptune
neptune
neptune
normal
neptune
normal
normal
normal
neptune
neptune
normal
normal
normal
normal
normal
neptune
normal
neptune
normal
normal
normal
normal
normal
normal
neptune
portsweep
normal
ipsweep
neptune
normal
neptune
ipsweep
normal
portsweep
satan
normal
normal
neptune
back
neptune
neptune
normal
normal
neptune
smurf
normal
normal
neptune
normal
nmap
normal
neptune
neptune
normal
normal
neptune
neptune
normal
neptune
normal
normal
neptune
normal
normal
neptune
ipsweep
normal
normal
normal
normal
normal
neptune
neptune
normal
neptune
neptune
neptune
normal
neptune
neptune
ipsweep
normal
portsweep
neptune
nmap
normal
neptune
neptune
normal
portsweep
normal
normal
neptune
normal
satan
normal
normal
normal
normal
normal
warezclient
normal
back
normal
normal
ipsweep
normal
normal
neptune
normal
normal
normal
normal
normal
normal
normal
normal
normal
neptune
smurf
neptune
neptune
normal
normal
normal
normal
neptune
normal
normal
normal
normal
normal
neptune
portsweep
neptune
neptune
normal
normal
normal
normal
normal
smurf
normal
neptune
teardrop
normal
nmap
normal
portsweep
normal
normal
normal
normal
normal
normal
neptune
portsweep
neptune
neptune
ipsweep
normal
neptune
normal
portsweep
neptune
normal
normal
normal
normal
normal
normal
normal
neptune
neptune
normal
normal
normal
neptune
normal
neptune
neptune
neptune
normal
smurf
neptune
normal
normal
ipsweep
neptune
neptune
neptune
satan
smurf
nmap
normal
neptune
normal
normal
neptune
neptune
back
normal
neptune
normal
neptune
normal
satan
neptune
neptune
normal
neptune
normal
neptune
neptune
neptune
normal
neptune
normal
normal
nmap
neptune
normal
normal
smurf
normal
neptune
neptune
neptune
normal
portsweep
normal
normal
normal
neptune
normal
normal
normal
smurf
back
normal
smurf
neptune
neptune
satan
normal
normal
neptune
neptune
normal
neptune
normal
normal
normal
normal
normal
neptune
neptune
normal
neptune
normal
neptune
normal
neptune
normal
normal
normal
normal
neptune
neptune
normal
normal
satan
neptune
neptune
normal
normal
normal
normal
neptune
normal
portsweep
neptune
normal
neptune
nmap
normal
normal
neptune
ipsweep
normal
normal
neptune
normal
neptune
nmap
normal
normal
warezclient
normal
normal
neptune
normal
normal
warezclient
neptune
normal
neptune
satan
neptune
neptune
teardrop
neptune
ipsweep
satan
neptune
normal
neptune
neptune
neptune
normal
normal
neptune
normal
normal
neptune
normal
neptune
neptune
neptune
normal
normal
normal
neptune
neptune
neptune
neptune
neptune
neptune
normal
normal
ipsweep
normal
normal
neptune
neptune
neptune
ipsweep
neptune
neptune
neptune
normal
normal
normal
neptune
neptune
smurf
normal
normal
portsweep
neptune
normal
normal
normal
normal
neptune
normal
satan
normal
teardrop
ipsweep
normal
neptune
normal
neptune
normal
ipsweep
normal
neptune
neptune
normal
neptune
neptune
normal
normal
normal
neptune
normal
teardrop
portsweep
neptune
normal
normal
neptune
neptune
neptune
neptune
neptune
neptune
normal
normal
normal
normal
normal
smurf
normal
neptune
nmap
neptune
neptune
neptune
normal
normal
normal
neptune
neptune
neptune
neptune
normal
normal
nmap
normal
ipsweep
normal
neptune
neptune
normal
neptune
normal
normal
neptune
neptune
normal
neptune
warezclient
satan
neptune
neptune
back
neptune
normal
teardrop
neptune
normal
normal
neptune
neptune
neptune
normal
neptune
neptune
neptune
normal
normal
neptune
normal
neptune
normal
normal
normal
normal
neptune
back
portsweep
smurf
neptune
normal
neptune
neptune
neptune
normal
neptune
neptune
normal
ipsweep
neptune
normal
normal
neptune
normal
normal
normal
normal
neptune
normal
normal
neptune
normal
normal
back
normal
normal
normal
normal
neptune
neptune
neptune
normal
neptune
neptune
neptune
normal
neptune
normal
normal
neptune
neptune
neptune
neptune
neptune
neptune
normal
normal
neptune
normal
normal
normal
neptune
normal
neptune
neptune
normal
portsweep
neptune
portsweep
ipsweep
portsweep
neptune
normal
normal
normal
neptune
neptune
ipsweep
neptune
satan
neptune
satan
normal
normal
teardrop
neptune
normal
normal
satan
normal
normal
neptune
normal
normal
normal
normal
neptune
normal
neptune
normal
neptune
portsweep
neptune
normal
neptune
ipsweep
normal
normal
satan
normal
neptune
normal
normal
nmap
ipsweep
normal
normal
neptune
satan
neptune
neptune
normal
neptune
normal
neptune
neptune
normal
smurf
normal
neptune
neptune
normal
normal
normal
normal
portsweep
neptune
normal
neptune
normal
neptune
normal
neptune
neptune
normal
normal
normal
neptune
neptune
neptune
normal
normal
normal
portsweep
normal
neptune
normal
back
normal
normal
satan
normal
normal
neptune
portsweep
normal
smurf
normal
normal
normal
normal
normal
normal
neptune
normal
normal
ipsweep
normal
neptune
neptune
normal
normal
normal
neptune
neptune
neptune
normal
normal
normal
neptune
neptune
warezclient
neptune
normal
normal
normal
normal
normal
normal
normal
neptune
normal
normal
normal
normal
normal
normal
normal
neptune
smurf
portsweep
normal
satan
normal
normal
normal
normal
neptune
normal
normal
ipsweep
normal
normal
neptune
normal
satan
neptune
normal
normal
normal
neptune
normal
normal
neptune
neptune
normal
normal
ipsweep
normal
neptune
normal
neptune
smurf
portsweep
normal
neptune
normal
normal
normal
neptune
satan
normal
normal
normal
normal
normal
normal
neptune
neptune
normal
normal
normal
smurf
neptune
neptune
normal
normal
normal
portsweep
normal
neptune
ipsweep
normal
normal
normal
normal
neptune
ipsweep
satan
neptune
normal
normal
normal
satan
neptune
portsweep
neptune
satan
normal
warezclient
neptune
normal
normal
neptune
neptune
normal
normal
normal
normal
neptune
neptune
neptune
neptune
normal
normal
normal
normal
normal
normal
neptune
normal
normal
normal
normal
normal
normal
neptune
normal
normal
neptune
normal
normal
neptune
normal
normal
normal
normal
neptune
normal
normal
neptune
normal
ipsweep
normal
normal
normal
normal
neptune
satan
neptune
ipsweep
normal
normal
normal
ipsweep
normal
normal
normal
neptune
normal
normal
nmap
normal
neptune
neptune
normal
warezclient
normal
neptune
normal
neptune
neptune
neptune
neptune
normal
satan
neptune
satan
normal
normal
neptune
neptune
normal
neptune
satan
normal
neptune
normal
normal
neptune
neptune
ipsweep
normal
ipsweep
normal
normal
neptune
normal
normal
neptune
normal
neptune
normal
neptune
neptune
normal
neptune
neptune
normal
normal
normal
neptune
neptune
normal
normal
neptune
normal
neptune
neptune
ipsweep
normal
normal
neptune
normal
normal
neptune
normal
neptune
ipsweep
normal
neptune
portsweep
normal
normal
normal
normal
normal
neptune
normal
satan
back
neptune
neptune
normal
neptune
normal
neptune
normal
normal
normal
normal
imap
normal
normal
warezclient
nmap
neptune
normal
normal
normal
neptune
normal
normal
normal
normal
ipsweep
neptune
nmap
normal
nmap
pod
normal
neptune
neptune
neptune
normal
neptune
normal
neptune
portsweep
normal
neptune
neptune
neptune
neptune
neptune
neptune
normal
neptune
neptune
ipsweep
normal
neptune
normal
satan
normal
normal
ipsweep
normal
normal
neptune
normal
normal
normal
normal
teardrop
back
normal
neptune
normal
smurf
neptune
normal
normal
normal
ipsweep
normal
normal
neptune
normal
normal
normal
normal
neptune
neptune
neptune
normal
neptune
normal
normal
teardrop
normal
neptune
neptune
normal
normal
normal
neptune
neptune
neptune
normal
normal
neptune
neptune
normal
neptune
neptune
normal
normal
ipsweep
normal
neptune
normal
neptune
normal
ipsweep
normal
neptune
normal
neptune
normal
smurf
normal
normal
neptune
satan
normal
neptune
neptune
neptune
normal
neptune
neptune
normal
portsweep
normal
neptune
neptune
normal
normal
normal
normal
neptune
neptune
portsweep
neptune
ipsweep
neptune
neptune
normal
normal
normal
neptune
neptune
normal
normal
neptune
normal
neptune
ipsweep
normal
neptune
neptune
normal
satan
normal
normal
normal
warezclient
neptune
normal
neptune
neptune
normal
normal
normal
satan
neptune
teardrop
neptune
normal
normal
normal
ipsweep
ipsweep
neptune
normal
normal
normal
normal
normal
neptune
smurf
normal
normal
normal
ipsweep
normal
back
normal
normal
normal
normal
normal
neptune
normal
normal
neptune
normal
neptune
neptune
normal
ipsweep
normal
normal
normal
normal
neptune
ipsweep
neptune
normal
normal
normal
portsweep
normal
normal
normal
normal
normal
neptune
normal
normal
normal
neptune
warezclient
normal
neptune
normal
normal
normal
normal
normal
neptune
normal
smurf
normal
ipsweep
normal
normal
normal
normal
normal
normal
normal
normal
normal
neptune
neptune
normal
normal
satan
neptune
normal
neptune
portsweep
neptune
neptune
normal
ipsweep
normal
neptune
normal
teardrop
normal
neptune
neptune
normal
normal
normal
neptune
ipsweep
normal
ipsweep
normal
normal
normal
normal
neptune
normal
normal
neptune
normal
normal
neptune
neptune
neptune
normal
back
neptune
normal
normal
normal
normal
neptune
normal
ipsweep
neptune
neptune
normal
normal
neptune
smurf
ipsweep
neptune
neptune
neptune
normal
normal
neptune
normal
neptune
normal
normal
neptune
normal
normal
normal
normal
neptune
portsweep
smurf
normal
normal
teardrop
normal
normal
ipsweep
ipsweep
normal
neptune
neptune
neptune
normal
portsweep
neptune
normal
normal
normal
normal
normal
normal
normal
normal
normal
normal
normal
normal
normal
normal
normal
neptune
neptune
normal
neptune
normal
normal
neptune
normal
neptune
neptune
normal
teardrop
neptune
neptune
normal
normal
neptune
neptune
normal
normal
normal
neptune
normal
normal
normal
normal
neptune
neptune
normal
portsweep
normal
normal
neptune
neptune
teardrop
neptune
normal
normal
normal
neptune
normal
normal
normal
ipsweep
normal
neptune
normal
neptune
normal
normal
neptune
normal
normal
neptune
smurf
neptune
normal
normal
ipsweep
normal
normal
normal
normal
normal
neptune
neptune
neptune
neptune
neptune
neptune
neptune
neptune
portsweep
neptune
neptune
normal
normal
normal
normal
back
normal
normal
normal
normal
neptune
normal
normal
normal
portsweep
normal
normal
neptune
normal
neptune
normal
normal
normal
portsweep
normal
neptune
neptune
normal
normal
neptune
neptune
normal
neptune
normal
normal
normal
normal
neptune
normal
neptune
normal
neptune
normal
neptune
nmap
normal
portsweep
normal
normal
neptune
neptune
ipsweep
normal
neptune
neptune
normal
normal
neptune
neptune
neptune
neptune
normal
normal
normal
normal
neptune
smurf
neptune
neptune
normal
normal
neptune
neptune
normal
normal
neptune
neptune
neptune
normal
neptune
neptune
normal
normal
neptune
neptune
ipsweep
normal
neptune
normal
normal
neptune
smurf
neptune
normal
back
normal
normal
normal
normal
neptune
normal
neptune
normal
neptune
satan
normal
normal
neptune
normal
neptune
normal
normal
warezclient
back
neptune
normal
neptune
normal
neptune
neptune
smurf
normal
normal
normal
normal
normal
neptune
normal
satan
neptune
neptune
neptune
neptune
normal
normal
neptune
normal
neptune
nmap
normal
neptune
normal
neptune
neptune
neptune
neptune
normal
neptune
normal
normal
neptune
neptune
normal
nmap
normal
normal
normal
normal
normal
normal
neptune
normal
normal
normal
normal
normal
normal
normal
neptune
normal
normal
neptune
normal
ipsweep
satan
neptune
normal
satan
normal
normal
ipsweep
ipsweep
satan
nmap
normal
neptune
normal
normal
normal
normal
neptune
teardrop
satan
portsweep
back
neptune
normal
neptune
normal
normal
normal
normal
normal
neptune
normal
neptune
neptune
neptune
neptune
normal
neptune
neptune
neptune
normal
normal
normal
nmap
normal
satan
normal
neptune
normal
normal
nmap
ipsweep
normal
normal
normal
normal
normal
satan
normal
neptune
warezclient
normal
portsweep
pod
neptune
normal
normal
neptune
normal
normal
normal
normal
smurf
neptune
normal
normal
neptune
warezclient
neptune
normal
ipsweep
neptune
neptune
nmap
normal
neptune
normal
normal
neptune
normal
normal
normal
neptune
normal
neptune
normal
neptune
normal
neptune
normal
normal
neptune
normal
normal
neptune
normal
normal
teardrop
neptune
normal
normal
neptune
neptune
normal
neptune
neptune
normal
neptune
satan
normal
normal
neptune
neptune
neptune
neptune
back
normal
normal
portsweep
neptune
normal
neptune
normal
normal
normal
normal
neptune
normal
neptune
neptune
normal
normal
neptune
portsweep
neptune
normal
warezclient
normal
neptune
normal
normal
normal
nmap
neptune
neptune
normal
neptune
normal
normal
neptune
normal
ipsweep
normal
normal
neptune
neptune
normal
normal
normal
normal
neptune
smurf
normal
normal
neptune
ipsweep
neptune
neptune
normal
ipsweep
neptune
normal
neptune
ipsweep
normal
neptune
neptune
normal
satan
portsweep
normal
normal
neptune
neptune
portsweep
neptune
normal
neptune
neptune
normal
neptune
neptune
normal
neptune
normal
neptune
normal
satan
normal
normal
normal
neptune
normal
normal
neptune
normal
normal
neptune
normal
normal
normal
neptune
smurf
neptune
neptune
portsweep
normal
neptune
normal
neptune
normal
neptune
neptune
warezclient
normal
neptune
neptune
normal
normal
normal
normal
normal
neptune
neptune
neptune
normal
normal
neptune
normal
normal
normal
neptune
neptune
normal
portsweep
back
nmap
normal
ipsweep
neptune
neptune
neptune
neptune
normal
neptune
neptune
normal
neptune
neptune
neptune
neptune
neptune
normal
neptune
neptune
normal
satan
neptune
neptune
normal
normal
neptune
smurf
neptune
neptune
satan
neptune
neptune
nmap
neptune
neptune
normal
normal
neptune
neptune
normal
normal
neptune
normal
normal
ipsweep
neptune
neptune
normal
normal
normal
normal
normal
normal
teardrop
normal
portsweep
neptune
normal
neptune
normal
neptune
normal
normal
neptune
normal
normal
normal
neptune
guess_passwd
normal
neptune
neptune
neptune
neptune
neptune
neptune
normal
nmap
normal
neptune
normal
normal
neptune
normal
neptune
normal
neptune
neptune
satan
normal
neptune
satan
normal
smurf
normal
normal
neptune
neptune
normal
neptune
normal
neptune
neptune
normal
normal
normal
neptune
neptune
normal
neptune
portsweep
normal
smurf
normal
normal
normal
normal
teardrop
neptune
neptune
neptune
teardrop
normal
normal
normal
normal
neptune
neptune
normal
normal
neptune
normal
neptune
neptune
neptune
neptune
normal
normal
warezclient
normal
normal
normal
neptune
ipsweep
normal
neptune
normal
normal
normal
normal
normal
normal
neptune
normal
neptune
portsweep
nmap
normal
neptune
normal
neptune
neptune
normal
normal
neptune
neptune
neptune
smurf
normal
normal
normal
neptune
normal
nmap
satan
neptune
normal
normal
ipsweep
normal
teardrop
normal
normal
normal
nmap
normal
normal
normal
normal
normal
normal
neptune
normal
satan
normal
back
normal
neptune
neptune
ipsweep
normal
satan
normal
neptune
neptune
neptune
neptune
normal
neptune
nmap
normal
neptune
normal
normal
normal
normal
normal
normal
satan
neptune
normal
teardrop
normal
normal
normal
neptune
normal
ipsweep
neptune
normal
normal
smurf
normal
normal
normal
normal
neptune
neptune
ipsweep
normal
normal
normal
normal
smurf
normal
neptune
normal
normal
neptune
normal
ipsweep
neptune
normal
neptune
neptune
neptune
normal
normal
normal
normal
normal
normal
normal
normal
neptune
normal
normal
neptune
neptune
neptune
normal
normal
normal
back
normal
portsweep
normal
normal
normal
neptune
normal
neptune
normal
neptune
normal
normal
normal
normal
normal
normal
normal
normal
neptune
neptune
normal
neptune
normal
normal
warezmaster
normal
normal
normal
normal
normal
normal
neptune
guess_passwd
normal
satan
portsweep
normal
neptune
neptune
normal
normal
normal
neptune
portsweep
normal
ipsweep
neptune
neptune
neptune
neptune
normal
neptune
normal
normal
normal
normal
normal
neptune
normal
neptune
normal
normal
neptune
neptune
neptune
normal
neptune
neptune
normal
ipsweep
normal
smurf
normal
neptune
normal
normal
neptune
neptune
normal
normal
normal
normal
normal
neptune
neptune
normal
pod
normal
neptune
normal
normal
neptune
normal
portsweep
normal
neptune
normal
portsweep
normal
neptune
normal
neptune
normal
normal
neptune
neptune
normal
neptune
neptune
ipsweep
normal
neptune
normal
neptune
neptune
normal
portsweep
back
normal
normal
neptune
normal
neptune
normal
neptune
normal
warezclient
normal
normal
neptune
normal
normal
neptune
neptune
nmap
normal
neptune
normal
neptune
neptune
neptune
normal
portsweep
neptune
neptune
normal
normal
neptune
neptune
neptune
normal
normal
neptune
normal
neptune
normal
normal
normal
normal
back
normal
normal
neptune
normal
normal
neptune
normal
normal
normal
neptune
normal
neptune
normal
smurf
neptune
normal
normal
normal
neptune
neptune
normal
neptune
normal
normal
normal
neptune
normal
neptune
normal
normal
normal
normal
normal
normal
normal
normal
normal
ipsweep
normal
normal
normal
neptune
nmap
neptune
neptune
normal
neptune
normal
satan
normal
normal
normal
neptune
neptune
neptune
ipsweep
neptune
normal
neptune
neptune
normal
normal
normal
ipsweep
normal
neptune
normal
neptune
normal
neptune
normal
neptune
normal
normal
normal
normal
neptune
normal
neptune
normal
smurf
normal
normal
normal
neptune
normal
normal
normal
normal
neptune
neptune
satan
normal
ipsweep
normal
normal
normal
normal
normal
neptune
normal
normal
normal
neptune
portsweep
neptune
normal
neptune
normal
normal
neptune
normal
normal
normal
normal
neptune
normal
neptune
normal
neptune
smurf
neptune
normal
neptune
neptune
neptune
portsweep
neptune
neptune
neptune
normal
normal
normal
normal
neptune
neptune
normal
normal
portsweep
normal
normal
teardrop
ipsweep
neptune
normal
normal
normal
normal
normal
normal
neptune
normal
normal
normal
normal
normal
normal
neptune
normal
normal
normal
satan
neptune
portsweep
normal
normal
normal
neptune
normal
neptune
normal
neptune
normal
normal
neptune
normal
normal
normal
satan
neptune
normal
normal
neptune
satan
teardrop
neptune
portsweep
normal
normal
normal
normal
normal
normal
neptune
normal
satan
normal
normal
normal
normal
normal
neptune
normal
normal
normal
normal
normal
normal
normal
neptune
neptune
normal
neptune
normal
neptune
normal
neptune
normal
normal
normal
neptune
normal
normal
normal
normal
normal
normal
normal
normal
teardrop
smurf
normal
neptune
normal
normal
normal
normal
neptune
normal
normal
neptune
normal
nmap
normal
satan
normal
normal
neptune
neptune
neptune
normal
neptune
normal
normal
normal
neptune
normal
normal
normal
normal
neptune
neptune
normal
portsweep
normal
normal
neptune
neptune
neptune
normal
neptune
neptune
normal
portsweep
neptune
normal
normal
neptune
normal
normal
teardrop
normal
normal
normal
normal
ipsweep
normal
neptune
neptune
satan
normal
normal
neptune
normal
normal
satan
neptune
neptune
neptune
normal
neptune
satan
normal
satan
normal
normal
normal
warezclient
neptune
portsweep
normal
normal
normal
neptune
normal
normal
normal
normal
normal
neptune
normal
normal
neptune
neptune
normal
neptune
normal
normal
neptune
portsweep
back
normal
normal
normal
normal
normal
normal
normal
satan
normal
satan
normal
neptune
neptune
neptune
neptune
warezclient
neptune
neptune
smurf
normal
neptune
neptune
normal
neptune
smurf
normal
smurf
normal
neptune
neptune
neptune
satan
satan
normal
neptune
neptune
normal
normal
neptune
neptune
neptune
normal
neptune
back
neptune
normal
normal
neptune
neptune
neptune
smurf
nmap
teardrop
normal
normal
normal
neptune
neptune
normal
normal
normal
normal
neptune
normal
neptune
neptune
neptune
neptune
neptune
teardrop
normal
neptune
neptune
neptune
normal
normal
neptune
neptune
normal
satan
neptune
normal
neptune
neptune
normal
portsweep
neptune
normal
normal
normal
satan
normal
normal
normal
normal
normal
normal
ipsweep
normal
normal
normal
normal
normal
neptune
normal
normal
neptune
normal
normal
neptune
normal
neptune
satan
normal
normal
neptune
neptune
normal
normal
neptune
neptune
normal
neptune
normal
neptune
ipsweep
normal
normal
normal
normal
normal
neptune
normal
smurf
normal
normal
normal
normal
neptune
neptune
normal
neptune
ipsweep
normal
normal
normal
satan
ipsweep
normal
neptune
neptune
normal
normal
neptune
neptune
normal
normal
neptune
teardrop
normal
ipsweep
normal
neptune
smurf
normal
neptune
neptune
normal
normal
normal
normal
normal
neptune
neptune
normal
neptune
neptune
neptune
normal
normal
neptune
normal
normal
portsweep
nmap
neptune
neptune
neptune
normal
normal
neptune
normal
neptune
neptune
normal
normal
neptune
warezclient
back
ipsweep
normal
neptune
neptune
normal
normal
normal
neptune
neptune
normal
normal
satan
neptune
normal
neptune
normal
neptune
normal
normal
normal
teardrop
nmap
neptune
normal
normal
normal
normal
normal
normal
ipsweep
satan
normal
satan
neptune
normal
neptune
neptune
neptune
portsweep
neptune
neptune
normal
neptune
normal
satan
normal
neptune
neptune
neptune
neptune
normal
normal
normal
normal
neptune
smurf
satan
portsweep
normal
normal
normal
satan
normal
normal
normal
neptune
normal
normal
neptune
normal
normal
normal
normal
normal
warezclient
warezclient
normal
normal
normal
normal
normal
neptune
ipsweep
neptune
normal
neptune
normal
normal
normal
neptune
normal
neptune
normal
normal
satan
normal
pod
neptune
neptune
normal
neptune
normal
neptune
land
normal
normal
neptune
normal
normal
neptune
neptune
normal
satan
normal
ipsweep
ipsweep
portsweep
normal
normal
normal
neptune
teardrop
normal
normal
normal
normal
normal
normal
normal
portsweep
neptune
neptune
normal
normal
nmap
normal
normal
normal
normal
normal
normal
neptune
normal
normal
normal
smurf
neptune
neptune
normal
portsweep
smurf
ipsweep
neptune
normal
neptune
normal
neptune
normal
smurf
neptune
neptune
neptune
ipsweep
normal
neptune
neptune
normal
normal
satan
satan
normal
neptune
normal
neptune
normal
nmap
normal
normal
normal
normal
normal
normal
ipsweep
normal
neptune
neptune
neptune
neptune
normal
neptune
nmap
neptune
normal
neptune
neptune
neptune
neptune
normal
neptune
normal
neptune
neptune
normal
neptune
normal
neptune
satan
normal
neptune
normal
neptune
normal
neptune
ipsweep
neptune
normal
neptune
neptune
normal
normal
neptune
neptune
neptune
neptune
normal
normal
neptune
neptune
normal
neptune
neptune
normal
satan
normal
neptune
ipsweep
normal
ipsweep
neptune
neptune
neptune
normal
normal
neptune
normal
normal
satan
normal
normal
neptune
neptune
normal
normal
normal
normal
satan
neptune
normal
satan
normal
normal
neptune
normal
normal
normal
satan
ipsweep
neptune
neptune
back
portsweep
neptune
neptune
normal
teardrop
neptune
ipsweep
neptune
normal
neptune
normal
neptune
normal
normal
normal
smurf
smurf
normal
neptune
neptune
neptune
ipsweep
neptune
neptune
portsweep
smurf
neptune
normal
neptune
neptune
normal
normal
normal
normal
neptune
normal
neptune
normal
normal
normal
normal
ipsweep
neptune
normal
neptune
normal
neptune
normal
normal
portsweep
normal
neptune
normal
neptune
neptune
normal
neptune
neptune
normal
normal
normal
normal
neptune
normal
normal
neptune
normal
neptune
normal
smurf
normal
normal
normal
normal
neptune
normal
neptune
teardrop
normal
normal
normal
neptune
neptune
neptune
normal
neptune
neptune
normal
normal
smurf
neptune
normal
normal
normal
normal
normal
neptune
normal
neptune
normal
neptune
neptune
neptune
neptune
neptune
normal
neptune
neptune
normal
neptune
neptune
normal
neptune
neptune
nmap
satan
normal
neptune
smurf
normal
neptune
normal
normal
normal
normal
normal
neptune
warezclient
neptune
normal
smurf
normal
normal
neptune
normal
neptune
neptune
normal
normal
normal
normal
normal
neptune
normal
normal
normal
neptune
normal
neptune
neptune
neptune
normal
neptune
neptune
neptune
neptune
satan
normal
normal
normal
smurf
normal
back
neptune
neptune
neptune
neptune
neptune
satan
normal
neptune
normal
normal
normal
normal
portsweep
neptune
neptune
neptune
neptune
normal
normal
normal
normal
smurf
normal
normal
normal
neptune
normal
neptune
normal
normal
normal
neptune
normal
normal
neptune
normal
normal
neptune
neptune
neptune
normal
normal
normal
neptune
neptune
normal
neptune
neptune
normal
normal
neptune
normal
neptune
normal
normal
neptune
normal
normal
normal
neptune
neptune
normal
normal
normal
normal
normal
ipsweep
neptune
neptune
portsweep
normal
normal
normal
normal
neptune
normal
neptune
smurf
neptune
normal
neptune
normal
neptune
normal
normal
normal
normal
normal
normal
normal
neptune
normal
neptune
normal
normal
neptune
neptune
normal
normal
normal
neptune
normal
normal
normal
normal
normal
normal
normal
normal
normal
normal
normal
smurf
normal
neptune
neptune
normal
normal
normal
normal
normal
neptune
normal
normal
normal
normal
neptune
smurf
normal
normal
neptune
normal
normal
normal
normal
normal
neptune
ipsweep
normal
normal
neptune
normal
neptune
normal
normal
neptune
neptune
normal
neptune
neptune
neptune
neptune
neptune
neptune
neptune
normal
normal
neptune
neptune
normal
normal
satan
normal
normal
normal
normal
neptune
normal
normal
normal
normal
normal
neptune
normal
neptune
neptune
neptune
normal
normal
normal
normal
normal
normal
normal
normal
neptune
normal
normal
normal
portsweep
neptune
ipsweep
normal
smurf
portsweep
normal
neptune
neptune
normal
normal
normal
neptune
neptune
neptune
normal
warezclient
normal
normal
normal
neptune
normal
normal
neptune
neptune
neptune
neptune
neptune
neptune
normal
normal
normal
neptune
normal
normal
normal
neptune
normal
normal
normal
smurf
normal
neptune
normal
normal
normal
normal
neptune
normal
neptune
neptune
neptune
neptune
neptune
neptune
normal
neptune
neptune
normal
neptune
normal
normal
normal
neptune
normal
neptune
normal
neptune
neptune
normal
normal
normal
portsweep
normal
neptune
normal
normal
neptune
normal
normal
normal
normal
warezclient
neptune
normal
normal
neptune
normal
normal
normal
ipsweep
neptune
ipsweep
normal
neptune
normal
teardrop
normal
normal
neptune
normal
normal
normal
satan
neptune
normal
neptune
normal
neptune
smurf
normal
back
normal
normal
normal
neptune
ipsweep
normal
neptune
neptune
normal
neptune
neptune
normal
normal
normal
normal
normal
neptune
normal
normal
neptune
ipsweep
normal
normal
neptune
normal
normal
normal
smurf
normal
neptune
neptune
normal
normal
teardrop
normal
normal
neptune
neptune
normal
normal
pod
smurf
neptune
normal
ipsweep
normal
neptune
neptune
neptune
normal
neptune
normal
neptune
normal
neptune
neptune
normal
normal
normal
neptune
neptune
normal
satan
warezclient
neptune
normal
normal
neptune
normal
ipsweep
normal
normal
neptune
neptune
normal
neptune
normal
back
normal
neptune
nmap
normal
normal
neptune
normal
neptune
neptune
normal
ipsweep
normal
neptune
normal
neptune
normal
smurf
normal
normal
normal
normal
normal
smurf
normal
nmap
normal
normal
neptune
normal
normal
normal
neptune
normal
normal
normal
neptune
normal
normal
neptune
neptune
nmap
normal
neptune
normal
neptune
neptune
neptune
normal
normal
normal
normal
normal
normal
normal
neptune
neptune
normal
normal
normal
neptune
normal
normal
normal
normal
satan
neptune
neptune
normal
satan
neptune
neptune
normal
normal
normal
normal
normal
neptune
normal
neptune
normal
normal
neptune
ipsweep
portsweep
portsweep
normal
neptune
normal
normal
neptune
neptune
normal
neptune
normal
normal
normal
smurf
satan
neptune
neptune
normal
normal
neptune
neptune
normal
normal
normal
neptune
normal
teardrop
normal
normal
neptune
normal
normal
neptune
normal
normal
neptune
normal
neptune
portsweep
neptune
normal
normal
neptune
neptune
neptune
ipsweep
normal
normal
normal
ipsweep
neptune
normal
neptune
normal
normal
neptune
normal
normal
satan
normal
normal
satan
portsweep
normal
neptune
normal
normal
normal
normal
normal
normal
neptune
normal
neptune
normal
neptune
normal
neptune
neptune
normal
normal
normal
satan
neptune
normal
warezclient
normal
normal
neptune
normal
neptune
neptune
nmap
neptune
normal
neptune
neptune
neptune
normal
satan
normal
portsweep
neptune
normal
portsweep
normal
normal
neptune
normal
normal
neptune
normal
neptune
neptune
normal
smurf
smurf
normal
normal
normal
normal
normal
portsweep
ipsweep
normal
neptune
normal
normal
neptune
normal
normal
neptune
back
normal
normal
neptune
normal
neptune
neptune
neptune
normal
neptune
normal
pod
normal
normal
neptune
satan
normal
normal
normal
normal
neptune
neptune
normal
normal
neptune
normal
normal
normal
neptune
normal
smurf
normal
normal
neptune
normal
normal
normal
neptune
neptune
normal
neptune
normal
normal
normal
normal
ipsweep
normal
neptune
neptune
normal
neptune
neptune
normal
normal
normal
normal
normal
normal
normal
normal
neptune
neptune
ipsweep
normal
normal
neptune
neptune
normal
neptune
normal
normal
neptune
normal
normal
neptune
normal
ipsweep
smurf
normal
ipsweep
neptune
normal
nmap
neptune
normal
normal
normal
neptune
normal
normal
normal
neptune
normal
normal
neptune
normal
neptune
neptune
normal
normal
neptune
satan
normal
neptune
neptune
teardrop
normal
neptune
ipsweep
normal
normal
neptune
normal
normal
normal
ipsweep
normal
smurf
normal
normal
neptune
neptune
normal
neptune
neptune
ipsweep
normal
neptune
normal
normal
neptune
normal
neptune
normal
normal
normal
normal
normal
normal
neptune
neptune
normal
neptune
neptune
neptune
neptune
neptune
neptune
normal
back
normal
ipsweep
normal
normal
normal
normal
neptune
neptune
normal
normal
neptune
normal
normal
neptune
normal
normal
normal
normal
neptune
neptune
normal
neptune
normal
normal
ipsweep
normal
neptune
smurf
normal
normal
normal
normal
normal
normal
neptune
neptune
normal
neptune
neptune
normal
normal
normal
neptune
normal
normal
normal
normal
neptune
neptune
normal
nmap
normal
normal
normal
normal
neptune
normal
normal
neptune
neptune
normal
neptune
neptune
neptune
teardrop
normal
normal
ipsweep
normal
normal
normal
neptune
neptune
normal
neptune
warezclient
normal
normal
normal
normal
normal
normal
neptune
neptune
normal
normal
smurf
normal
normal
normal
neptune
normal
normal
normal
normal
neptune
normal
normal
normal
normal
neptune
neptune
normal
normal
normal
normal
normal
neptune
portsweep
neptune
portsweep
normal
neptune
smurf
neptune
neptune
neptune
neptune
normal
neptune
neptune
neptune
neptune
normal
normal
normal
normal
normal
normal
normal
neptune
neptune
neptune
normal
neptune
neptune
normal
neptune
normal
normal
teardrop
neptune
normal
normal
normal
neptune
neptune
neptune
neptune
neptune
normal
normal
neptune
normal
normal
neptune
ipsweep
neptune
neptune
normal
neptune
neptune
normal
normal
normal
portsweep
neptune
normal
normal
normal
ipsweep
normal
neptune
neptune
normal
neptune
neptune
neptune
neptune
neptune
neptune
normal
smurf
satan
normal
normal
neptune
normal
neptune
satan
normal
nmap
neptune
neptune
normal
normal
satan
normal
satan
warezclient
normal
normal
neptune
normal
normal
neptune
normal
normal
normal
normal
normal
normal
satan
normal
normal
normal
smurf
ipsweep
neptune
neptune
teardrop
neptune
neptune
normal
normal
neptune
normal
normal
normal
neptune
neptune
neptune
normal
neptune
normal
normal
neptune
neptune
neptune
neptune
neptune
normal
portsweep
nmap
neptune
warezclient
normal
normal
normal
normal
neptune
neptune
neptune
warezclient
normal
normal
normal
normal
normal
neptune
normal
neptune
neptune
normal
neptune
normal
normal
neptune
normal
normal
normal
normal
normal
neptune
normal
normal
smurf
normal
normal
normal
neptune
normal
teardrop
portsweep
normal
neptune
normal
neptune
nmap
normal
neptune
normal
satan
neptune
neptune
portsweep
normal
neptune
neptune
smurf
normal
satan
normal
normal
normal
warezclient
normal
portsweep
normal
normal
normal
neptune
normal
normal
neptune
neptune
neptune
neptune
normal
neptune
normal
portsweep
normal
normal
neptune
normal
nmap
ipsweep
ipsweep
neptune
ipsweep
normal
satan
normal
normal
neptune
smurf
normal
neptune
normal
normal
normal
neptune
neptune
portsweep
portsweep
normal
neptune
normal
neptune
neptune
normal
neptune
neptune
neptune
normal
neptune
normal
normal
normal
neptune
normal
normal
neptune
normal
normal
normal
normal
neptune
neptune
neptune
ipsweep
normal
normal
neptune
neptune
normal
neptune
normal
normal
normal
normal
smurf
neptune
normal
normal
normal
normal
neptune
normal
neptune
normal
normal
normal
normal
neptune
normal
normal
neptune
normal
normal
neptune
ipsweep
ipsweep
teardrop
neptune
neptune
normal
normal
neptune
neptune
normal
satan
normal
normal
ipsweep
ipsweep
normal
normal
normal
satan
normal
normal
satan
normal
neptune
normal
normal
back
normal
normal
normal
portsweep
normal
normal
normal
normal
neptune
normal
neptune
neptune
normal
neptune
normal
normal
nmap
normal
normal
normal
warezclient
neptune
satan
normal
neptune
neptune
normal
normal
normal
normal
normal
normal
neptune
neptune
normal
neptune
neptune
neptune
normal
neptune
neptune
neptune
neptune
normal
normal
neptune
satan
normal
neptune
neptune
portsweep
neptune
portsweep
normal
normal
portsweep
normal
neptune
normal
normal
normal
normal
neptune
satan
neptune
neptune
normal
satan
normal
neptune
neptune
ipsweep
neptune
normal
neptune
normal
normal
neptune
normal
normal
normal
neptune
normal
neptune
nmap
portsweep
normal
neptune
neptune
normal
normal
normal
ipsweep
normal
neptune
ipsweep
neptune
normal
portsweep
satan
normal
normal
neptune
warezclient
pod
normal
normal
normal
normal
neptune
normal
back
normal
guess_passwd
smurf
neptune
normal
neptune
normal
neptune
neptune
neptune
neptune
normal
neptune
normal
neptune
normal
normal
neptune
normal
normal
normal
neptune
normal
nmap
satan
warezclient
normal
guess_passwd
normal
normal
neptune
neptune
normal
neptune
normal
normal
normal
normal
normal
normal
neptune
neptune
normal
normal
normal
normal
normal
normal
neptune
smurf
warezclient
neptune
satan
neptune
neptune
normal
neptune
neptune
normal
neptune
normal
neptune
ipsweep
neptune
neptune
satan
normal
normal
neptune
normal
neptune
normal
neptune
normal
normal
normal
normal
neptune
neptune
normal
normal
normal
neptune
normal
back
normal
neptune
neptune
ipsweep
normal
neptune
neptune
normal
normal
normal
normal
neptune
normal
normal
neptune
normal
normal
normal
normal
normal
normal
normal
normal
normal
ipsweep
normal
neptune
normal
normal
neptune
normal
neptune
neptune
normal
normal
normal
normal
neptune
normal
neptune
normal
normal
normal
portsweep
smurf
ipsweep
normal
neptune
normal
neptune
normal
neptune
normal
neptune
normal
neptune
normal
normal
neptune
smurf
normal
neptune
smurf
neptune
normal
normal
normal
normal
normal
normal
satan
normal
neptune
normal
neptune
satan
normal
neptune
portsweep
normal
neptune
neptune
neptune
normal
neptune
normal
satan
portsweep
neptune
normal
neptune
normal
neptune
normal
portsweep
normal
normal
normal
neptune
normal
neptune
neptune
normal
neptune
neptune
neptune
neptune
neptune
neptune
neptune
neptune
neptune
normal
normal
neptune
neptune
neptune
normal
neptune
normal
normal
normal
normal
neptune
normal
neptune
normal
normal
neptune
neptune
normal
ipsweep
normal
normal
neptune
normal
normal
normal
neptune
normal
normal
neptune
normal
normal
normal
normal
neptune
normal
normal
normal
neptune
neptune
normal
normal
normal
normal
normal
normal
normal
neptune
teardrop
normal
neptune
neptune
neptune
neptune
satan
neptune
neptune
smurf
neptune
normal
normal
normal
normal
normal
normal
neptune
normal
normal
neptune
satan
normal
normal
neptune
neptune
normal
neptune
normal
neptune
normal
neptune
normal
smurf
normal
neptune
normal
portsweep
neptune
neptune
normal
teardrop
neptune
neptune
neptune
normal
neptune
normal
neptune
neptune
normal
normal
normal
neptune
normal
normal
neptune
neptune
nmap
portsweep
back
neptune
neptune
neptune
neptune
neptune
normal
normal
normal
normal
normal
normal
normal
normal
nmap
normal
back
normal
normal
normal
normal
normal
neptune
normal
neptune
neptune
neptune
back
neptune
normal
neptune
neptune
neptune
normal
neptune
normal
normal
warezclient
neptune
normal
neptune
normal
normal
neptune
normal
ipsweep
normal
portsweep
normal
normal
neptune
neptune
normal
normal
neptune
neptune
normal
normal
neptune
normal
normal
neptune
normal
neptune
neptune
normal
teardrop
normal
neptune
normal
normal
neptune
normal
normal
normal
normal
normal
warezclient
neptune
normal
normal
neptune
normal
normal
neptune
nmap
ipsweep
normal
smurf
portsweep
normal
normal
neptune
neptune
neptune
neptune
neptune
normal
normal
normal
normal
normal
normal
normal
normal
normal
normal
neptune
smurf
neptune
normal
back
neptune
normal
normal
neptune
normal
ipsweep
normal
normal
normal
neptune
neptune
normal
normal
neptune
normal
neptune
normal
normal
neptune
teardrop
neptune
normal
normal
normal
normal
normal
normal
neptune
normal
neptune
normal
neptune
neptune
normal
neptune
normal
neptune
normal
ipsweep
neptune
normal
normal
ipsweep
neptune
normal
normal
normal
ipsweep
smurf
neptune
normal
neptune
normal
normal
neptune
neptune
neptune
neptune
neptune
normal
normal
neptune
normal
neptune
normal
neptune
neptune
normal
ipsweep
neptune
normal
neptune
neptune
normal
neptune
normal
normal
normal
normal
neptune
normal
normal
neptune
normal
normal
nmap
normal
neptune
satan
normal
neptune
normal
normal
normal
normal
teardrop
normal
neptune
normal
smurf
normal
ipsweep
normal
normal
normal
neptune
satan
normal
normal
normal
normal
back
normal
normal
normal
normal
portsweep
neptune
normal
normal
normal
ipsweep
normal
neptune
neptune
normal
normal
smurf
normal
neptune
neptune
normal
neptune
normal
normal
smurf
neptune
neptune
neptune
normal
neptune
ipsweep
normal
normal
neptune
normal
portsweep
normal
neptune
neptune
normal
satan
neptune
normal
normal
normal
normal
normal
normal
neptune
normal
normal
neptune
neptune
portsweep
normal
normal
smurf
ipsweep
portsweep
neptune
normal
normal
neptune
neptune
neptune
portsweep
neptune
ipsweep
normal
normal
normal
normal
neptune
normal
normal
normal
normal
normal
neptune
neptune
normal
teardrop
normal
normal
neptune
satan
neptune
normal
normal
neptune
neptune
neptune
normal
normal
normal
neptune
satan
normal
normal
smurf
ipsweep
neptune
normal
neptune
neptune
pod
normal
normal
neptune
normal
normal
neptune
normal
normal
neptune
normal
neptune
normal
normal
normal
normal
neptune
normal
normal
satan
smurf
neptune
neptune
ipsweep
normal
normal
normal
neptune
normal
normal
normal
satan
normal
portsweep
normal
neptune
smurf
normal
neptune
normal
normal
nmap
neptune
neptune
normal
satan
normal
neptune
normal
normal
normal
normal
neptune
normal
normal
neptune
ipsweep
neptune
normal
ipsweep
normal
teardrop
neptune
normal
smurf
neptune
smurf
back
neptune
normal
normal
portsweep
normal
normal
neptune
neptune
normal
portsweep
normal
neptune
neptune
neptune
ipsweep
satan
normal
neptune
normal
neptune
neptune
normal
neptune
normal
normal
neptune
normal
normal
neptune
normal
normal
neptune
normal
neptune
normal
normal
normal
normal
neptune
normal
normal
normal
normal
neptune
neptune
neptune
normal
neptune
normal
satan
normal
normal
neptune
normal
normal
normal
neptune
normal
satan
normal
normal
normal
satan
neptune
smurf
neptune
normal
normal
pod
neptune
normal
neptune
neptune
neptune
normal
normal
normal
neptune
pod
normal
neptune
normal
neptune
satan
portsweep
normal
smurf
neptune
neptune
normal
neptune
normal
normal
portsweep
normal
normal
normal
normal
normal
neptune
normal
back
normal
normal
neptune
normal
neptune
neptune
normal
normal
satan
normal
normal
neptune
neptune
normal
normal
neptune
normal
neptune
normal
normal
neptune
normal
normal
neptune
neptune
normal
normal
neptune
neptune
normal
normal
neptune
normal
normal
normal
normal
neptune
neptune
normal
neptune
normal
normal
normal
neptune
normal
satan
normal
neptune
normal
neptune
normal
neptune
neptune
neptune
normal
normal
normal
ipsweep
normal
neptune
normal
normal
normal
neptune
warezclient
normal
neptune
normal
normal
normal
neptune
neptune
normal
neptune
normal
neptune
normal
neptune
neptune
neptune
normal
neptune
neptune
normal
neptune
normal
portsweep
ipsweep
neptune
neptune
satan
normal
normal
neptune
normal
normal
normal
normal
neptune
neptune
normal
smurf
neptune
satan
neptune
neptune
portsweep
normal
smurf
normal
normal
neptune
normal
nmap
normal
neptune
ipsweep
neptune
normal
normal
normal
neptune
normal
normal
normal
normal
neptune
neptune
neptune
neptune
normal
neptune
normal
neptune
neptune
normal
normal
neptune
neptune
normal
normal
smurf
neptune
normal
neptune
normal
normal
normal
ipsweep
neptune
normal
neptune
neptune
neptune
neptune
normal
normal
normal
satan
normal
normal
neptune
normal
normal
normal
normal
neptune
satan
normal
normal
normal
normal
normal
normal
normal
normal
normal
neptune
neptune
normal
neptune
satan
normal
normal
satan
neptune
neptune
normal
normal
normal
smurf
satan
neptune
neptune
neptune
neptune
smurf
neptune
neptune
neptune
neptune
portsweep
neptune
normal
ipsweep
normal
neptune
normal
normal
neptune
normal
neptune
normal
normal
smurf
portsweep
neptune
normal
normal
normal
normal
normal
neptune
normal
normal
neptune
neptune
satan
satan
neptune
neptune
normal
normal
normal
satan
normal
normal
normal
normal
normal
normal
normal
normal
normal
normal
normal
normal
neptune
neptune
normal
normal
neptune
normal
neptune
normal
nmap
normal
normal
normal
neptune
normal
normal
normal
normal
satan
normal
normal
normal
normal
normal
neptune
neptune
neptune
neptune
neptune
normal
normal
normal
neptune
normal
smurf
neptune
normal
normal
normal
normal
ipsweep
normal
satan
ipsweep
normal
neptune
ipsweep
normal
back
normal
normal
smurf
normal
normal
normal
neptune
neptune
satan
neptune
portsweep
neptune
neptune
neptune
normal
normal
normal
neptune
normal
neptune
neptune
normal
neptune
normal
ipsweep
satan
normal
ipsweep
normal
normal
normal
normal
neptune
normal
neptune
normal
normal
normal
neptune
portsweep
neptune
neptune
normal
normal
normal
normal
normal
normal
neptune
neptune
normal
normal
neptune
normal
normal
normal
normal
normal
normal
neptune
normal
neptune
normal
normal
back
normal
smurf
normal
normal
normal
normal
portsweep
normal
neptune
normal
normal
normal
neptune
satan
satan
neptune
satan
neptune
normal
normal
normal
normal
normal
normal
normal
neptune
neptune
normal
ipsweep
smurf
normal
neptune
neptune
neptune
normal
normal
portsweep
neptune
loadmodule
normal
normal
back
normal
normal
neptune
normal
neptune
neptune
neptune
normal
normal
satan
normal
normal
smurf
normal
normal
normal
neptune
normal
neptune
neptune
normal
neptune
normal
normal
neptune
neptune
normal
normal
normal
normal
normal
nmap
normal
normal
neptune
neptune
normal
neptune
neptune
neptune
nmap
normal
neptune
normal
neptune
normal
satan
normal
normal
satan
normal
normal
neptune
normal
normal
normal
neptune
normal
normal
normal
normal
normal
neptune
normal
normal
normal
normal
neptune
satan
normal
normal
neptune
normal
normal
normal
normal
normal
neptune
neptune
neptune
neptune
neptune
ipsweep
normal
normal
normal
neptune
neptune
normal
normal
normal
normal
normal
neptune
normal
normal
normal
normal
normal
neptune
normal
neptune
normal
normal
normal
neptune
neptune
normal
neptune
neptune
neptune
normal
normal
neptune
portsweep
normal
neptune
normal
neptune
normal
normal
normal
normal
neptune
normal
satan
normal
normal
ipsweep
neptune
neptune
normal
satan
normal
neptune
normal
teardrop
ipsweep
teardrop
normal
normal
normal
normal
normal
normal
normal
neptune
ipsweep
normal
neptune
normal
neptune
smurf
satan
neptune
normal
neptune
normal
neptune
normal
neptune
neptune
satan
portsweep
portsweep
normal
neptune
normal
normal
normal
normal
normal
satan
normal
normal
normal
normal
normal
neptune
normal
normal
normal
neptune
neptune
normal
normal
normal
satan
normal
neptune
portsweep
nmap
normal
normal
normal
normal
normal
normal
normal
normal
smurf
neptune
neptune
normal
neptune
portsweep
normal
normal
normal
normal
normal
normal
normal
normal
neptune
neptune
normal
neptune
neptune
neptune
normal
normal
neptune
normal
neptune
normal
normal
neptune
normal
normal
neptune
normal
normal
normal
neptune
neptune
normal
normal
normal
neptune
teardrop
normal
normal
normal
neptune
neptune
normal
pod
pod
portsweep
neptune
normal
normal
neptune
ipsweep
normal
normal
normal
normal
neptune
normal
back
normal
normal
neptune
neptune
neptune
neptune
normal
normal
normal
portsweep
neptune
neptune
neptune
normal
normal
neptune
neptune
normal
normal
neptune
neptune
normal
neptune
satan
neptune
neptune
normal
normal
ipsweep
neptune
normal
ipsweep
neptune
portsweep
normal
neptune
smurf
normal
neptune
normal
normal
normal
normal
neptune
normal
neptune
neptune
neptune
normal
neptune
normal
neptune
neptune
normal
neptune
normal
neptune
neptune
normal
warezclient
warezclient
neptune
neptune
normal
normal
normal
normal
normal
neptune
normal
normal
normal
neptune
normal
normal
warezclient
normal
satan
normal
normal
normal
normal
normal
normal
neptune
neptune
normal
neptune
normal
neptune
nmap
normal
normal
normal
neptune
neptune
normal
normal
normal
normal
normal
neptune
normal
neptune
portsweep
normal
neptune
neptune
neptune
smurf
neptune
normal
normal
neptune
normal
neptune
normal
normal
normal
normal
normal
normal
neptune
normal
ipsweep
neptune
normal
neptune
normal
normal
normal
normal
normal
smurf
normal
normal
normal
portsweep
neptune
normal
neptune
normal
neptune
neptune
normal
normal
normal
neptune
neptune
normal
neptune
normal
neptune
neptune
neptune
warezclient
neptune
normal
normal
normal
normal
neptune
satan
neptune
normal
normal
neptune
normal
normal
normal
neptune
neptune
normal
normal
neptune
neptune
back
normal
normal
satan
normal
normal
normal
neptune
normal
neptune
normal
pod
normal
nmap
neptune
neptune
normal
normal
normal
neptune
ipsweep
normal
normal
normal
normal
neptune
neptune
normal
ipsweep
normal
neptune
normal
normal
normal
normal
neptune
satan
normal
normal
normal
neptune
normal
normal
normal
neptune
normal
normal
neptune
normal
teardrop
neptune
normal
normal
neptune
normal
neptune
portsweep
normal
neptune
normal
smurf
normal
normal
warezclient
normal
normal
normal
normal
neptune
neptune
normal
neptune
normal
neptune
satan
nmap
neptune
normal
normal
normal
satan
normal
satan
normal
warezclient
neptune
normal
normal
normal
neptune
normal
portsweep
satan
neptune
normal
normal
neptune
smurf
normal
neptune
normal
neptune
neptune
neptune
neptune
neptune
satan
normal
neptune
neptune
back
teardrop
normal
neptune
normal
normal
normal
normal
normal
neptune
ipsweep
normal
normal
normal
neptune
neptune
normal
normal
normal
neptune
smurf
normal
normal
normal
neptune
neptune
normal
normal
normal
normal
smurf
neptune
normal
normal
neptune
nmap
normal
normal
normal
normal
neptune
neptune
normal
neptune
normal
normal
normal
neptune
neptune
ipsweep
neptune
neptune
neptune
neptune
normal
neptune
neptune
normal
neptune
neptune
normal
normal
normal
normal
normal
satan
normal
neptune
normal
normal
neptune
normal
neptune
neptune
normal
normal
normal
normal
normal
back
neptune
normal
normal
normal
neptune
neptune
normal
neptune
normal
neptune
neptune
ipsweep
normal
neptune
neptune
normal
neptune
normal
satan
neptune
neptune
neptune
normal
normal
normal
neptune
normal
neptune
normal
normal
neptune
neptune
normal
normal
normal
normal
normal
normal
normal
normal
smurf
normal
normal
normal
neptune
satan
neptune
normal
normal
ipsweep
neptune
neptune
neptune
nmap
normal
neptune
satan
smurf
neptune
normal
neptune
normal
normal
normal
portsweep
neptune
neptune
normal
normal
normal
neptune
normal
normal
normal
normal
neptune
normal
normal
normal
normal
neptune
neptune
normal
neptune
portsweep
neptune
neptune
normal
normal
normal
normal
normal
neptune
normal
normal
normal
normal
neptune
normal
normal
neptune
normal
normal
normal
neptune
normal
normal
normal
normal
back
neptune
normal
normal
normal
neptune
normal
normal
neptune
neptune
normal
normal
neptune
neptune
neptune
normal
normal
normal
normal
normal
normal
normal
normal
neptune
normal
neptune
smurf
normal
neptune
normal
neptune
portsweep
neptune
portsweep
normal
normal
normal
normal
nmap
neptune
neptune
normal
neptune
portsweep
neptune
normal
portsweep
normal
neptune
teardrop
neptune
normal
normal
normal
neptune
normal
smurf
normal
normal
neptune
normal
normal
normal
normal
neptune
normal
neptune
normal
normal
normal
neptune
neptune
normal
neptune
portsweep
neptune
neptune
normal
normal
normal
normal
neptune
neptune
normal
normal
neptune
normal
normal
neptune
normal
neptune
neptune
normal
normal
neptune
normal
nmap
neptune
normal
neptune
portsweep
normal
neptune
neptune
normal
neptune
neptune
neptune
neptune
ipsweep
normal
normal
nmap
ipsweep
normal
smurf
neptune
normal
normal
normal
neptune
normal
normal
normal
neptune
normal
normal
normal
normal
normal
neptune
ipsweep
normal
neptune
normal
normal
neptune
normal
neptune
neptune
neptune
neptune
satan
normal
neptune
portsweep
normal
neptune
normal
warezclient
neptune
normal
smurf
nmap
neptune
normal
portsweep
normal
normal
normal
portsweep
neptune
satan
portsweep
normal
satan
neptune
normal
neptune
normal
normal
normal
neptune
normal
neptune
portsweep
neptune
neptune
normal
normal
normal
satan
normal
neptune
normal
neptune
normal
neptune
normal
normal
neptune
normal
smurf
teardrop
neptune
neptune
neptune
normal
normal
normal
neptune
neptune
neptune
normal
normal
normal
normal
neptune
normal
normal
neptune
normal
normal
neptune
normal
normal
normal
neptune
neptune
normal
neptune
smurf
neptune
normal
normal
normal
neptune
neptune
neptune
normal
normal
normal
normal
neptune
neptune
normal
teardrop
neptune
normal
normal
normal
normal
normal
ipsweep
normal
normal
neptune
neptune
normal
normal
neptune
portsweep
normal
normal
normal
neptune
normal
normal
normal
normal
guess_passwd
normal
neptune
normal
normal
normal
normal
back
neptune
normal
normal
normal
warezclient
normal
normal
normal
normal
normal
normal
normal
normal
normal
neptune
satan
neptune
normal
normal
back
normal
normal
normal
neptune
normal
neptune
neptune
neptune
normal
normal
neptune
nmap
neptune
neptune
neptune
nmap
normal
normal
neptune
neptune
normal
neptune
normal
normal
warezclient
neptune
back
normal
neptune
normal
ipsweep
normal
portsweep
normal
normal
smurf
normal
normal
neptune
neptune
normal
normal
neptune
normal
normal
neptune
neptune
normal
normal
normal
ipsweep
normal
neptune
normal
neptune
neptune
neptune
normal
pod
neptune
neptune
normal
neptune
normal
normal
neptune
normal
normal
neptune
neptune
normal
neptune
normal
neptune
normal
neptune
normal
normal
normal
neptune
ipsweep
neptune
normal
portsweep
neptune
normal
normal
portsweep
neptune
normal
neptune
normal
normal
satan
smurf
normal
normal
normal
normal
normal
neptune
normal
neptune
neptune
neptune
neptune
normal
normal
normal
neptune
normal
neptune
normal
neptune
portsweep
normal
normal
neptune
neptune
normal
normal
neptune
smurf
neptune
normal
neptune
normal
normal
neptune
normal
smurf
neptune
normal
neptune
neptune
neptune
neptune
smurf
normal
neptune
normal
neptune
normal
normal
neptune
satan
normal
normal
neptune
neptune
normal
normal
neptune
normal
neptune
neptune
normal
normal
normal
normal
smurf
normal
satan
normal
smurf
normal
normal
portsweep
neptune
normal
normal
neptune
normal
normal
portsweep
portsweep
normal
neptune
normal
neptune
ipsweep
smurf
neptune
neptune
normal
neptune
neptune
normal
neptune
normal
neptune
normal
normal
normal
neptune
ipsweep
neptune
normal
normal
neptune
neptune
satan
normal
ipsweep
normal
neptune
nmap
normal
neptune
neptune
normal
normal
back
normal
neptune
neptune
ipsweep
normal
neptune
normal
neptune
normal
normal
neptune
normal
ipsweep
smurf
normal
normal
neptune
normal
normal
neptune
normal
neptune
satan
neptune
neptune
pod
normal
normal
neptune
normal
portsweep
satan
neptune
neptune
normal
normal
normal
neptune
normal
neptune
normal
normal
normal
neptune
neptune
normal
neptune
neptune
ipsweep
normal
neptune
neptune
normal
smurf
normal
neptune
normal
normal
neptune
normal
smurf
neptune
normal
ipsweep
smurf
portsweep
neptune
normal
satan
neptune
normal
normal
nmap
normal
neptune
neptune
satan
normal
neptune
normal
neptune
normal
normal
neptune
normal
ipsweep
neptune
normal
normal
normal
neptune
back
neptune
normal
neptune
portsweep
normal
normal
neptune
neptune
neptune
normal
normal
ipsweep
normal
normal
normal
neptune
normal
neptune
normal
neptune
normal
normal
portsweep
normal
normal
neptune
neptune
ipsweep
normal
neptune
normal
normal
normal
normal
normal
normal
neptune
satan
neptune
neptune
normal
normal
neptune
neptune
normal
neptune
normal
normal
neptune
neptune
normal
normal
neptune
neptune
normal
smurf
normal
neptune
normal
normal
neptune
satan
smurf
portsweep
neptune
normal
normal
neptune
normal
neptune
neptune
normal
normal
normal
normal
neptune
neptune
normal
normal
normal
normal
neptune
neptune
normal
normal
normal
neptune
normal
normal
normal
normal
neptune
neptune
normal
neptune
neptune
normal
satan
normal
normal
neptune
satan
neptune
normal
normal
normal
normal
normal
neptune
portsweep
normal
normal
normal
normal
normal
normal
normal
neptune
normal
neptune
normal
normal
neptune
neptune
neptune
neptune
portsweep
portsweep
ipsweep
neptune
normal
neptune
normal
normal
neptune
neptune
normal
normal
ipsweep
neptune
neptune
normal
neptune
normal
normal
normal
normal
normal
smurf
normal
neptune
teardrop
smurf
smurf
neptune
normal
normal
normal
teardrop
normal
neptune
normal
neptune
neptune
normal
neptune
neptune
normal
neptune
neptune
normal
portsweep
normal
ipsweep
normal
neptune
normal
normal
normal
neptune
neptune
neptune
normal
neptune
normal
neptune
normal
normal
normal
normal
neptune
neptune
normal
neptune
neptune
normal
neptune
normal
neptune
neptune
normal
neptune
normal
neptune
neptune
neptune
neptune
normal
smurf
ipsweep
normal
neptune
neptune
normal
normal
neptune
normal
portsweep
neptune
neptune
normal
normal
normal
neptune
normal
normal
satan
normal
normal
neptune
neptune
normal
normal
normal
normal
neptune
ipsweep
ipsweep
normal
ipsweep
normal
neptune
neptune
normal
normal
normal
normal
neptune
normal
normal
neptune
normal
normal
normal
ipsweep
warezclient
normal
normal
neptune
normal
neptune
normal
neptune
normal
smurf
normal
normal
neptune
ipsweep
neptune
normal
normal
normal
normal
smurf
teardrop
neptune
neptune
normal
normal
normal
neptune
neptune
neptune
neptune
normal
normal
normal
satan
normal
neptune
neptune
normal
neptune
normal
normal
normal
normal
ipsweep
normal
normal
normal
neptune
normal
normal
normal
neptune
normal
normal
normal
normal
normal
neptune
normal
normal
normal
normal
normal
normal
normal
normal
normal
normal
normal
warezmaster
normal
normal
normal
neptune
neptune
back
neptune
neptune
normal
normal
neptune
neptune
nmap
neptune
normal
neptune
normal
nmap
ipsweep
neptune
normal
portsweep
portsweep
neptune
neptune
normal
back
neptune
normal
normal
neptune
normal
normal
neptune
neptune
neptune
neptune
normal
nmap
normal
normal
normal
normal
ipsweep
satan
normal
normal
neptune
normal
neptune
normal
normal
normal
normal
normal
normal
smurf
satan
normal
normal
neptune
nmap
normal
neptune
normal
normal
neptune
normal
neptune
normal
pod
neptune
normal
neptune
normal
portsweep
normal
neptune
normal
normal
normal
satan
normal
normal
normal
neptune
normal
ipsweep
normal
normal
ipsweep
neptune
neptune
neptune
neptune
normal
normal
normal
smurf
neptune
neptune
normal
normal
normal
normal
back
neptune
normal
normal
normal
neptune
portsweep
neptune
smurf
neptune
neptune
normal
neptune
neptune
neptune
ipsweep
normal
neptune
ipsweep
neptune
teardrop
normal
neptune
normal
neptune
neptune
ipsweep
normal
neptune
normal
neptune
normal
normal
neptune
ipsweep
normal
normal
neptune
normal
normal
normal
back
normal
normal
normal
neptune
neptune
normal
normal
neptune
neptune
smurf
normal
normal
normal
neptune
neptune
neptune
neptune
normal
normal
normal
normal
neptune
normal
normal
satan
normal
normal
normal
neptune
normal
normal
normal
neptune
normal
normal
normal
neptune
ipsweep
neptune
neptune
normal
normal
normal
normal
neptune
neptune
normal
neptune
neptune
normal
neptune
normal
ipsweep
ipsweep
ipsweep
normal
back
neptune
normal
satan
normal
neptune
neptune
satan
neptune
normal
neptune
normal
satan
neptune
normal
satan
normal
normal
normal
normal
normal
neptune
normal
neptune
normal
normal
neptune
satan
normal
normal
teardrop
normal
normal
smurf
neptune
neptune
normal
normal
smurf
neptune
normal
normal
normal
neptune
satan
neptune
normal
neptune
normal
neptune
normal
neptune
normal
neptune
normal
normal
neptune
neptune
neptune
normal
normal
portsweep
portsweep
satan
normal
normal
neptune
neptune
normal
normal
normal
normal
normal
normal
normal
neptune
neptune
normal
neptune
neptune
neptune
normal
normal
normal
neptune
normal
normal
normal
normal
normal
neptune
normal
satan
normal
normal
smurf
normal
neptune
normal
normal
normal
normal
normal
normal
satan
normal
normal
normal
neptune
normal
neptune
normal
neptune
normal
normal
normal
normal
normal
normal
normal
neptune
normal
neptune
normal
normal
neptune
neptune
back
portsweep
neptune
normal
normal
normal
neptune
normal
normal
normal
normal
ipsweep
satan
normal
normal
normal
normal
normal
neptune
neptune
normal
ipsweep
neptune
neptune
normal
normal
neptune
normal
neptune
neptune
normal
neptune
neptune
neptune
neptune
normal
smurf
neptune
normal
normal
normal
normal
normal
normal
neptune
normal
normal
neptune
ipsweep
normal
normal
normal
neptune
warezclient
normal
ipsweep
neptune
normal
neptune
normal
normal
normal
neptune
neptune
portsweep
normal
normal
satan
neptune
normal
normal
nmap
normal
normal
normal
normal
normal
normal
normal
normal
neptune
normal
normal
normal
normal
normal
normal
normal
normal
normal
normal
ipsweep
neptune
satan
normal
neptune
neptune
normal
neptune
neptune
normal
normal
back
neptune
normal
normal
normal
normal
neptune
neptune
neptune
normal
portsweep
normal
normal
neptune
neptune
satan
neptune
normal
neptune
normal
normal
neptune
neptune
neptune
smurf
neptune
normal
neptune
normal
neptune
normal
normal
normal
normal
back
back
normal
normal
teardrop
neptune
smurf
neptune
ipsweep
neptune
neptune
satan
neptune
neptune
warezclient
normal
normal
normal
normal
normal
normal
normal
normal
ipsweep
normal
normal
normal
normal
normal
normal
normal
neptune
normal
neptune
satan
normal
smurf
normal
normal
normal
normal
neptune
normal
neptune
neptune
neptune
neptune
neptune
normal
normal
normal
normal
warezclient
normal
normal
neptune
neptune
neptune
ipsweep
neptune
neptune
neptune
normal
normal
neptune
neptune
normal
normal
neptune
normal
neptune
nmap
neptune
normal
normal
normal
normal
ipsweep
normal
normal
normal
normal
teardrop
normal
normal
neptune
neptune
normal
normal
normal
normal
portsweep
neptune
neptune
neptune
neptune
normal
neptune
normal
normal
normal
neptune
satan
normal
portsweep
neptune
normal
neptune
neptune
normal
normal
normal
neptune
normal
portsweep
normal
normal
normal
normal
ipsweep
normal
normal
neptune
normal
normal
neptune
neptune
normal
normal
normal
warezclient
normal
normal
normal
neptune
neptune
neptune
normal
normal
normal
normal
normal
portsweep
normal
portsweep
neptune
normal
neptune
neptune
teardrop
nmap
normal
neptune
neptune
normal
neptune
neptune
ipsweep
normal
portsweep
normal
neptune
normal
neptune
normal
normal
neptune
normal
neptune
normal
normal
normal
neptune
neptune
neptune
normal
normal
normal
neptune
normal
normal
neptune
normal
neptune
neptune
neptune
neptune
normal
portsweep
normal
neptune
normal
satan
normal
normal
normal
normal
normal
normal
neptune
normal
neptune
neptune
neptune
normal
ipsweep
normal
normal
normal
neptune
normal
normal
normal
normal
ipsweep
neptune
normal
normal
normal
normal
normal
neptune
neptune
smurf
neptune
normal
neptune
normal
normal
neptune
normal
neptune
normal
normal
normal
neptune
neptune
normal
neptune
normal
neptune
normal
neptune
normal
normal
normal
portsweep
neptune
neptune
normal
normal
neptune
normal
neptune
normal
normal
neptune
normal
normal
neptune
normal
normal
neptune
normal
normal
neptune
neptune
normal
normal
neptune
normal
normal
normal
neptune
normal
neptune
normal
normal
neptune
neptune
neptune
normal
normal
ipsweep
neptune
normal
normal
normal
normal
normal
normal
normal
back
satan
ipsweep
portsweep
neptune
normal
normal
neptune
satan
normal
normal
satan
satan
normal
neptune
satan
neptune
normal
neptune
normal
normal
normal
normal
normal
neptune
normal
pod
normal
normal
normal
neptune
neptune
neptune
normal
normal
neptune
neptune
neptune
neptune
neptune
normal
normal
neptune
normal
normal
neptune
portsweep
neptune
normal
normal
neptune
normal
normal
normal
normal
normal
normal
ipsweep
normal
neptune
teardrop
neptune
neptune
neptune
neptune
normal
normal
warezclient
normal
normal
normal
normal
normal
neptune
normal
neptune
neptune
normal
normal
normal
ipsweep
nmap
portsweep
neptune
normal
portsweep
neptune
normal
normal
normal
normal
normal
neptune
normal
portsweep
satan
neptune
normal
normal
normal
normal
neptune
neptune
normal
neptune
neptune
neptune
normal
normal
neptune
neptune
normal
neptune
neptune
normal
neptune
neptune
neptune
normal
normal
neptune
neptune
normal
neptune
normal
neptune
neptune
normal
ipsweep
satan
normal
neptune
normal
neptune
normal
normal
normal
normal
warezclient
normal
normal
neptune
normal
normal
neptune
neptune
normal
normal
neptune
normal
normal
normal
neptune
neptune
normal
neptune
normal
neptune
nmap
normal
neptune
normal
normal
normal
normal
normal
normal
normal
neptune
smurf
portsweep
neptune
neptune
normal
neptune
neptune
normal
ipsweep
neptune
satan
smurf
neptune
normal
normal
normal
neptune
normal
neptune
normal
normal
normal
normal
normal
neptune
normal
ipsweep
normal
normal
neptune
neptune
normal
normal
normal
neptune
normal
warezclient
neptune
normal
normal
neptune
normal
normal
normal
normal
neptune
normal
neptune
neptune
normal
normal
neptune
neptune
normal
normal
neptune
normal
normal
neptune
normal
neptune
normal
normal
normal
neptune
normal
normal
normal
satan
neptune
normal
normal
normal
neptune
neptune
normal
neptune
normal
normal
neptune
normal
normal
normal
normal
satan
normal
normal
normal
normal
normal
smurf
neptune
neptune
neptune
normal
neptune
back
normal
neptune
normal
neptune
normal
neptune
normal
normal
neptune
normal
neptune
neptune
normal
neptune
back
normal
ipsweep
neptune
normal
normal
normal
ipsweep
normal
neptune
neptune
neptune
normal
satan
normal
teardrop
ipsweep
neptune
normal
teardrop
normal
normal
neptune
neptune
normal
normal
normal
normal
neptune
neptune
normal
normal
normal
normal
normal
neptune
normal
normal
normal
normal
normal
neptune
neptune
neptune
neptune
back
ipsweep
smurf
normal
portsweep
normal
normal
normal
neptune
normal
normal
normal
normal
normal
neptune
normal
normal
normal
normal
normal
neptune
normal
normal
normal
teardrop
neptune
neptune
normal
normal
neptune
neptune
normal
normal
normal
satan
normal
back
neptune
neptune
neptune
neptune
pod
normal
neptune
normal
normal
normal
neptune
neptune
neptune
normal
teardrop
normal
satan
neptune
normal
normal
normal
neptune
normal
neptune
ipsweep
neptune
neptune
neptune
normal
portsweep
normal
normal
normal
neptune
neptune
normal
normal
neptune
normal
normal
normal
neptune
portsweep
normal
normal
smurf
satan
teardrop
normal
normal
neptune
normal
normal
neptune
normal
neptune
normal
neptune
normal
normal
neptune
neptune
normal
neptune
normal
normal
normal
neptune
neptune
normal
normal
normal
neptune
normal
neptune
smurf
normal
neptune
neptune
normal
neptune
neptune
normal
neptune
normal
neptune
normal
smurf
neptune
neptune
normal
neptune
normal
normal
normal
normal
neptune
normal
neptune
smurf
neptune
neptune
nmap
neptune
neptune
normal
normal
satan
normal
neptune
normal
normal
normal
neptune
neptune
neptune
normal
neptune
normal
normal
normal
normal
normal
normal
normal
normal
normal
normal
normal
normal
smurf
normal
normal
normal
normal
neptune
back
normal
neptune
normal
normal
normal
normal
normal
normal
normal
neptune
neptune
normal
normal
neptune
neptune
satan
normal
normal
satan
neptune
neptune
normal
normal
back
normal
normal
normal
normal
neptune
neptune
normal
normal
neptune
normal
normal
normal
neptune
neptune
normal
normal
portsweep
neptune
neptune
normal
normal
normal
normal
neptune
neptune
normal
neptune
normal
neptune
normal
normal
normal
neptune
neptune
normal
normal
normal
normal
neptune
normal
neptune
teardrop
neptune
normal
normal
normal
neptune
neptune
warezclient
neptune
neptune
normal
ipsweep
neptune
normal
normal
normal
normal
back
normal
satan
neptune
normal
neptune
normal
neptune
normal
neptune
neptune
neptune
warezclient
neptune
normal
normal
normal
normal
neptune
smurf
normal
normal
normal
normal
smurf
normal
normal
neptune
normal
normal
normal
normal
normal
normal
normal
neptune
ipsweep
neptune
smurf
normal
neptune
neptune
normal
neptune
normal
normal
normal
normal
normal
neptune
neptune
neptune
normal
normal
warezclient
neptune
normal
normal
portsweep
normal
normal
normal
teardrop
normal
neptune
normal
normal
normal
neptune
normal
normal
normal
neptune
normal
satan
normal
normal
ipsweep
neptune
normal
normal
normal
neptune
ipsweep
neptune
normal
normal
neptune
normal
neptune
normal
neptune
neptune
normal
normal
normal
normal
neptune
normal
normal
normal
normal
normal
normal
normal
neptune
normal
normal
normal
teardrop
neptune
neptune
normal
neptune
nmap
normal
ipsweep
normal
smurf
normal
neptune
neptune
neptune
normal
neptune
neptune
normal
normal
neptune
ipsweep
normal
normal
normal
normal
normal
neptune
normal
normal
neptune
normal
neptune
normal
normal
normal
back
normal
normal
neptune
satan
neptune
neptune
normal
normal
normal
normal
normal
neptune
normal
neptune
neptune
smurf
neptune
normal
neptune
normal
neptune
neptune
normal
neptune
normal
normal
normal
normal
normal
neptune
smurf
normal
neptune
normal
normal
neptune
ipsweep
neptune
portsweep
normal
neptune
normal
normal
normal
neptune
normal
satan
normal
ipsweep
neptune
neptune
normal
neptune
normal
normal
normal
normal
neptune
normal
neptune
portsweep
neptune
neptune
normal
ipsweep
normal
neptune
normal
neptune
neptune
neptune
normal
normal
normal
neptune
neptune
neptune
portsweep
neptune
normal
neptune
normal
normal
neptune
normal
satan
neptune
normal
neptune
normal
normal
normal
normal
normal
normal
normal
neptune
normal
normal
normal
normal
normal
normal
normal
normal
neptune
normal
normal
normal
normal
normal
normal
normal
neptune
neptune
satan
normal
normal
normal
ipsweep
neptune
warezclient
neptune
neptune
satan
normal
smurf
normal
normal
normal
ipsweep
normal
normal
neptune
normal
neptune
neptune
neptune
normal
normal
normal
normal
ipsweep
neptune
neptune
normal
neptune
neptune
normal
neptune
portsweep
neptune
normal
normal
neptune
neptune
normal
normal
normal
neptune
teardrop
normal
neptune
neptune
normal
normal
neptune
neptune
satan
neptune
normal
smurf
normal
normal
neptune
normal
normal
normal
normal
neptune
normal
neptune
smurf
normal
neptune
normal
normal
normal
normal
normal
neptune
neptune
normal
neptune
warezclient
smurf
neptune
warezclient
normal
normal
neptune
normal
satan
neptune
portsweep
normal
neptune
neptune
normal
normal
neptune
neptune
normal
normal
normal
neptune
normal
neptune
neptune
neptune
neptune
normal
nmap
satan
neptune
normal
satan
normal
neptune
normal
normal
back
normal
normal
ipsweep
neptune
normal
normal
neptune
neptune
normal
neptune
normal
normal
normal
normal
neptune
normal
neptune
normal
ipsweep
smurf
normal
neptune
normal
normal
neptune
normal
neptune
normal
normal
normal
ipsweep
normal
neptune
neptune
neptune
normal
normal
satan
normal
neptune
normal
neptune
normal
normal
nmap
satan
normal
neptune
teardrop
neptune
smurf
normal
neptune
normal
normal
normal
normal
neptune
neptune
normal
neptune
normal
normal
normal
normal
normal
neptune
normal
neptune
neptune
normal
normal
normal
normal
neptune
neptune
normal
normal
neptune
normal
normal
normal
neptune
neptune
normal
neptune
neptune
warezclient
teardrop
neptune
normal
normal
neptune
neptune
normal
smurf
neptune
neptune
normal
normal
normal
normal
normal
neptune
neptune
normal
normal
ipsweep
neptune
normal
neptune
normal
neptune
normal
normal
normal
neptune
normal
normal
normal
normal
normal
normal
normal
normal
normal
normal
normal
normal
normal
normal
normal
normal
normal
neptune
neptune
portsweep
normal
nmap
neptune
normal
satan
neptune
normal
neptune
normal
normal
normal
normal
neptune
normal
normal
neptune
ipsweep
normal
neptune
neptune
nmap
smurf
normal
satan
normal
normal
neptune
neptune
satan
neptune
normal
normal
satan
normal
neptune
normal
normal
normal
normal
smurf
normal
neptune
normal
neptune
neptune
smurf
neptune
normal
neptune
neptune
normal
normal
normal
satan
normal
normal
neptune
normal
satan
portsweep
normal
normal
satan
normal
nmap
normal
nmap
neptune
normal
neptune
normal
back
portsweep
portsweep
normal
normal
smurf
neptune
normal
neptune
warezclient
normal
normal
normal
normal
normal
neptune
neptune
neptune
normal
normal
portsweep
smurf
nmap
neptune
neptune
normal
normal
normal
normal
portsweep
neptune
normal
normal
normal
normal
back
normal
normal
neptune
neptune
neptune
ipsweep
normal
teardrop
normal
neptune
normal
normal
neptune
neptune
normal
normal
neptune
normal
neptune
neptune
neptune
neptune
normal
normal
normal
neptune
neptune
neptune
normal
neptune
normal
normal
normal
neptune
normal
neptune
neptune
normal
neptune
neptune
normal
neptune
normal
portsweep
ipsweep
normal
normal
ipsweep
normal
neptune
neptune
satan
normal
normal
neptune
neptune
neptune
portsweep
normal
normal
normal
normal
normal
normal
normal
normal
normal
normal
neptune
neptune
smurf
normal
portsweep
neptune
normal
neptune
normal
normal
warezclient
normal
normal
neptune
neptune
teardrop
neptune
normal
normal
normal
normal
normal
normal
normal
neptune
normal
normal
neptune
normal
normal
normal
normal
normal
neptune
neptune
normal
neptune
neptune
normal
normal
normal
normal
neptune
neptune
normal
normal
normal
smurf
neptune
neptune
neptune
normal
nmap
normal
normal
normal
normal
normal
normal
normal
neptune
normal
normal
normal
normal
normal
normal
normal
normal
neptune
normal
normal
normal
neptune
normal
normal
neptune
normal
ipsweep
ipsweep
normal
normal
neptune
neptune
normal
neptune
warezclient
normal
normal
normal
ipsweep
portsweep
neptune
normal
smurf
normal
neptune
normal
normal
neptune
normal
normal
normal
normal
normal
normal
normal
normal
neptune
normal
normal
neptune
neptune
normal
normal
ipsweep
back
neptune
neptune
portsweep
normal
neptune
neptune
land
normal
satan
neptune
neptune
ipsweep
normal
portsweep
neptune
neptune
normal
neptune
teardrop
neptune
neptune
normal
neptune
normal
neptune
normal
neptune
normal
neptune
normal
normal
normal
normal
normal
normal
normal
normal
neptune
normal
neptune
satan
normal
normal
neptune
neptune
normal
neptune
normal
normal
normal
portsweep
neptune
neptune
neptune
normal
normal
neptune
smurf
neptune
ipsweep
portsweep
normal
satan
normal
normal
neptune
portsweep
normal
normal
normal
teardrop
neptune
normal
satan
normal
neptune
normal
normal
normal
normal
normal
normal
normal
neptune
normal
neptune
neptune
ipsweep
normal
normal
normal
neptune
normal
neptune
normal
normal
normal
normal
normal
neptune
normal
neptune
smurf
normal
normal
normal
normal
normal
neptune
normal
normal
neptune
neptune
normal
normal
normal
normal
portsweep
normal
normal
normal
normal
normal
normal
normal
normal
normal
normal
normal
neptune
normal
normal
neptune
neptune
normal
normal
neptune
normal
normal
portsweep
neptune
ipsweep
neptune
normal
normal
normal
portsweep
normal
normal
normal
neptune
normal
neptune
neptune
neptune
normal
normal
normal
normal
neptune
neptune
neptune
normal
normal
normal
neptune
normal
normal
smurf
normal
normal
normal
normal
neptune
ipsweep
normal
normal
neptune
normal
normal
normal
normal
portsweep
ipsweep
normal
normal
neptune
normal
normal
normal
neptune
normal
neptune
neptune
normal
neptune
neptune
normal
normal
normal
normal
neptune
neptune
normal
normal
satan
normal
neptune
normal
ipsweep
satan
normal
ipsweep
normal
normal
satan
ipsweep
satan
neptune
normal
normal
neptune
neptune
neptune
normal
normal
neptune
neptune
neptune
normal
normal
normal
normal
neptune
normal
neptune
back
normal
neptune
neptune
neptune
normal
normal
normal
normal
normal
smurf
normal
neptune
portsweep
normal
normal
normal
normal
normal
neptune
normal
normal
neptune
neptune
neptune
neptune
neptune
normal
normal
neptune
neptune
normal
neptune
satan
normal
normal
normal
neptune
neptune
normal
neptune
normal
neptune
normal
normal
neptune
normal
normal
neptune
normal
normal
neptune
normal
normal
nmap
normal
normal
normal
neptune
normal
normal
normal
normal
neptune
neptune
normal
normal
normal
normal
normal
normal
normal
neptune
normal
neptune
normal
normal
normal
normal
normal
neptune
normal
neptune
normal
normal
neptune
normal
ipsweep
normal
normal
satan
smurf
neptune
back
normal
normal
normal
normal
normal
neptune
neptune
normal
neptune
normal
smurf
normal
normal
normal
normal
nmap
normal
neptune
neptune
satan
neptune
normal
normal
normal
satan
normal
satan
normal
neptune
normal
normal
normal
neptune
normal
neptune
neptune
normal
neptune
neptune
normal
normal
normal
ipsweep
neptune
normal
neptune
neptune
neptune
normal
normal
normal
neptune
normal
neptune
normal
normal
normal
normal
normal
normal
satan
neptune
teardrop
neptune
normal
neptune
smurf
normal
satan
neptune
normal
neptune
neptune
neptune
portsweep
neptune
normal
normal
neptune
normal
neptune
normal
neptune
neptune
normal
normal
normal
neptune
neptune
neptune
normal
portsweep
normal
neptune
normal
neptune
normal
satan
neptune
normal
neptune
normal
normal
normal
back
neptune
teardrop
normal
ipsweep
normal
neptune
normal
normal
normal
neptune
normal
normal
smurf
neptune
normal
neptune
normal
smurf
normal
normal
ipsweep
neptune
portsweep
normal
normal
normal
normal
neptune
normal
normal
warezclient
normal
normal
normal
normal
normal
normal
back
normal
smurf
neptune
normal
neptune
normal
neptune
normal
neptune
normal
neptune
normal
smurf
normal
neptune
normal
neptune
neptune
neptune
normal
normal
neptune
normal
neptune
normal
neptune
neptune
normal
normal
normal
normal
neptune
portsweep
normal
normal
normal
neptune
neptune
normal
neptune
neptune
smurf
neptune
normal
normal
neptune
normal
normal
neptune
normal
normal
normal
normal
neptune
normal
normal
neptune
normal
smurf
neptune
neptune
satan
neptune
normal
normal
nmap
portsweep
normal
neptune
normal
neptune
normal
back
neptune
normal
normal
normal
neptune
normal
neptune
neptune
normal
normal
neptune
neptune
neptune
normal
normal
normal
normal
neptune
normal
neptune
normal
ipsweep
normal
normal
normal
neptune
neptune
normal
satan
neptune
neptune
portsweep
normal
normal
neptune
normal
normal
normal
warezclient
normal
normal
satan
neptune
neptune
normal
neptune
normal
portsweep
neptune
normal
neptune
neptune
neptune
normal
normal
normal
neptune
neptune
normal
normal
neptune
normal
normal
portsweep
normal
neptune
smurf
neptune
normal
normal
nmap
normal
normal
normal
normal
normal
ipsweep
smurf
neptune
neptune
normal
neptune
buffer_overflow
normal
neptune
satan
neptune
neptune
normal
neptune
neptune
normal
neptune
normal
neptune
neptune
neptune
normal
normal
normal
neptune
normal
neptune
normal
normal
normal
normal
normal
normal
normal
neptune
normal
normal
normal
normal
normal
neptune
normal
portsweep
normal
neptune
back
warezclient
normal
normal
normal
neptune
normal
normal
normal
neptune
neptune
neptune
normal
normal
normal
neptune
normal
normal
portsweep
normal
normal
normal
normal
neptune
warezclient
nmap
normal
neptune
ipsweep
neptune
neptune
normal
ipsweep
ipsweep
neptune
neptune
smurf
nmap
normal
neptune
neptune
neptune
neptune
neptune
normal
normal
portsweep
normal
normal
normal
neptune
neptune
back
normal
neptune
neptune
normal
neptune
normal
normal
normal
normal
normal
normal
normal
neptune
normal
neptune
neptune
normal
neptune
neptune
smurf
normal
neptune
normal
satan
normal
neptune
normal
neptune
portsweep
neptune
neptune
neptune
normal
normal
neptune
neptune
normal
normal
normal
normal
normal
neptune
normal
normal
normal
normal
smurf
neptune
neptune
normal
normal
normal
ipsweep
normal
normal
warezclient
normal
normal
neptune
teardrop
normal
normal
neptune
neptune
normal
ipsweep
normal
normal
normal
normal
neptune
normal
smurf
neptune
normal
ipsweep
normal
normal
normal
normal
neptune
neptune
normal
neptune
portsweep
normal
normal
normal
normal
normal
normal
normal
neptune
normal
neptune
normal
normal
normal
teardrop
normal
neptune
smurf
neptune
normal
smurf
normal
satan
normal
smurf
normal
normal
normal
normal
neptune
normal
normal
normal
normal
normal
normal
normal
ipsweep
normal
normal
neptune
neptune
normal
normal
neptune
normal
normal
normal
portsweep
neptune
normal
normal
normal
neptune
normal
neptune
neptune
neptune
teardrop
normal
normal
normal
neptune
neptune
normal
smurf
portsweep
normal
normal
normal
neptune
portsweep
normal
normal
normal
neptune
normal
ipsweep
normal
neptune
neptune
normal
normal
normal
normal
neptune
nmap
nmap
neptune
neptune
normal
normal
neptune
normal
satan
neptune
normal
normal
neptune
smurf
normal
neptune
neptune
neptune
portsweep
normal
neptune
normal
neptune
normal
normal
normal
normal
normal
neptune
normal
normal
normal
neptune
normal
normal
normal
normal
normal
normal
neptune
normal
normal
ipsweep
normal
smurf
normal
portsweep
normal
neptune
neptune
neptune
normal
neptune
normal
nmap
normal
normal
normal
normal
normal
normal
neptune
neptune
normal
normal
neptune
normal
normal
neptune
normal
normal
normal
loadmodule
normal
neptune
neptune
neptune
warezclient
neptune
neptune
neptune
neptune
normal
satan
neptune
normal
portsweep
normal
normal
normal
normal
normal
normal
normal
nmap
normal
neptune
normal
neptune
normal
normal
normal
pod
neptune
normal
normal
normal
ipsweep
satan
portsweep
back
neptune
neptune
nmap
neptune
normal
normal
normal
neptune
normal
neptune
normal
neptune
smurf
neptune
normal
normal
neptune
neptune
neptune
normal
normal
normal
neptune
normal
neptune
normal
neptune
normal
neptune
neptune
portsweep
normal
normal
normal
normal
normal
normal
neptune
neptune
normal
neptune
normal
neptune
normal
neptune
nmap
normal
normal
normal
portsweep
normal
normal
neptune
neptune
neptune
normal
normal
neptune
normal
neptune
normal
normal
normal
warezclient
normal
normal
normal
neptune
neptune
normal
warezclient
normal
normal
normal
neptune
neptune
normal
normal
nmap
neptune
satan
neptune
neptune
neptune
smurf
neptune
normal
smurf
normal
neptune
neptune
normal
normal
normal
normal
normal
back
normal
neptune
normal
normal
neptune
neptune
normal
normal
neptune
normal
neptune
neptune
normal
smurf
neptune
normal
neptune
neptune
neptune
normal
normal
normal
normal
neptune
neptune
normal
normal
normal
normal
neptune
normal
neptune
neptune
normal
normal
normal
neptune
neptune
warezclient
neptune
smurf
normal
normal
neptune
normal
normal
satan
normal
normal
normal
normal
neptune
normal
neptune
normal
normal
normal
normal
neptune
normal
neptune
neptune
normal
satan
normal
normal
normal
normal
smurf
normal
normal
normal
ipsweep
normal
normal
normal
normal
normal
normal
neptune
neptune
smurf
portsweep
ipsweep
neptune
neptune
neptune
neptune
normal
normal
normal
neptune
normal
satan
normal
neptune
neptune
normal
normal
normal
normal
normal
normal
neptune
neptune
normal
normal
normal
normal
normal
normal
normal
smurf
portsweep
neptune
normal
neptune
neptune
normal
normal
neptune
normal
normal
neptune
normal
portsweep
back
normal
ipsweep
normal
neptune
satan
neptune
neptune
normal
normal
satan
ipsweep
normal
normal
normal
smurf
neptune
neptune
normal
normal
neptune
normal
pod
normal
normal
neptune
portsweep
neptune
normal
ipsweep
neptune
neptune
neptune
normal
normal
neptune
neptune
normal
normal
neptune
normal
normal
normal
satan
neptune
neptune
neptune
normal
normal
normal
nmap
smurf
normal
normal
normal
normal
normal
normal
normal
normal
normal
neptune
normal
portsweep
normal
normal
normal
normal
normal
neptune
normal
normal
ipsweep
neptune
normal
normal
normal
neptune
normal
neptune
normal
normal
normal
back
ipsweep
normal
neptune
neptune
normal
normal
normal
normal
back
normal
normal
smurf
neptune
neptune
warezclient
neptune
satan
normal
normal
normal
neptune
neptune
neptune
neptune
ipsweep
normal
normal
neptune
normal
normal
normal
normal
neptune
normal
normal
normal
normal
normal
neptune
normal
portsweep
normal
neptune
normal
satan
teardrop
normal
normal
normal
normal
normal
normal
neptune
normal
neptune
normal
neptune
normal
normal
normal
normal
normal
neptune
neptune
neptune
normal
normal
normal
normal
neptune
normal
neptune
normal
neptune
neptune
neptune
normal
normal
normal
normal
normal
satan
nmap
normal
normal
normal
neptune
neptune
neptune
neptune
neptune
normal
neptune
ipsweep
neptune
teardrop
smurf
neptune
neptune
neptune
normal
normal
neptune
normal
normal
normal
neptune
neptune
neptune
normal
normal
normal
neptune
normal
normal
neptune
normal
neptune
normal
neptune
ipsweep
smurf
normal
neptune
nmap
neptune
neptune
portsweep
normal
normal
neptune
normal
normal
normal
normal
neptune
normal
normal
normal
normal
normal
neptune
neptune
normal
normal
neptune
normal
normal
normal
normal
normal
neptune
normal
normal
neptune
satan
normal
normal
neptune
satan
normal
normal
normal
normal
normal
normal
neptune
normal
normal
neptune
normal
normal
neptune
neptune
normal
neptune
normal
neptune
normal
neptune
neptune
normal
neptune
neptune
normal
neptune
neptune
satan
normal
normal
neptune
normal
normal
neptune
neptune
normal
neptune
neptune
land
portsweep
portsweep
normal
neptune
normal
normal
guess_passwd
normal
nmap
neptune
normal
smurf
normal
normal
satan
neptune
neptune
normal
neptune
neptune
neptune
neptune
neptune
smurf
neptune
neptune
normal
normal
neptune
normal
neptune
neptune
neptune
normal
smurf
normal
normal
normal
normal
neptune
normal
normal
normal
normal
normal
neptune
portsweep
neptune
normal
normal
normal
neptune
normal
neptune
ipsweep
neptune
neptune
smurf
neptune
neptune
normal
normal
neptune
normal
neptune
normal
neptune
neptune
normal
normal
neptune
neptune
neptune
neptune
normal
normal
neptune
ipsweep
neptune
portsweep
normal
normal
normal
neptune
satan
neptune
normal
neptune
normal
neptune
portsweep
portsweep
normal
portsweep
normal
normal
normal
ipsweep
normal
normal
normal
neptune
normal
neptune
neptune
neptune
normal
neptune
neptune
neptune
normal
normal
neptune
normal
normal
normal
ipsweep
normal
warezclient
neptune
neptune
normal
neptune
normal
satan
normal
neptune
normal
normal
normal
neptune
normal
normal
normal
normal
normal
neptune
neptune
normal
neptune
neptune
normal
neptune
neptune
normal
normal
normal
normal
normal
neptune
normal
neptune
neptune
normal
neptune
neptune
neptune
normal
normal
neptune
normal
normal
normal
normal
normal
neptune
normal
normal
normal
normal
normal
satan
normal
portsweep
normal
normal
normal
neptune
normal
normal
normal
normal
normal
normal
normal
normal
nmap
neptune
normal
normal
neptune
neptune
neptune
neptune
neptune
neptune
neptune
portsweep
normal
normal
ipsweep
normal
normal
normal
normal
pod
normal
neptune
normal
neptune
neptune
normal
neptune
normal
neptune
normal
normal
neptune
ipsweep
normal
normal
normal
ipsweep
normal
normal
normal
neptune
neptune
normal
normal
normal
normal
neptune
normal
normal
neptune
nmap
neptune
neptune
normal
normal
normal
neptune
normal
neptune
normal
neptune
neptune
neptune
neptune
neptune
normal
normal
neptune
neptune
satan
neptune
normal
normal
normal
neptune
normal
normal
normal
normal
smurf
neptune
neptune
warezclient
normal
neptune
ipsweep
normal
normal
portsweep
neptune
normal
neptune
normal
normal
normal
normal
neptune
normal
normal
portsweep
neptune
normal
normal
neptune
normal
neptune
normal
neptune
normal
neptune
portsweep
neptune
normal
satan
portsweep
normal
normal
neptune
ipsweep
normal
normal
normal
normal
normal
normal
normal
normal
neptune
ipsweep
normal
normal
normal
neptune
normal
normal
normal
normal
normal
neptune
normal
portsweep
normal
normal
neptune
normal
neptune
neptune
neptune
normal
normal
normal
neptune
satan
neptune
normal
normal
ipsweep
normal
smurf
normal
warezclient
normal
normal
neptune
ipsweep
normal
normal
neptune
smurf
nmap
normal
normal
ipsweep
normal
normal
normal
normal
normal
neptune
neptune
normal
neptune
neptune
normal
neptune
smurf
normal
neptune
teardrop
neptune
normal
normal
neptune
neptune
back
neptune
nmap
neptune
normal
neptune
ipsweep
normal
normal
neptune
neptune
satan
neptune
neptune
normal
normal
normal
normal
normal
normal
normal
normal
neptune
neptune
normal
normal
normal
normal
normal
neptune
normal
normal
neptune
normal
neptune
neptune
portsweep
neptune
pod
neptune
normal
neptune
normal
normal
normal
normal
normal
ipsweep
normal
neptune
neptune
pod
neptune
neptune
neptune
normal
normal
satan
normal
normal
normal
normal
neptune
neptune
ipsweep
normal
satan
neptune
normal
neptune
neptune
normal
neptune
neptune
normal
neptune
normal
normal
normal
neptune
normal
neptune
normal
neptune
ipsweep
neptune
portsweep
normal
normal
normal
normal
neptune
normal
normal
normal
normal
normal
normal
neptune
back
ipsweep
neptune
normal
neptune
neptune
neptune
neptune
normal
normal
back
neptune
smurf
neptune
normal
normal
normal
neptune
normal
normal
normal
normal
ipsweep
neptune
satan
neptune
normal
neptune
normal
neptune
neptune
normal
normal
normal
normal
satan
neptune
normal
normal
normal
neptune
normal
normal
neptune
ipsweep
normal
normal
normal
satan
normal
normal
neptune
normal
neptune
normal
normal
normal
normal
normal
smurf
neptune
neptune
normal
normal
satan
pod
portsweep
neptune
neptune
neptune
normal
neptune
ipsweep
normal
normal
normal
neptune
smurf
normal
neptune
ipsweep
normal
neptune
neptune
neptune
ipsweep
satan
normal
normal
neptune
normal
normal
neptune
neptune
normal
normal
normal
normal
neptune
neptune
normal
normal
normal
normal
normal
normal
normal
normal
normal
normal
ipsweep
normal
neptune
normal
portsweep
neptune
normal
neptune
normal
neptune
neptune
neptune
normal
normal
normal
normal
portsweep
neptune
normal
normal
neptune
neptune
normal
normal
normal
neptune
normal
normal
neptune
neptune
neptune
satan
normal
warezclient
normal
normal
normal
normal
neptune
normal
neptune
normal
normal
normal
normal
smurf
normal
nmap
neptune
normal
neptune
neptune
neptune
neptune
neptune
normal
neptune
neptune
normal
neptune
normal
neptune
normal
normal
warezclient
normal
portsweep
neptune
normal
neptune
neptune
neptune
neptune
normal
normal
normal
normal
neptune
normal
neptune
neptune
neptune
normal
normal
nmap
normal
neptune
normal
neptune
normal
neptune
normal
normal
normal
normal
normal
neptune
normal
normal
normal
normal
neptune
normal
normal
neptune
normal
normal
normal
normal
normal
normal
normal
normal
normal
neptune
neptune
normal
normal
normal
neptune
neptune
normal
neptune
normal
normal
normal
neptune
neptune
normal
normal
nmap
normal
neptune
normal
normal
neptune
normal
normal
normal
neptune
normal
normal
neptune
portsweep
normal
normal
neptune
neptune
satan
normal
normal
normal
normal
normal
neptune
normal
normal
normal
normal
normal
normal
neptune
neptune
normal
normal
nmap
portsweep
normal
normal
neptune
neptune
warezclient
normal
normal
normal
normal
normal
normal
normal
normal
smurf
neptune
normal
normal
normal
normal
normal
neptune
normal
ipsweep
neptune
portsweep
normal
normal
normal
normal
normal
ipsweep
normal
neptune
normal
normal
neptune
portsweep
normal
neptune
neptune
satan
pod
normal
neptune
neptune
normal
neptune
normal
neptune
smurf
neptune
normal
neptune
neptune
neptune
normal
normal
normal
normal
normal
neptune
normal
normal
nmap
normal
normal
normal
neptune
nmap
neptune
neptune
normal
neptune
normal
warezclient
normal
normal
normal
normal
back
normal
normal
neptune
normal
normal
satan
neptune
neptune
neptune
neptune
normal
neptune
neptune
normal
neptune
normal
satan
normal
normal
normal
neptune
normal
normal
neptune
satan
nmap
normal
normal
neptune
normal
normal
normal
portsweep
normal
normal
normal
neptune
normal
normal
ipsweep
neptune
smurf
neptune
normal
neptune
normal
normal
normal
normal
normal
neptune
normal
normal
normal
normal
satan
neptune
normal
smurf
normal
normal
normal
normal
neptune
neptune
neptune
normal
ipsweep
normal
pod
satan
normal
ipsweep
neptune
neptune
teardrop
normal
neptune
normal
neptune
satan
neptune
normal
portsweep
neptune
normal
neptune
normal
neptune
normal
normal
normal
normal
nmap
normal
neptune
neptune
normal
normal
normal
satan
normal
normal
normal
portsweep
neptune
normal
normal
normal
ipsweep
normal
normal
neptune
normal
normal
neptune
neptune
satan
neptune
normal
ipsweep
neptune
normal
teardrop
normal
normal
normal
normal
normal
neptune
normal
neptune
neptune
normal
normal
neptune
portsweep
neptune
normal
normal
neptune
normal
normal
satan
normal
neptune
normal
portsweep
normal
neptune
neptune
neptune
normal
neptune
normal
normal
normal
neptune
neptune
normal
normal
normal
normal
ipsweep
normal
normal
nmap
normal
neptune
neptune
normal
neptune
normal
ipsweep
guess_passwd
neptune
normal
neptune
neptune
normal
normal
satan
normal
normal
smurf
teardrop
normal
normal
normal
normal
normal
neptune
neptune
neptune
neptune
normal
normal
normal
normal
neptune
ipsweep
neptune
smurf
satan
normal
neptune
normal
neptune
neptune
normal
neptune
normal
normal
normal
neptune
normal
teardrop
ipsweep
normal
neptune
neptune
normal
normal
normal
neptune
neptune
normal
normal
teardrop
neptune
neptune
neptune
normal
normal
normal
back
normal
satan
normal
normal
normal
normal
normal
normal
normal
normal
normal
normal
normal
normal
normal
normal
neptune
warezclient
normal
nmap
portsweep
normal
normal
normal
normal
neptune
normal
normal
neptune
normal
neptune
normal
normal
normal
portsweep
normal
neptune
normal
normal
normal
normal
neptune
normal
normal
normal
nmap
normal
satan
normal
normal
normal
satan
normal
neptune
normal
normal
normal
normal
neptune
nmap
neptune
normal
ipsweep
portsweep
normal
normal
smurf
normal
normal
neptune
normal
neptune
normal
normal
neptune
normal
normal
portsweep
normal
portsweep
normal
neptune
neptune
normal
normal
smurf
normal
neptune
neptune
normal
normal
smurf
neptune
normal
normal
smurf
neptune
normal
normal
normal
normal
normal
ipsweep
normal
neptune
normal
normal
neptune
normal
neptune
normal
neptune
normal
normal
warezmaster
normal
normal
normal
normal
neptune
neptune
normal
normal
neptune
normal
normal
portsweep
satan
normal
normal
ipsweep
neptune
normal
normal
normal
back
neptune
normal
back
normal
neptune
normal
normal
normal
neptune
neptune
neptune
normal
neptune
teardrop
normal
neptune
neptune
neptune
neptune
normal
neptune
normal
normal
normal
portsweep
normal
normal
normal
neptune
normal
normal
normal
normal
normal
normal
satan
normal
normal
satan
normal
normal
normal
normal
normal
neptune
satan
normal
neptune
satan
normal
normal
pod
normal
normal
neptune
neptune
normal
normal
normal
neptune
normal
normal
normal
normal
normal
neptune
neptune
normal
normal
neptune
normal
teardrop
normal
neptune
normal
normal
warezclient
normal
normal
normal
normal
neptune
normal
normal
smurf
normal
neptune
normal
neptune
normal
ipsweep
normal
normal
neptune
normal
neptune
normal
normal
normal
normal
normal
normal
normal
normal
normal
neptune
normal
normal
normal
neptune
neptune
normal
neptune
neptune
neptune
normal
normal
satan
normal
neptune
neptune
normal
ipsweep
neptune
nmap
neptune
neptune
neptune
normal
neptune
normal
neptune
neptune
normal
neptune
neptune
neptune
normal
normal
normal
normal
ipsweep
back
neptune
neptune
normal
neptune
neptune
normal
normal
satan
normal
neptune
normal
normal
neptune
normal
normal
neptune
normal
neptune
normal
normal
normal
normal
normal
normal
satan
normal
normal
neptune
normal
normal
neptune
teardrop
nmap
normal
neptune
neptune
normal
neptune
nmap
normal
portsweep
neptune
smurf
satan
nmap
neptune
ipsweep
warezclient
neptune
neptune
normal
neptune
normal
neptune
neptune
normal
neptune
neptune
normal
normal
neptune
normal
ipsweep
neptune
normal
neptune
neptune
teardrop
normal
neptune
normal
normal
normal
normal
normal
normal
ipsweep
normal
smurf
satan
normal
normal
normal
neptune
normal
normal
neptune
smurf
normal
normal
neptune
teardrop
neptune
normal
normal
teardrop
normal
back
neptune
normal
neptune
normal
normal
normal
neptune
normal
neptune
neptune
normal
satan
normal
normal
normal
neptune
normal
neptune
normal
normal
normal
neptune
normal
neptune
normal
teardrop
normal
neptune
normal
ipsweep
normal
normal
normal
normal
neptune
normal
normal
neptune
normal
normal
neptune
ipsweep
neptune
normal
neptune
neptune
normal
neptune
normal
neptune
normal
normal
normal
neptune
neptune
ipsweep
normal
normal
normal
normal
normal
normal
normal
normal
normal
ipsweep
back
neptune
neptune
normal
neptune
neptune
normal
normal
normal
normal
normal
neptune
normal
normal
normal
normal
neptune
normal
normal
normal
neptune
ipsweep
normal
normal
neptune
normal
neptune
neptune
neptune
normal
normal
neptune
neptune
satan
normal
normal
normal
normal
normal
normal
satan
normal
normal
neptune
satan
normal
neptune
normal
normal
normal
normal
smurf
neptune
normal
normal
normal
normal
normal
smurf
nmap
normal
normal
neptune
normal
normal
normal
satan
ipsweep
teardrop
normal
normal
portsweep
neptune
normal
normal
normal
back
neptune
normal
neptune
ipsweep
neptune
neptune
normal
normal
neptune
neptune
normal
normal
normal
normal
normal
neptune
neptune
satan
normal
normal
neptune
normal
normal
neptune
neptune
smurf
normal
normal
normal
normal
neptune
neptune
normal
normal
neptune
portsweep
normal
neptune
normal
neptune
normal
normal
normal
normal
neptune
neptune
normal
neptune
normal
satan
warezclient
normal
normal
normal
neptune
neptune
neptune
nmap
normal
neptune
neptune
normal
normal
normal
neptune
normal
neptune
normal
normal
normal
neptune
normal
neptune
neptune
neptune
normal
normal
neptune
normal
normal
normal
normal
normal
normal
neptune
normal
ipsweep
neptune
ipsweep
neptune
normal
normal
smurf
normal
normal
normal
neptune
neptune
normal
satan
normal
normal
normal
neptune
normal
normal
nmap
normal
smurf
normal
normal
neptune
neptune
neptune
smurf
smurf
normal
normal
normal
normal
normal
nmap
ipsweep
smurf
neptune
normal
smurf
normal
normal
normal
normal
neptune
satan
normal
neptune
normal
normal
normal
neptune
neptune
smurf
ipsweep
normal
normal
normal
normal
normal
neptune
neptune
normal
normal
normal
normal
neptune
normal
normal
normal
neptune
smurf
normal
normal
normal
normal
normal
normal
normal
neptune
normal
portsweep
neptune
normal
normal
normal
normal
normal
normal
satan
neptune
normal
normal
normal
normal
normal
normal
portsweep
normal
neptune
neptune
normal
normal
normal
neptune
neptune
normal
normal
portsweep
normal
normal
normal
ipsweep
normal
normal
neptune
satan
normal
neptune
neptune
neptune
warezclient
neptune
normal
neptune
normal
neptune
ipsweep
neptune
neptune
neptune
neptune
normal
neptune
normal
normal
normal
neptune
neptune
normal
normal
normal
neptune
neptune
ipsweep
neptune
normal
normal
portsweep
portsweep
normal
normal
normal
normal
neptune
neptune
normal
normal
normal
normal
portsweep
normal
neptune
neptune
normal
portsweep
satan
normal
normal
normal
neptune
normal
neptune
neptune
neptune
neptune
back
nmap
normal
normal
normal
neptune
normal
neptune
smurf
neptune
normal
normal
teardrop
normal
neptune
normal
normal
nmap
normal
neptune
neptune
neptune
normal
satan
neptune
neptune
normal
normal
normal
satan
satan
normal
ipsweep
neptune
neptune
smurf
normal
normal
normal
normal
neptune
neptune
normal
normal
normal
neptune
neptune
normal
normal
normal
neptune
normal
neptune
normal
neptune
neptune
neptune
neptune
normal
portsweep
normal
normal
neptune
normal
normal
portsweep
normal
normal
normal
neptune
normal
neptune
normal
neptune
normal
neptune
normal
back
normal
neptune
ipsweep
ipsweep
neptune
normal
back
neptune
neptune
neptune
normal
ipsweep
neptune
portsweep
normal
normal
neptune
neptune
normal
normal
normal
normal
neptune
normal
neptune
normal
normal
normal
normal
normal
satan
neptune
normal
normal
normal
normal
normal
teardrop
neptune
pod
normal
normal
normal
neptune
neptune
normal
neptune
neptune
normal
normal
normal
neptune
teardrop
neptune
normal
neptune
neptune
satan
normal
normal
normal
normal
normal
normal
normal
neptune
normal
normal
normal
normal
normal
normal
neptune
normal
normal
normal
neptune
normal
normal
normal
normal
normal
normal
normal
neptune
normal
normal
neptune
normal
normal
normal
neptune
smurf
normal
normal
normal
normal
neptune
neptune
normal
normal
normal
smurf
neptune
normal
normal
neptune
smurf
ipsweep
neptune
normal
neptune
neptune
normal
neptune
normal
neptune
normal
portsweep
neptune
normal
smurf
neptune
neptune
normal
neptune
neptune
normal
normal
normal
normal
ipsweep
normal
normal
normal
neptune
portsweep
neptune
neptune
normal
normal
neptune
neptune
normal
neptune
normal
normal
ipsweep
neptune
neptune
normal
normal
teardrop
normal
normal
neptune
normal
neptune
normal
normal
neptune
neptune
neptune
neptune
neptune
normal
teardrop
normal
normal
normal
normal
normal
ipsweep
normal
neptune
normal
nmap
normal
neptune
neptune
normal
normal
normal
neptune
neptune
neptune
normal
normal
normal
normal
normal
normal
back
pod
neptune
normal
neptune
normal
normal
normal
normal
neptune
satan
normal
neptune
ipsweep
normal
neptune
normal
neptune
neptune
normal
normal
neptune
normal
neptune
ipsweep
normal
neptune
normal
normal
neptune
neptune
normal
normal
neptune
normal
neptune
neptune
neptune
neptune
normal
neptune
neptune
normal
normal
normal
neptune
neptune
ipsweep
normal
smurf
normal
normal
normal
normal
normal
neptune
normal
neptune
normal
normal
normal
normal
normal
normal
normal
normal
neptune
normal
normal
neptune
neptune
neptune
neptune
neptune
normal
normal
neptune
normal
neptune
normal
normal
neptune
neptune
normal
normal
portsweep
normal
neptune
normal
neptune
neptune
smurf
normal
neptune
neptune
normal
normal
warezclient
neptune
normal
normal
normal
neptune
neptune
normal
normal
normal
neptune
normal
normal
neptune
normal
normal
teardrop
normal
normal
normal
normal
neptune
neptune
normal
neptune
nmap
back
normal
normal
normal
ipsweep
normal
normal
neptune
neptune
normal
normal
neptune
normal
nmap
normal
neptune
ipsweep
normal
normal
neptune
normal
neptune
normal
normal
neptune
normal
neptune
satan
normal
neptune
normal
normal
normal
normal
warezclient
normal
neptune
normal
normal
normal
neptune
neptune
portsweep
neptune
normal
normal
neptune
normal
normal
neptune
neptune
neptune
neptune
neptune
neptune
neptune
normal
neptune
normal
neptune
neptune
neptune
normal
normal
neptune
warezclient
normal
neptune
neptune
normal
normal
neptune
neptune
normal
normal
neptune
normal
normal
portsweep
neptune
neptune
normal
normal
normal
normal
normal
nmap
normal
normal
normal
normal
neptune
normal
ipsweep
neptune
normal
normal
normal
normal
normal
neptune
neptune
normal
normal
neptune
neptune
neptune
normal
neptune
normal
neptune
satan
normal
normal
normal
normal
normal
neptune
normal
normal
normal
normal
warezclient
neptune
neptune
neptune
satan
neptune
normal
normal
neptune
neptune
neptune
neptune
smurf
neptune
normal
normal
neptune
normal
normal
normal
neptune
normal
guess_passwd
satan
normal
normal
normal
portsweep
normal
normal
neptune
neptune
normal
neptune
satan
normal
normal
neptune
normal
normal
normal
portsweep
neptune
normal
normal
neptune
normal
normal
normal
normal
normal
teardrop
satan
normal
neptune
neptune
portsweep
normal
normal
normal
normal
normal
neptune
neptune
normal
normal
normal
nmap
normal
neptune
normal
normal
neptune
neptune
neptune
back
normal
normal
normal
normal
normal
normal
normal
nmap
normal
normal
neptune
normal
neptune
normal
neptune
normal
neptune
normal
neptune
normal
normal
back
normal
normal
nmap
normal
normal
normal
neptune
normal
normal
neptune
neptune
normal
normal
normal
normal
neptune
neptune
satan
neptune
neptune
normal
normal
normal
normal
normal
neptune
normal
normal
normal
neptune
normal
normal
nmap
neptune
normal
smurf
normal
normal
normal
normal
normal
normal
neptune
normal
neptune
normal
neptune
neptune
normal
neptune
neptune
neptune
normal
portsweep
normal
satan
neptune
neptune
neptune
normal
normal
normal
neptune
normal
pod
neptune
neptune
normal
normal
portsweep
normal
neptune
neptune
normal
ipsweep
ipsweep
normal
ipsweep
normal
normal
neptune
normal
neptune
normal
neptune
portsweep
normal
normal
normal
neptune
normal
neptune
normal
neptune
normal
normal
normal
normal
neptune
normal
neptune
normal
normal
neptune
normal
normal
ipsweep
neptune
ipsweep
neptune
normal
normal
neptune
normal
ipsweep
normal
neptune
neptune
neptune
normal
neptune
ipsweep
normal
satan
neptune
normal
normal
neptune
normal
neptune
normal
neptune
normal
neptune
normal
normal
normal
neptune
neptune
neptune
smurf
neptune
normal
neptune
neptune
normal
smurf
normal
normal
normal
normal
satan
normal
normal
normal
neptune
normal
normal
neptune
portsweep
neptune
neptune
warezclient
normal
satan
normal
neptune
normal
ipsweep
normal
normal
normal
normal
neptune
neptune
neptune
neptune
satan
normal
normal
normal
neptune
normal
neptune
normal
normal
neptune
normal
neptune
normal
normal
neptune
normal
portsweep
neptune
normal
normal
satan
normal
neptune
normal
normal
neptune
neptune
normal
normal
normal
normal
neptune
neptune
neptune
neptune
portsweep
neptune
normal
normal
neptune
normal
normal
normal
normal
neptune
normal
neptune
normal
normal
neptune
normal
normal
normal
neptune
neptune
neptune
normal
nmap
neptune
neptune
normal
normal
normal
nmap
neptune
normal
neptune
normal
normal
normal
normal
normal
neptune
normal
neptune
normal
normal
satan
portsweep
normal
neptune
normal
normal
neptune
normal
pod
normal
neptune
normal
normal
neptune
normal
normal
normal
normal
normal
normal
normal
neptune
normal
neptune
neptune
normal
normal
neptune
neptune
normal
neptune
normal
normal
neptune
neptune
neptune
neptune
normal
normal
neptune
neptune
neptune
normal
normal
neptune
teardrop
normal
normal
normal
normal
normal
normal
neptune
neptune
neptune
normal
neptune
smurf
normal
neptune
normal
normal
normal
normal
normal
normal
neptune
normal
smurf
normal
neptune
normal
normal
neptune
neptune
normal
neptune
normal
portsweep
satan
normal
normal
normal
normal
normal
normal
normal
normal
neptune
neptune
neptune
normal
normal
normal
neptune
normal
normal
neptune
normal
normal
neptune
normal
neptune
normal
normal
neptune
ipsweep
neptune
neptune
normal
normal
neptune
satan
neptune
ipsweep
neptune
neptune
normal
neptune
normal
normal
normal
normal
normal
neptune
normal
neptune
normal
warezclient
neptune
normal
warezclient
neptune
normal
warezclient
neptune
neptune
normal
portsweep
normal
normal
normal
neptune
normal
neptune
neptune
normal
normal
normal
neptune
normal
neptune
normal
neptune
normal
normal
smurf
normal
neptune
normal
normal
neptune
ipsweep
normal
normal
normal
normal
neptune
smurf
normal
neptune
normal
satan
neptune
neptune
normal
normal
ipsweep
normal
nmap
normal
normal
normal
neptune
normal
portsweep
portsweep
normal
normal
normal
neptune
neptune
neptune
normal
normal
normal
normal
neptune
normal
satan
normal
normal
normal
neptune
neptune
teardrop
normal
normal
portsweep
portsweep
normal
normal
normal
neptune
normal
normal
neptune
normal
normal
neptune
portsweep
satan
neptune
normal
ipsweep
normal
normal
neptune
normal
normal
nmap
nmap
normal
satan
normal
neptune
normal
normal
neptune
neptune
neptune
normal
normal
normal
normal
normal
neptune
neptune
neptune
neptune
normal
normal
portsweep
normal
neptune
neptune
neptune
normal
normal
normal
neptune
neptune
normal
normal
normal
neptune
normal
normal
normal
neptune
neptune
normal
neptune
normal
normal
normal
normal
smurf
neptune
normal
neptune
neptune
neptune
neptune
normal
neptune
smurf
normal
neptune
ipsweep
neptune
warezclient
normal
normal
normal
neptune
normal
normal
neptune
satan
smurf
portsweep
normal
satan
neptune
neptune
normal
neptune
normal
normal
smurf
ipsweep
neptune
normal
normal
portsweep
smurf
neptune
normal
neptune
normal
normal
normal
normal
normal
satan
neptune
normal
normal
normal
normal
normal
normal
neptune
neptune
neptune
neptune
normal
normal
neptune
neptune
ipsweep
normal
normal
normal
normal
normal
normal
ipsweep
neptune
normal
normal
neptune
nmap
normal
normal
normal
normal
ipsweep
normal
portsweep
neptune
neptune
normal
neptune
normal
normal
nmap
satan
normal
normal
normal
satan
neptune
normal
neptune
normal
normal
neptune
neptune
normal
normal
smurf
normal
normal
neptune
normal
nmap
normal
normal
portsweep
neptune
teardrop
nmap
normal
neptune
smurf
normal
neptune
normal
neptune
normal
normal
neptune
neptune
normal
normal
satan
satan
satan
normal
normal
neptune
neptune
neptune
neptune
normal
neptune
normal
neptune
neptune
normal
neptune
normal
normal
normal
normal
neptune
neptune
neptune
normal
neptune
ipsweep
normal
neptune
smurf
normal
neptune
neptune
normal
normal
neptune
normal
normal
normal
normal
normal
normal
neptune
normal
neptune
normal
neptune
normal
normal
normal
neptune
ipsweep
back
normal
neptune
portsweep
neptune
normal
normal
neptune
normal
normal
normal
normal
normal
normal
neptune
normal
normal
normal
neptune
normal
normal
normal
normal
neptune
normal
neptune
neptune
normal
normal
satan
neptune
normal
normal
normal
normal
normal
neptune
ipsweep
nmap
normal
portsweep
neptune
neptune
neptune
ipsweep
normal
neptune
normal
neptune
normal
normal
normal
normal
normal
normal
neptune
warezclient
neptune
neptune
normal
normal
normal
normal
neptune
neptune
portsweep
normal
normal
normal
normal
normal
neptune
normal
normal
normal
smurf
neptune
satan
portsweep
satan
normal
neptune
normal
normal
normal
normal
neptune
normal
normal
neptune
normal
normal
normal
satan
neptune
normal
normal
normal
normal
normal
neptune
normal
pod
neptune
normal
normal
normal
normal
normal
normal
normal
smurf
neptune
normal
normal
normal
normal
normal
neptune
neptune
normal
normal
normal
neptune
normal
normal
normal
neptune
neptune
normal
satan
ipsweep
ipsweep
nmap
normal
normal
normal
satan
normal
normal
normal
normal
normal
satan
normal
normal
neptune
normal
ipsweep
teardrop
ipsweep
back
neptune
normal
neptune
neptune
portsweep
normal
normal
normal
neptune
normal
normal
neptune
neptune
neptune
neptune
normal
normal
neptune
neptune
neptune
neptune
ipsweep
neptune
neptune
neptune
neptune
normal
normal
neptune
neptune
portsweep
normal
normal
normal
normal
teardrop
normal
normal
portsweep
ipsweep
neptune
normal
neptune
normal
neptune
neptune
neptune
neptune
neptune
normal
normal
nmap
neptune
neptune
normal
normal
normal
normal
neptune
normal
neptune
normal
normal
satan
normal
normal
normal
normal
normal
neptune
neptune
normal
normal
normal
neptune
normal
neptune
smurf
normal
neptune
normal
neptune
neptune
normal
normal
portsweep
teardrop
normal
normal
normal
normal
ipsweep
normal
neptune
normal
normal
normal
neptune
neptune
normal
neptune
normal
ipsweep
neptune
neptune
normal
neptune
neptune
neptune
normal
normal
neptune
normal
normal
normal
normal
neptune
normal
neptune
normal
normal
neptune
neptune
neptune
normal
normal
normal
normal
neptune
normal
normal
normal
neptune
normal
normal
normal
portsweep
normal
neptune
normal
guess_passwd
normal
normal
neptune
normal
neptune
satan
smurf
normal
normal
normal
neptune
neptune
normal
normal
normal
normal
satan
normal
back
nmap
portsweep
normal
normal
normal
normal
neptune
neptune
normal
normal
normal
normal
normal
normal
neptune
normal
neptune
normal
normal
normal
normal
neptune
neptune
normal
normal
normal
neptune
normal
normal
nmap
neptune
neptune
normal
neptune
normal
normal
normal
normal
buffer_overflow
neptune
normal
neptune
normal
ipsweep
neptune
normal
normal
normal
neptune
neptune
normal
neptune
satan
neptune
normal
neptune
normal
normal
normal
normal
neptune
normal
neptune
neptune
normal
normal
normal
normal
normal
normal
neptune
neptune
normal
normal
portsweep
portsweep
normal
normal
normal
normal
normal
normal
normal
back
neptune
smurf
neptune
normal
normal
normal
normal
normal
normal
neptune
neptune
neptune
neptune
neptune
normal
normal
neptune
normal
neptune
neptune
normal
normal
neptune
nmap
neptune
neptune
normal
neptune
normal
neptune
smurf
neptune
normal
neptune
normal
normal
smurf
neptune
normal
neptune
ipsweep
normal
normal
normal
neptune
normal
neptune
normal
neptune
normal
normal
normal
normal
normal
normal
normal
normal
neptune
back
normal
normal
normal
neptune
normal
neptune
smurf
normal
neptune
normal
normal
neptune
warezclient
normal
normal
normal
neptune
normal
normal
normal
normal
normal
normal
neptune
normal
smurf
normal
ipsweep
normal
neptune
neptune
normal
portsweep
neptune
normal
neptune
neptune
ipsweep
normal
normal
smurf
neptune
neptune
normal
normal
neptune
neptune
normal
normal
normal
neptune
normal
neptune
neptune
neptune
normal
smurf
normal
neptune
normal
normal
normal
normal
normal
normal
normal
portsweep
neptune
neptune
neptune
normal
normal
normal
neptune
neptune
normal
normal
neptune
neptune
normal
neptune
normal
normal
neptune
neptune
normal
normal
neptune
normal
normal
neptune
normal
neptune
nmap
neptune
normal
neptune
neptune
normal
ipsweep
neptune
normal
neptune
normal
normal
neptune
ipsweep
neptune
normal
normal
normal
normal
neptune
normal
normal
neptune
smurf
neptune
normal
neptune
neptune
normal
normal
normal
normal
normal
normal
neptune
satan
neptune
neptune
normal
ipsweep
neptune
nmap
neptune
normal
normal
normal
normal
portsweep
neptune
neptune
normal
normal
neptune
neptune
normal
neptune
neptune
normal
normal
normal
normal
neptune
normal
normal
neptune
satan
normal
normal
normal
phf
normal
normal
neptune
normal
normal
neptune
normal
satan
ipsweep
normal
satan
neptune
normal
neptune
normal
normal
satan
neptune
normal
neptune
normal
normal
normal
neptune
normal
normal
satan
neptune
satan
normal
normal
neptune
normal
pod
normal
ipsweep
ipsweep
neptune
portsweep
normal
satan
normal
normal
normal
neptune
neptune
normal
normal
normal
neptune
normal
ipsweep
normal
normal
normal
normal
neptune
neptune
back
normal
normal
normal
normal
normal
ipsweep
neptune
normal
ipsweep
neptune
normal
normal
normal
ipsweep
normal
normal
satan
neptune
normal
normal
normal
portsweep
neptune
portsweep
neptune
neptune
normal
neptune
normal
normal
normal
normal
neptune
normal
normal
neptune
neptune
normal
normal
neptune
neptune
normal
satan
neptune
ipsweep
neptune
normal
normal
neptune
normal
normal
normal
neptune
normal
neptune
normal
neptune
neptune
pod
normal
normal
neptune
neptune
ipsweep
normal
neptune
normal
nmap
ipsweep
neptune
neptune
neptune
ipsweep
normal
normal
normal
normal
neptune
normal
normal
normal
portsweep
normal
normal
normal
neptune
satan
neptune
normal
normal
normal
neptune
smurf
normal
normal
neptune
normal
normal
normal
normal
normal
neptune
normal
normal
neptune
neptune
normal
neptune
normal
neptune
neptune
normal
neptune
portsweep
neptune
normal
normal
neptune
normal
normal
normal
normal
normal
teardrop
neptune
neptune
normal
neptune
normal
neptune
normal
neptune
neptune
normal
normal
normal
normal
normal
neptune
satan
neptune
normal
smurf
normal
portsweep
normal
normal
neptune
neptune
neptune
neptune
normal
normal
neptune
normal
normal
neptune
normal
neptune
normal
neptune
portsweep
normal
normal
neptune
neptune
ipsweep
normal
normal
nmap
normal
neptune
neptune
neptune
normal
normal
normal
normal
neptune
normal
normal
neptune
warezclient
normal
portsweep
normal
normal
normal
normal
normal
normal
normal
ipsweep
normal
normal
normal
normal
normal
normal
satan
normal
neptune
normal
normal
normal
normal
normal
neptune
neptune
neptune
neptune
normal
normal
neptune
normal
normal
normal
normal
neptune
normal
normal
normal
neptune
satan
normal
normal
normal
normal
neptune
neptune
normal
normal
neptune
normal
normal
normal
satan
normal
satan
normal
satan
neptune
neptune
normal
normal
normal
neptune
neptune
normal
neptune
ipsweep
normal
neptune
neptune
neptune
neptune
normal
neptune
neptune
normal
normal
normal
normal
neptune
normal
normal
portsweep
neptune
normal
normal
neptune
ipsweep
neptune
neptune
normal
neptune
nmap
ipsweep
smurf
neptune
normal
normal
satan
neptune
normal
neptune
neptune
neptune
normal
normal
normal
neptune
ipsweep
neptune
normal
neptune
normal
neptune
normal
normal
warezclient
nmap
normal
normal
normal
back
normal
satan
neptune
normal
neptune
normal
neptune
normal
normal
normal
normal
normal
normal
normal
neptune
neptune
normal
normal
warezclient
neptune
normal
normal
neptune
normal
normal
normal
normal
teardrop
normal
neptune
normal
neptune
neptune
normal
normal
normal
normal
neptune
smurf
neptune
neptune
ipsweep
neptune
smurf
satan
satan
satan
normal
neptune
satan
normal
normal
teardrop
nmap
normal
normal
normal
normal
neptune
smurf
satan
normal
neptune
normal
neptune
normal
neptune
nmap
neptune
neptune
normal
normal
neptune
smurf
normal
normal
normal
normal
normal
neptune
normal
normal
neptune
neptune
neptune
normal
neptune
smurf
normal
normal
warezclient
ipsweep
normal
normal
neptune
normal
normal
neptune
normal
smurf
normal
neptune
neptune
normal
normal
normal
normal
normal
neptune
normal
normal
normal
normal
portsweep
normal
normal
neptune
satan
normal
normal
normal
normal
normal
normal
neptune
normal
teardrop
neptune
normal
neptune
normal
ipsweep
normal
normal
normal
normal
neptune
normal
neptune
normal
ipsweep
normal
neptune
portsweep
normal
back
normal
normal
normal
normal
normal
normal
neptune
neptune
smurf
normal
neptune
normal
neptune
normal
normal
normal
normal
normal
normal
neptune
normal
normal
neptune
normal
normal
normal
satan
normal
normal
ipsweep
normal
neptune
neptune
neptune
portsweep
normal
normal
normal
satan
normal
normal
satan
normal
normal
normal
neptune
satan
normal
neptune
normal
normal
smurf
neptune
normal
smurf
neptune
satan
neptune
normal
normal
satan
normal
normal
normal
neptune
neptune
normal
normal
neptune
normal
normal
normal
normal
neptune
normal
neptune
normal
neptune
neptune
normal
normal
normal
neptune
neptune
neptune
normal
normal
smurf
neptune
normal
neptune
normal
satan
normal
neptune
neptune
normal
normal
neptune
normal
normal
neptune
neptune
normal
neptune
normal
normal
neptune
satan
warezclient
neptune
normal
neptune
normal
normal
normal
normal
normal
normal
neptune
smurf
normal
neptune
normal
ipsweep
nmap
neptune
neptune
satan
neptune
nmap
neptune
warezclient
normal
normal
back
normal
normal
normal
normal
normal
neptune
normal
neptune
neptune
normal
normal
neptune
normal
neptune
normal
neptune
neptune
neptune
smurf
normal
normal
neptune
neptune
normal
neptune
nmap
neptune
neptune
neptune
normal
normal
normal
neptune
neptune
neptune
neptune
neptune
normal
neptune
smurf
normal
neptune
neptune
normal
normal
nmap
neptune
neptune
normal
normal
normal
nmap
ipsweep
normal
normal
normal
neptune
normal
smurf
neptune
nmap
neptune
portsweep
neptune
neptune
normal
normal
satan
neptune
normal
normal
neptune
normal
normal
normal
normal
normal
normal
normal
neptune
normal
normal
normal
normal
neptune
satan
ipsweep
normal
normal
normal
normal
normal
satan
normal
neptune
neptune
neptune
normal
neptune
normal
normal
normal
neptune
normal
normal
normal
neptune
neptune
neptune
neptune
normal
portsweep
neptune
neptune
neptune
neptune
normal
normal
ipsweep
normal
normal
neptune
neptune
neptune
normal
normal
neptune
neptune
nmap
normal
normal
satan
normal
smurf
guess_passwd
normal
normal
neptune
normal
neptune
neptune
normal
neptune
normal
normal
portsweep
neptune
normal
normal
neptune
satan
portsweep
normal
portsweep
neptune
normal
normal
normal
neptune
normal
normal
neptune
normal
normal
normal
neptune
neptune
normal
normal
normal
satan
neptune
normal
normal
normal
normal
ipsweep
normal
neptune
normal
normal
normal
normal
normal
normal
neptune
normal
normal
neptune
satan
normal
normal
normal
normal
normal
normal
neptune
normal
portsweep
neptune
normal
normal
neptune
normal
normal
normal
portsweep
normal
neptune
normal
normal
normal
normal
normal
ipsweep
normal
neptune
portsweep
normal
neptune
neptune
normal
normal
normal
normal
neptune
normal
neptune
normal
normal
normal
normal
smurf
ipsweep
normal
normal
neptune
neptune
normal
normal
normal
smurf
normal
normal
normal
neptune
normal
normal
normal
neptune
neptune
normal
normal
normal
ipsweep
neptune
neptune
normal
neptune
neptune
normal
neptune
pod
normal
neptune
normal
neptune
neptune
portsweep
neptune
neptune
neptune
normal
normal
normal
normal
normal
satan
normal
neptune
normal
normal
normal
neptune
neptune
portsweep
neptune
smurf
normal
normal
neptune
normal
neptune
normal
satan
normal
neptune
normal
neptune
normal
normal
normal
normal
normal
normal
neptune
normal
neptune
normal
ipsweep
neptune
neptune
normal
normal
warezclient
nmap
neptune
normal
normal
normal
neptune
normal
normal
normal
satan
ipsweep
neptune
normal
normal
satan
smurf
normal
neptune
neptune
normal
normal
normal
normal
normal
neptune
ipsweep
normal
smurf
smurf
normal
normal
neptune
neptune
neptune
neptune
normal
normal
normal
portsweep
normal
normal
neptune
normal
neptune
neptune
smurf
normal
neptune
satan
neptune
normal
nmap
neptune
satan
normal
normal
neptune
normal
satan
normal
normal
normal
portsweep
neptune
normal
portsweep
nmap
ipsweep
normal
neptune
satan
neptune
portsweep
pod
neptune
normal
neptune
normal
neptune
normal
portsweep
neptune
normal
neptune
normal
back
normal
normal
smurf
normal
back
normal
normal
normal
normal
neptune
neptune
normal
normal
neptune
normal
neptune
neptune
normal
normal
normal
neptune
neptune
normal
normal
normal
normal
neptune
normal
neptune
normal
normal
back
normal
normal
normal
neptune
normal
normal
neptune
neptune
normal
normal
neptune
smurf
normal
neptune
portsweep
neptune
neptune
smurf
normal
nmap
normal
neptune
normal
neptune
normal
neptune
normal
normal
normal
neptune
normal
portsweep
normal
normal
normal
normal
neptune
normal
neptune
normal
normal
normal
neptune
normal
normal
satan
normal
normal
normal
normal
normal
normal
neptune
neptune
neptune
neptune
ipsweep
neptune
normal
neptune
neptune
neptune
neptune
neptune
neptune
neptune
neptune
neptune
normal
normal
neptune
normal
neptune
neptune
neptune
normal
ipsweep
neptune
normal
back
smurf
neptune
back
neptune
normal
normal
normal
satan
normal
neptune
normal
satan
normal
portsweep
neptune
normal
neptune
normal
normal
normal
normal
normal
neptune
normal
normal
neptune
normal
normal
normal
normal
normal
normal
normal
neptune
neptune
normal
normal
neptune
normal
normal
satan
ipsweep
normal
normal
ipsweep
normal
neptune
neptune
normal
normal
neptune
normal
neptune
neptune
portsweep
normal
normal
neptune
normal
smurf
neptune
normal
normal
portsweep
normal
normal
neptune
neptune
neptune
buffer_overflow
portsweep
normal
normal
normal
neptune
normal
smurf
normal
normal
warezclient
normal
normal
back
normal
neptune
normal
smurf
normal
normal
normal
neptune
smurf
normal
normal
neptune
satan
normal
normal
normal
neptune
neptune
normal
normal
portsweep
normal
normal
normal
warezclient
normal
neptune
neptune
neptune
neptune
normal
normal
normal
normal
normal
normal
neptune
neptune
normal
neptune
neptune
normal
neptune
neptune
ipsweep
neptune
neptune
smurf
neptune
normal
normal
normal
neptune
neptune
normal
normal
normal
normal
neptune
neptune
neptune
neptune
normal
normal
neptune
normal
neptune
neptune
nmap
normal
smurf
normal
normal
neptune
warezclient
normal
normal
normal
neptune
satan
back
warezclient
neptune
normal
neptune
satan
normal
neptune
neptune
neptune
neptune
normal
normal
neptune
neptune
normal
neptune
teardrop
neptune
normal
neptune
normal
neptune
normal
normal
normal
neptune
normal
neptune
normal
normal
normal
portsweep
normal
neptune
neptune
normal
normal
satan
normal
satan
normal
normal
normal
neptune
normal
neptune
normal
normal
normal
normal
normal
portsweep
normal
neptune
portsweep
normal
neptune
normal
normal
normal
neptune
neptune
normal
neptune
neptune
neptune
neptune
normal
neptune
neptune
neptune
normal
ipsweep
neptune
neptune
normal
normal
normal
normal
normal
satan
neptune
normal
satan
normal
teardrop
normal
neptune
neptune
normal
normal
normal
normal
normal
neptune
teardrop
normal
normal
normal
normal
normal
neptune
neptune
normal
neptune
ipsweep
normal
neptune
neptune
normal
normal
neptune
normal
normal
satan
neptune
normal
normal
normal
normal
neptune
teardrop
satan
neptune
normal
neptune
satan
normal
normal
neptune
neptune
neptune
normal
normal
neptune
normal
normal
normal
normal
neptune
normal
normal
normal
normal
satan
normal
neptune
normal
normal
normal
portsweep
portsweep
normal
neptune
neptune
normal
neptune
satan
normal
normal
neptune
normal
neptune
normal
normal
normal
neptune
normal
normal
neptune
normal
normal
normal
normal
normal
neptune
normal
normal
neptune
neptune
normal
normal
normal
neptune
normal
neptune
normal
ipsweep
neptune
normal
neptune
normal
neptune
neptune
normal
teardrop
portsweep
nmap
nmap
satan
normal
normal
neptune
normal
normal
neptune
neptune
neptune
normal
normal
neptune
normal
neptune
back
normal
normal
normal
smurf
neptune
normal
neptune
normal
warezclient
neptune
normal
normal
neptune
satan
normal
neptune
normal
neptune
neptune
normal
normal
neptune
normal
normal
teardrop
neptune
normal
normal
nmap
normal
normal
neptune
normal
neptune
neptune
neptune
normal
satan
normal
normal
normal
satan
normal
smurf
neptune
normal
normal
ipsweep
satan
normal
normal
normal
normal
neptune
back
normal
neptune
normal
normal
normal
neptune
neptune
neptune
satan
normal
normal
normal
neptune
normal
normal
neptune
neptune
smurf
back
normal
normal
normal
ipsweep
neptune
normal
neptune
normal
normal
neptune
neptune
satan
neptune
normal
portsweep
neptune
neptune
neptune
neptune
normal
normal
ipsweep
normal
normal
normal
ipsweep
normal
neptune
normal
normal
normal
normal
normal
normal
normal
normal
satan
normal
neptune
neptune
normal
neptune
smurf
normal
ipsweep
teardrop
normal
smurf
neptune
normal
normal
normal
back
normal
neptune
normal
neptune
neptune
normal
normal
neptune
neptune
normal
normal
normal
neptune
neptune
normal
normal
normal
normal
normal
satan
normal
normal
normal
neptune
normal
normal
neptune
ipsweep
normal
neptune
normal
normal
normal
neptune
ipsweep
normal
neptune
neptune
normal
normal
neptune
neptune
normal
normal
neptune
normal
normal
normal
normal
neptune
satan
normal
normal
normal
neptune
teardrop
neptune
neptune
neptune
normal
normal
normal
normal
neptune
neptune
normal
normal
neptune
neptune
normal
normal
neptune
normal
nmap
normal
neptune
neptune
smurf
normal
normal
normal
neptune
neptune
normal
neptune
normal
neptune
satan
normal
nmap
normal
normal
neptune
neptune
nmap
normal
satan
normal
neptune
normal
neptune
normal
normal
satan
neptune
smurf
normal
normal
normal
normal
neptune
neptune
neptune
neptune
normal
normal
normal
neptune
normal
normal
nmap
normal
normal
warezclient
satan
neptune
normal
satan
portsweep
smurf
neptune
neptune
normal
normal
satan
normal
normal
nmap
neptune
normal
normal
normal
neptune
normal
satan
neptune
smurf
neptune
normal
neptune
normal
normal
ipsweep
neptune
normal
normal
normal
neptune
normal
neptune
neptune
normal
warezclient
neptune
normal
neptune
normal
normal
normal
smurf
normal
normal
normal
neptune
neptune
neptune
normal
normal
neptune
neptune
normal
neptune
teardrop
normal
normal
normal
neptune
neptune
normal
normal
normal
smurf
normal
normal
pod
normal
neptune
neptune
normal
normal
neptune
neptune
normal
normal
neptune
normal
normal
normal
neptune
normal
neptune
normal
normal
normal
normal
normal
normal
neptune
normal
neptune
neptune
normal
neptune
neptune
neptune
neptune
normal
neptune
normal
normal
neptune
normal
normal
normal
neptune
neptune
normal
ipsweep
normal
neptune
satan
neptune
normal
normal
normal
neptune
normal
neptune
satan
portsweep
neptune
neptune
normal
neptune
normal
normal
satan
smurf
neptune
normal
satan
neptune
normal
neptune
normal
normal
normal
neptune
neptune
normal
normal
neptune
neptune
normal
normal
normal
normal
normal
normal
neptune
back
neptune
neptune
neptune
neptune
normal
teardrop
teardrop
normal
normal
normal
neptune
normal
neptune
neptune
neptune
neptune
neptune
normal
neptune
normal
neptune
neptune
neptune
normal
normal
ipsweep
normal
normal
normal
pod
normal
normal
normal
neptune
normal
normal
neptune
normal
normal
normal
normal
back
normal
nmap
normal
normal
normal
normal
neptune
normal
neptune
normal
normal
satan
neptune
normal
normal
neptune
normal
portsweep
satan
neptune
normal
normal
normal
normal
neptune
normal
neptune
normal
neptune
neptune
normal
normal
neptune
neptune
neptune
teardrop
normal
neptune
normal
neptune
neptune
normal
normal
normal
neptune
normal
ipsweep
normal
normal
normal
neptune
normal
normal
normal
normal
ipsweep
normal
neptune
smurf
normal
normal
normal
normal
normal
neptune
normal
normal
neptune
neptune
neptune
neptune
neptune
normal
neptune
normal
neptune
normal
teardrop
normal
normal
normal
normal
neptune
normal
normal
neptune
normal
normal
normal
normal
ipsweep
normal
normal
normal
nmap
normal
neptune
neptune
normal
neptune
nmap
neptune
neptune
ipsweep
neptune
satan
normal
normal
normal
normal
normal
normal
neptune
normal
satan
portsweep
neptune
neptune
normal
nmap
smurf
normal
neptune
normal
normal
neptune
normal
neptune
normal
satan
normal
normal
neptune
neptune
neptune
normal
normal
neptune
normal
neptune
normal
neptune
normal
normal
normal
normal
normal
normal
normal
neptune
neptune
normal
normal
neptune
normal
neptune
satan
nmap
neptune
neptune
smurf
portsweep
smurf
normal
normal
neptune
smurf
neptune
normal
normal
normal
normal
normal
ipsweep
neptune
neptune
normal
normal
normal
normal
neptune
neptune
neptune
neptune
normal
neptune
neptune
normal
normal
neptune
normal
neptune
normal
normal
neptune
normal
normal
normal
neptune
normal
neptune
normal
normal
normal
normal
neptune
normal
normal
smurf
normal
neptune
neptune
normal
neptune
neptune
normal
neptune
satan
neptune
normal
normal
normal
neptune
neptune
neptune
normal
normal
normal
normal
normal
normal
neptune
neptune
ipsweep
ipsweep
normal
teardrop
normal
neptune
normal
normal
normal
neptune
neptune
normal
neptune
ipsweep
neptune
neptune
neptune
neptune
normal
portsweep
neptune
normal
nmap
normal
normal
neptune
normal
normal
normal
normal
normal
normal
normal
normal
normal
neptune
normal
normal
satan
neptune
nmap
neptune
neptune
smurf
normal
neptune
portsweep
normal
neptune
neptune
neptune
normal
normal
normal
ipsweep
normal
neptune
neptune
normal
neptune
neptune
neptune
normal
back
neptune
neptune
normal
normal
normal
neptune
normal
normal
nmap
normal
portsweep
normal
normal
normal
normal
normal
normal
normal
normal
normal
normal
normal
normal
normal
normal
normal
normal
normal
neptune
normal
normal
normal
satan
back
normal
normal
normal
normal
normal
neptune
satan
normal
normal
neptune
normal
normal
neptune
normal
normal
neptune
neptune
neptune
normal
neptune
neptune
normal
neptune
normal
normal
normal
neptune
neptune
neptune
neptune
normal
normal
normal
normal
normal
normal
normal
normal
normal
normal
normal
nmap
normal
normal
normal
normal
normal
neptune
normal
neptune
neptune
normal
normal
normal
normal
normal
normal
normal
neptune
normal
neptune
neptune
normal
normal
normal
normal
normal
back
normal
normal
normal
neptune
normal
normal
neptune
normal
neptune
normal
normal
normal
normal
neptune
normal
normal
normal
neptune
normal
neptune
normal
neptune
neptune
normal
normal
normal
neptune
normal
normal
normal
portsweep
neptune
normal
neptune
normal
neptune
normal
ipsweep
normal
normal
normal
normal
neptune
neptune
ipsweep
normal
normal
neptune
neptune
guess_passwd
normal
normal
normal
normal
neptune
normal
neptune
normal
normal
neptune
neptune
normal
neptune
neptune
normal
normal
normal
normal
normal
neptune
neptune
neptune
neptune
neptune
normal
normal
neptune
neptune
neptune
normal
normal
normal
normal
normal
normal
normal
normal
satan
normal
normal
normal
normal
portsweep
neptune
neptune
normal
neptune
normal
normal
ipsweep
portsweep
nmap
neptune
normal
normal
normal
normal
neptune
satan
neptune
normal
normal
portsweep
neptune
normal
neptune
normal
normal
neptune
neptune
neptune
normal
normal
neptune
normal
neptune
normal
normal
normal
normal
normal
neptune
normal
neptune
neptune
neptune
normal
neptune
normal
ipsweep
normal
ipsweep
neptune
neptune
teardrop
normal
neptune
normal
neptune
smurf
normal
portsweep
normal
neptune
neptune
normal
neptune
neptune
neptune
portsweep
neptune
normal
neptune
normal
neptune
neptune
normal
portsweep
neptune
portsweep
normal
normal
normal
normal
neptune
normal
normal
normal
neptune
normal
normal
neptune
normal
normal
normal
neptune
normal
normal
neptune
normal
back
satan
back
normal
normal
normal
neptune
normal
smurf
buffer_overflow
normal
normal
normal
normal
normal
neptune
normal
normal
normal
warezclient
neptune
neptune
normal
neptune
neptune
normal
smurf
normal
neptune
normal
warezclient
neptune
normal
normal
neptune
neptune
normal
neptune
ipsweep
neptune
normal
normal
normal
normal
normal
neptune
normal
normal
neptune
neptune
neptune
nmap
portsweep
normal
neptune
normal
ipsweep
neptune
back
normal
normal
normal
portsweep
neptune
neptune
neptune
normal
normal
normal
normal
normal
normal
smurf
normal
neptune
normal
ipsweep
neptune
neptune
normal
neptune
neptune
normal
normal
normal
neptune
neptune
nmap
normal
normal
normal
neptune
normal
neptune
normal
normal
neptune
neptune
neptune
normal
neptune
satan
neptune
neptune
normal
neptune
normal
normal
neptune
satan
neptune
neptune
normal
normal
normal
normal
normal
portsweep
neptune
normal
normal
neptune
neptune
normal
normal
normal
neptune
normal
neptune
normal
normal
normal
neptune
normal
neptune
neptune
normal
normal
portsweep
neptune
neptune
neptune
neptune
normal
back
normal
normal
neptune
neptune
portsweep
neptune
normal
neptune
ipsweep
neptune
neptune
neptune
neptune
normal
normal
smurf
neptune
normal
normal
satan
neptune
normal
neptune
normal
normal
normal
normal
back
normal
neptune
normal
normal
normal
neptune
normal
normal
normal
normal
normal
normal
satan
normal
normal
neptune
normal
normal
normal
neptune
normal
satan
normal
neptune
satan
neptune
normal
neptune
neptune
normal
normal
neptune
smurf
normal
normal
neptune
neptune
neptune
normal
neptune
normal
neptune
satan
normal
neptune
neptune
normal
neptune
neptune
normal
neptune
satan
neptune
neptune
normal
neptune
neptune
neptune
neptune
normal
neptune
neptune
neptune
ipsweep
smurf
neptune
neptune
ipsweep
normal
neptune
neptune
neptune
normal
normal
normal
neptune
ipsweep
normal
neptune
normal
normal
normal
normal
neptune
normal
neptune
normal
normal
normal
neptune
normal
nmap
neptune
neptune
neptune
satan
normal
normal
neptune
normal
normal
normal
neptune
neptune
neptune
neptune
neptune
normal
normal
neptune
normal
normal
neptune
normal
normal
normal
neptune
neptune
normal
satan
normal
neptune
normal
normal
normal
neptune
normal
neptune
normal
neptune
neptune
portsweep
portsweep
neptune
normal
normal
normal
normal
normal
loadmodule
satan
neptune
normal
neptune
normal
normal
neptune
normal
normal
neptune
normal
normal
normal
normal
neptune
neptune
neptune
neptune
smurf
normal
normal
warezclient
portsweep
normal
normal
neptune
neptune
normal
neptune
ipsweep
nmap
neptune
normal
neptune
neptune
neptune
normal
normal
normal
neptune
normal
normal
neptune
ipsweep
neptune
normal
normal
back
normal
neptune
ipsweep
neptune
neptune
normal
normal
neptune
normal
neptune
neptune
neptune
neptune
neptune
ipsweep
neptune
normal
normal
neptune
ipsweep
smurf
neptune
normal
neptune
neptune
neptune
neptune
normal
neptune
neptune
normal
normal
neptune
smurf
normal
ipsweep
neptune
normal
neptune
satan
neptune
ipsweep
neptune
neptune
neptune
neptune
normal
normal
ipsweep
neptune
neptune
normal
normal
normal
neptune
normal
neptune
normal
normal
ipsweep
neptune
warezclient
normal
normal
normal
neptune
neptune
normal
neptune
neptune
normal
normal
portsweep
nmap
neptune
normal
neptune
normal
neptune
ipsweep
satan
neptune
neptune
neptune
normal
teardrop
normal
normal
normal
normal
satan
nmap
neptune
normal
normal
ipsweep
normal
neptune
normal
neptune
normal
normal
neptune
ipsweep
normal
normal
neptune
normal
neptune
normal
neptune
normal
ipsweep
normal
neptune
normal
normal
neptune
neptune
neptune
neptune
neptune
ipsweep
normal
neptune
smurf
normal
normal
neptune
normal
neptune
normal
normal
normal
neptune
normal
normal
normal
normal
normal
neptune
normal
normal
normal
neptune
normal
warezclient
neptune
normal
neptune
normal
neptune
ipsweep
normal
normal
normal
normal
neptune
neptune
normal
normal
normal
normal
back
normal
neptune
normal
normal
normal
neptune
normal
neptune
neptune
normal
normal
normal
normal
normal
normal
normal
neptune
neptune
neptune
normal
normal
smurf
normal
neptune
normal
normal
normal
neptune
normal
neptune
normal
neptune
neptune
normal
normal
normal
normal
neptune
normal
normal
normal
smurf
normal
normal
neptune
normal
neptune
normal
neptune
neptune
neptune
normal
back
neptune
pod
ipsweep
normal
neptune
neptune
normal
neptune
normal
normal
normal
neptune
normal
neptune
neptune
normal
normal
normal
normal
neptune
normal
normal
normal
neptune
normal
teardrop
normal
normal
neptune
neptune
neptune
smurf
ipsweep
normal
normal
neptune
normal
normal
normal
nmap
neptune
portsweep
neptune
back
normal
neptune
normal
portsweep
normal
neptune
normal
normal
neptune
back
neptune
neptune
neptune
normal
normal
nmap
satan
warezclient
normal
ipsweep
normal
normal
ipsweep
normal
neptune
neptune
neptune
normal
normal
normal
neptune
neptune
neptune
normal
portsweep
normal
portsweep
normal
smurf
normal
normal
neptune
neptune
ipsweep
normal
normal
neptune
normal
satan
normal
normal
normal
satan
normal
neptune
portsweep
ipsweep
normal
normal
smurf
normal
neptune
normal
normal
normal
neptune
neptune
neptune
normal
normal
ipsweep
normal
neptune
neptune
normal
satan
neptune
normal
normal
normal
normal
normal
normal
normal
pod
normal
normal
normal
normal
ipsweep
neptune
normal
normal
normal
normal
normal
neptune
normal
normal
normal
neptune
neptune
normal
neptune
neptune
neptune
normal
normal
neptune
normal
normal
neptune
neptune
normal
normal
normal
neptune
normal
nmap
normal
normal
neptune
normal
normal
normal
normal
normal
normal
satan
normal
normal
normal
back
neptune
normal
neptune
satan
normal
normal
normal
neptune
neptune
normal
normal
neptune
normal
normal
ipsweep
normal
neptune
normal
normal
normal
neptune
normal
normal
normal
normal
normal
neptune
normal
normal
neptune
normal
normal
neptune
normal
neptune
normal
normal
neptune
normal
normal
normal
normal
normal
neptune
nmap
neptune
normal
normal
neptune
smurf
normal
normal
normal
normal
normal
normal
normal
normal
ipsweep
ipsweep
normal
ipsweep
normal
neptune
neptune
teardrop
neptune
normal
ipsweep
satan
neptune
neptune
neptune
satan
neptune
neptune
neptune
neptune
normal
normal
normal
nmap
normal
normal
warezclient
portsweep
normal
normal
neptune
neptune
normal
neptune
neptune
neptune
normal
neptune
normal
satan
normal
normal
normal
normal
portsweep
neptune
normal
neptune
normal
neptune
portsweep
neptune
neptune
normal
normal
normal
normal
smurf
normal
ipsweep
neptune
normal
normal
neptune
normal
normal
normal
normal
normal
normal
smurf
normal
normal
normal
neptune
normal
nmap
normal
normal
normal
ipsweep
normal
normal
back
normal
normal
warezclient
normal
normal
normal
normal
normal
normal
neptune
neptune
ipsweep
normal
portsweep
normal
normal
neptune
normal
normal
neptune
normal
neptune
normal
neptune
neptune
normal
neptune
normal
neptune
normal
teardrop
normal
normal
land
neptune
neptune
normal
normal
normal
neptune
nmap
normal
neptune
neptune
neptune
normal
neptune
normal
normal
normal
normal
normal
warezclient
neptune
normal
neptune
portsweep
normal
normal
neptune
normal
neptune
neptune
neptune
neptune
normal
neptune
neptune
neptune
normal
portsweep
neptune
neptune
portsweep
nmap
neptune
normal
satan
normal
neptune
normal
neptune
neptune
normal
neptune
normal
neptune
neptune
satan
normal
nmap
neptune
normal
neptune
neptune
neptune
warezclient
normal
normal
portsweep
neptune
neptune
neptune
neptune
neptune
neptune
normal
normal
normal
neptune
pod
neptune
normal
normal
neptune
neptune
normal
nmap
normal
normal
neptune
normal
normal
neptune
normal
neptune
normal
normal
neptune
normal
normal
normal
normal
neptune
neptune
neptune
normal
normal
normal
normal
warezclient
normal
normal
neptune
normal
neptune
normal
neptune
normal
smurf
neptune
normal
normal
smurf
normal
normal
normal
normal
normal
normal
normal
normal
normal
satan
neptune
normal
smurf
normal
neptune
neptune
smurf
neptune
normal
normal
neptune
normal
normal
neptune
neptune
normal
normal
normal
neptune
normal
normal
normal
normal
normal
neptune
normal
normal
normal
normal
normal
normal
neptune
normal
neptune
portsweep
normal
neptune
neptune
ipsweep
neptune
neptune
nmap
neptune
normal
neptune
normal
normal
normal
normal
neptune
neptune
normal
satan
neptune
satan
normal
neptune
neptune
warezclient
normal
normal
normal
normal
normal
normal
smurf
ipsweep
normal
neptune
normal
neptune
normal
neptune
neptune
normal
neptune
normal
normal
normal
normal
normal
neptune
neptune
normal
normal
teardrop
normal
normal
neptune
neptune
neptune
satan
warezclient
normal
neptune
normal
normal
neptune
neptune
neptune
normal
normal
normal
neptune
normal
normal
normal
normal
portsweep
neptune
neptune
neptune
neptune
neptune
ipsweep
ipsweep
normal
neptune
neptune
neptune
normal
neptune
neptune
normal
normal
neptune
normal
neptune
normal
portsweep
normal
normal
neptune
neptune
portsweep
normal
normal
normal
normal
neptune
neptune
normal
neptune
normal
neptune
normal
neptune
normal
normal
normal
normal
normal
neptune
neptune
normal
normal
normal
normal
normal
normal
normal
neptune
normal
normal
neptune
normal
neptune
satan
normal
normal
normal
normal
normal
normal
neptune
neptune
normal
portsweep
neptune
neptune
neptune
smurf
normal
normal
normal
normal
normal
neptune
nmap
normal
normal
normal
normal
neptune
normal
neptune
neptune
neptune
neptune
neptune
nmap
normal
neptune
normal
normal
normal
normal
normal
normal
normal
normal
nmap
warezclient
nmap
normal
neptune
neptune
pod
normal
neptune
neptune
neptune
satan
neptune
normal
neptune
normal
neptune
satan
normal
normal
normal
normal
normal
neptune
normal
normal
normal
neptune
normal
normal
normal
neptune
neptune
neptune
normal
normal
normal
normal
neptune
neptune
neptune
normal
nmap
neptune
nmap
neptune
satan
neptune
normal
normal
nmap
neptune
normal
neptune
ipsweep
normal
normal
normal
ipsweep
neptune
normal
nmap
normal
neptune
normal
normal
normal
normal
neptune
normal
ipsweep
portsweep
normal
neptune
normal
neptune
normal
neptune
neptune
neptune
neptune
normal
normal
neptune
normal
neptune
neptune
normal
normal
neptune
normal
normal
normal
smurf
normal
normal
neptune
normal
neptune
normal
satan
normal
neptune
normal
normal
neptune
warezclient
normal
neptune
normal
neptune
normal
normal
normal
normal
neptune
normal
ipsweep
normal
normal
normal
portsweep
normal
portsweep
normal
normal
normal
normal
smurf
normal
teardrop
neptune
normal
normal
normal
normal
neptune
neptune
neptune
normal
normal
neptune
back
normal
neptune
normal
normal
smurf
neptune
normal
normal
neptune
neptune
normal
normal
neptune
neptune
normal
normal
neptune
normal
normal
neptune
normal
normal
normal
smurf
normal
smurf
portsweep
neptune
ipsweep
normal
neptune
neptune
normal
normal
normal
neptune
normal
neptune
normal
normal
normal
normal
normal
neptune
normal
normal
neptune
normal
smurf
normal
normal
normal
normal
neptune
satan
neptune
normal
neptune
normal
ipsweep
neptune
normal
normal
normal
normal
satan
normal
neptune
normal
smurf
neptune
normal
portsweep
neptune
neptune
normal
neptune
neptune
neptune
neptune
neptune
normal
neptune
teardrop
neptune
normal
normal
warezclient
normal
portsweep
neptune
normal
neptune
neptune
normal
satan
neptune
normal
normal
normal
normal
neptune
neptune
neptune
normal
neptune
neptune
neptune
neptune
normal
normal
neptune
normal
normal
neptune
normal
neptune
normal
neptune
normal
normal
normal
nmap
neptune
neptune
normal
normal
normal
normal
normal
normal
smurf
normal
neptune
neptune
neptune
normal
neptune
neptune
normal
neptune
portsweep
normal
portsweep
normal
normal
portsweep
neptune
smurf
neptune
neptune
neptune
normal
normal
normal
neptune
normal
neptune
normal
neptune
normal
neptune
satan
normal
normal
normal
normal
neptune
normal
normal
warezclient
neptune
normal
smurf
normal
neptune
neptune
neptune
neptune
neptune
neptune
normal
normal
neptune
normal
normal
nmap
normal
smurf
neptune
normal
normal
neptune
normal
normal
ipsweep
normal
normal
nmap
normal
normal
normal
neptune
normal
portsweep
normal
normal
smurf
normal
normal
normal
ipsweep
smurf
normal
normal
normal
neptune
neptune
normal
neptune
neptune
normal
neptune
normal
normal
normal
neptune
neptune
normal
neptune
neptune
normal
normal
smurf
neptune
normal
neptune
normal
neptune
normal
ipsweep
normal
normal
normal
neptune
neptune
neptune
normal
neptune
normal
neptune
normal
normal
normal
neptune
neptune
normal
normal
normal
normal
normal
normal
neptune
normal
normal
normal
normal
normal
neptune
normal
normal
back
normal
normal
neptune
normal
neptune
neptune
neptune
normal
normal
neptune
portsweep
portsweep
neptune
normal
neptune
neptune
neptune
neptune
normal
neptune
neptune
neptune
normal
normal
neptune
neptune
neptune
normal
normal
normal
normal
neptune
neptune
neptune
normal
neptune
neptune
normal
neptune
neptune
normal
neptune
normal
normal
normal
normal
normal
neptune
neptune
normal
ipsweep
neptune
normal
normal
neptune
normal
neptune
neptune
normal
normal
normal
warezclient
neptune
normal
normal
normal
normal
neptune
normal
normal
normal
normal
normal
normal
neptune
neptune
neptune
normal
normal
normal
normal
neptune
neptune
normal
normal
normal
normal
neptune
normal
neptune
neptune
normal
normal
warezclient
neptune
normal
normal
ipsweep
normal
normal
neptune
normal
neptune
neptune
normal
normal
normal
neptune
normal
normal
neptune
normal
neptune
neptune
normal
neptune
nmap
normal
normal
normal
neptune
normal
normal
nmap
normal
normal
normal
neptune
normal
neptune
normal
normal
neptune
normal
normal
normal
normal
normal
normal
normal
normal
neptune
nmap
normal
neptune
normal
neptune
warezclient
normal
satan
normal
neptune
normal
normal
normal
normal
normal
back
neptune
neptune
neptune
satan
ipsweep
normal
normal
normal
neptune
normal
normal
neptune
normal
normal
neptune
normal
nmap
normal
normal
nmap
back
normal
normal
normal
neptune
normal
normal
smurf
neptune
neptune
neptune
normal
neptune
neptune
satan
normal
normal
normal
normal
neptune
normal
neptune
normal
normal
neptune
normal
normal
normal
satan
neptune
smurf
neptune
neptune
normal
neptune
normal
nmap
neptune
normal
neptune
normal
neptune
neptune
normal
normal
normal
normal
normal
neptune
neptune
normal
normal
neptune
neptune
normal
normal
neptune
neptune
normal
normal
normal
smurf
neptune
neptune
normal
normal
neptune
portsweep
normal
normal
normal
neptune
ipsweep
normal
normal
normal
neptune
guess_passwd
neptune
satan
neptune
portsweep
normal
smurf
normal
neptune
normal
neptune
neptune
normal
neptune
normal
portsweep
ipsweep
normal
normal
normal
neptune
neptune
normal
normal
neptune
normal
nmap
neptune
neptune
normal
normal
neptune
normal
ipsweep
normal
neptune
normal
portsweep
neptune
normal
satan
normal
neptune
normal
portsweep
normal
normal
neptune
normal
neptune
neptune
neptune
normal
neptune
normal
neptune
normal
normal
portsweep
neptune
normal
normal
normal
normal
normal
normal
neptune
normal
neptune
normal
normal
normal
neptune
neptune
portsweep
normal
normal
normal
neptune
normal
neptune
neptune
satan
normal
neptune
portsweep
ipsweep
teardrop
normal
satan
neptune
neptune
normal
normal
normal
neptune
normal
neptune
neptune
normal
warezclient
normal
normal
normal
neptune
neptune
normal
neptune
normal
normal
normal
normal
neptune
normal
normal
neptune
neptune
normal
satan
normal
satan
neptune
neptune
neptune
normal
portsweep
portsweep
neptune
normal
neptune
normal
pod
normal
normal
normal
neptune
portsweep
normal
normal
normal
normal
normal
normal
normal
normal
neptune
normal
smurf
neptune
normal
neptune
normal
neptune
pod
normal
normal
normal
normal
warezclient
normal
normal
normal
neptune
ipsweep
normal
normal
normal
normal
neptune
smurf
normal
neptune
neptune
normal
normal
normal
normal
normal
warezclient
normal
neptune
warezclient
neptune
normal
neptune
normal
normal
normal
normal
portsweep
normal
normal
normal
neptune
neptune
neptune
normal
neptune
normal
neptune
normal
normal
normal
neptune
normal
satan
neptune
smurf
ipsweep
normal
normal
normal
smurf
ipsweep
normal
normal
neptune
normal
warezclient
normal
neptune
normal
normal
neptune
normal
normal
neptune
normal
neptune
normal
normal
neptune
neptune
neptune
normal
normal
neptune
neptune
normal
normal
neptune
neptune
normal
neptune
normal
normal
normal
neptune
pod
normal
neptune
normal
neptune
neptune
neptune
normal
back
normal
neptune
normal
normal
neptune
neptune
normal
normal
normal
neptune
normal
normal
neptune
normal
normal
normal
neptune
satan
neptune
normal
neptune
neptune
normal
normal
normal
neptune
neptune
smurf
ipsweep
normal
normal
neptune
smurf
neptune
normal
normal
normal
normal
portsweep
normal
normal
normal
normal
normal
warezclient
neptune
normal
normal
normal
normal
neptune
normal
neptune
normal
normal
neptune
neptune
normal
normal
normal
normal
normal
normal
portsweep
normal
normal
teardrop
neptune
normal
normal
normal
satan
neptune
normal
normal
normal
normal
normal
normal
normal
neptune
satan
neptune
normal
normal
normal
neptune
neptune
normal
neptune
normal
normal
normal
normal
normal
normal
normal
normal
normal
normal
normal
portsweep
neptune
normal
normal
normal
neptune
normal
satan
normal
normal
neptune
ipsweep
neptune
normal
nmap
normal
neptune
normal
normal
neptune
normal
normal
normal
normal
normal
smurf
normal
neptune
normal
satan
normal
normal
normal
ipsweep
neptune
normal
smurf
normal
normal
normal
normal
normal
normal
neptune
ipsweep
normal
normal
neptune
normal
normal
normal
neptune
neptune
neptune
normal
normal
neptune
neptune
normal
normal
warezclient
normal
normal
normal
neptune
satan
normal
normal
neptune
neptune
normal
neptune
ipsweep
normal
normal
neptune
neptune
normal
normal
neptune
satan
normal
normal
normal
neptune
normal
satan
neptune
normal
normal
neptune
neptune
normal
normal
normal
normal
normal
smurf
neptune
neptune
neptune
normal
neptune
normal
neptune
normal
ipsweep
neptune
normal
normal
normal
normal
warezclient
smurf
neptune
normal
normal
neptune
neptune
neptune
normal
normal
smurf
neptune
smurf
warezclient
satan
neptune
neptune
normal
normal
normal
neptune
neptune
normal
normal
normal
normal
normal
ipsweep
neptune
normal
back
ipsweep
satan
normal
normal
ipsweep
normal
normal
normal
normal
normal
neptune
normal
portsweep
normal
normal
portsweep
ipsweep
neptune
neptune
normal
normal
normal
smurf
normal
portsweep
normal
neptune
normal
normal
normal
neptune
normal
neptune
normal
neptune
normal
normal
neptune
neptune
normal
neptune
normal
neptune
normal
normal
normal
neptune
neptune
normal
neptune
neptune
normal
normal
portsweep
normal
normal
normal
normal
neptune
normal
normal
normal
neptune
neptune
normal
neptune
neptune
portsweep
neptune
normal
normal
normal
smurf
normal
neptune
normal
normal
neptune
neptune
normal
normal
normal
neptune
normal
normal
neptune
neptune
neptune
normal
neptune
normal
neptune
neptune
neptune
neptune
neptune
neptune
normal
neptune
neptune
normal
neptune
neptune
satan
neptune
ipsweep
normal
normal
neptune
normal
satan
neptune
normal
neptune
normal
neptune
normal
normal
warezclient
neptune
neptune
normal
normal
normal
neptune
normal
neptune
smurf
normal
neptune
normal
normal
neptune
normal
neptune
portsweep
normal
normal
teardrop
normal
neptune
normal
normal
neptune
portsweep
portsweep
normal
neptune
ipsweep
normal
neptune
normal
normal
normal
neptune
warezclient
normal
normal
portsweep
neptune
normal
normal
neptune
normal
neptune
satan
normal
normal
neptune
normal
normal
normal
normal
neptune
normal
neptune
neptune
normal
normal
normal
normal
normal
normal
ipsweep
neptune
normal
normal
normal
normal
ipsweep
normal
neptune
normal
neptune
normal
neptune
normal
nmap
ipsweep
neptune
neptune
normal
normal
satan
normal
normal
normal
smurf
neptune
smurf
neptune
normal
normal
normal
normal
normal
normal
neptune
normal
normal
normal
neptune
neptune
normal
normal
ipsweep
nmap
neptune
neptune
normal
normal
neptune
portsweep
portsweep
neptune
neptune
normal
normal
normal
neptune
normal
normal
neptune
normal
neptune
normal
normal
ipsweep
neptune
normal
normal
ipsweep
satan
neptune
normal
normal
normal
nmap
normal
normal
neptune
portsweep
normal
normal
neptune
satan
neptune
normal
normal
neptune
portsweep
satan
normal
teardrop
neptune
normal
normal
smurf
neptune
smurf
normal
neptune
normal
normal
normal
neptune
normal
normal
normal
satan
normal
normal
neptune
normal
neptune
neptune
neptune
normal
normal
normal
normal
neptune
normal
ipsweep
normal
neptune
neptune
normal
normal
normal
satan
normal
neptune
normal
normal
neptune
neptune
neptune
neptune
normal
normal
normal
neptune
normal
normal
normal
satan
neptune
normal
neptune
neptune
normal
normal
normal
neptune
normal
normal
normal
normal
normal
normal
normal
normal
smurf
normal
portsweep
normal
normal
guess_passwd
neptune
normal
neptune
neptune
neptune
back
neptune
normal
neptune
normal
normal
satan
normal
normal
normal
neptune
neptune
neptune
ipsweep
neptune
neptune
normal
normal
normal
normal
neptune
normal
normal
neptune
neptune
normal
normal
normal
normal
neptune
portsweep
neptune
neptune
neptune
normal
normal
neptune
neptune
normal
normal
normal
normal
neptune
neptune
normal
normal
normal
normal
neptune
neptune
neptune
normal
neptune
normal
neptune
normal
ipsweep
normal
normal
normal
normal
normal
normal
satan
normal
normal
neptune
neptune
neptune
normal
neptune
normal
neptune
normal
normal
portsweep
normal
normal
smurf
normal
neptune
normal
normal
normal
normal
neptune
neptune
neptune
normal
normal
normal
normal
normal
neptune
normal
normal
neptune
neptune
normal
neptune
pod
neptune
normal
normal
normal
normal
normal
normal
neptune
neptune
neptune
normal
neptune
neptune
neptune
normal
neptune
normal
ipsweep
normal
normal
normal
normal
ipsweep
neptune
normal
normal
normal
neptune
nmap
normal
neptune
satan
nmap
normal
neptune
normal
neptune
neptune
normal
neptune
normal
normal
normal
neptune
normal
ipsweep
neptune
neptune
normal
normal
normal
neptune
normal
nmap
normal
normal
neptune
normal
normal
normal
neptune
neptune
normal
normal
normal
neptune
normal
neptune
neptune
satan
normal
normal
neptune
neptune
normal
neptune
neptune
normal
neptune
neptune
normal
normal
normal
neptune
neptune
neptune
normal
normal
normal
neptune
normal
neptune
neptune
normal
normal
neptune
normal
normal
smurf
normal
normal
teardrop
normal
neptune
neptune
normal
neptune
neptune
normal
neptune
normal
neptune
normal
normal
normal
satan
satan
neptune
normal
neptune
normal
normal
normal
normal
teardrop
portsweep
nmap
normal
normal
pod
ipsweep
normal
normal
normal
normal
normal
normal
satan
neptune
neptune
normal
nmap
neptune
neptune
neptune
normal
normal
normal
satan
neptune
neptune
normal
normal
normal
neptune
neptune
normal
satan
normal
normal
portsweep
normal
neptune
normal
normal
normal
portsweep
neptune
neptune
satan
normal
neptune
normal
nmap
normal
neptune
normal
normal
normal
nmap
portsweep
normal
neptune
neptune
normal
neptune
neptune
normal
normal
normal
normal
normal
normal
normal
normal
smurf
portsweep
ipsweep
normal
smurf
normal
normal
neptune
normal
normal
neptune
neptune
normal
back
neptune
normal
normal
neptune
normal
nmap
normal
normal
normal
neptune
normal
normal
normal
normal
normal
normal
neptune
neptune
neptune
ipsweep
neptune
normal
normal
normal
normal
neptune
neptune
neptune
neptune
neptune
normal
neptune
normal
normal
normal
neptune
normal
neptune
normal
normal
normal
neptune
normal
satan
normal
neptune
normal
normal
neptune
neptune
neptune
ipsweep
neptune
neptune
normal
normal
normal
normal
neptune
normal
normal
normal
neptune
normal
neptune
neptune
neptune
normal
normal
normal
normal
normal
neptune
normal
neptune
normal
normal
normal
neptune
normal
normal
normal
normal
normal
normal
normal
normal
warezclient
normal
normal
neptune
neptune
normal
normal
portsweep
neptune
neptune
normal
normal
teardrop
normal
normal
neptune
normal
normal
normal
normal
normal
normal
normal
neptune
normal
neptune
neptune
normal
normal
normal
neptune
neptune
normal
normal
neptune
normal
satan
neptune
normal
normal
neptune
neptune
neptune
nmap
ipsweep
ipsweep
neptune
normal
normal
normal
ipsweep
satan
neptune
neptune
warezclient
nmap
normal
ipsweep
satan
ipsweep
normal
neptune
normal
neptune
neptune
normal
neptune
neptune
neptune
normal
satan
neptune
normal
normal
normal
neptune
neptune
normal
normal
normal
normal
normal
normal
normal
normal
normal
ipsweep
satan
neptune
neptune
neptune
neptune
neptune
normal
normal
normal
neptune
normal
normal
normal
neptune
neptune
normal
normal
normal
satan
neptune
neptune
portsweep
normal
normal
neptune
neptune
normal
normal
normal
neptune
normal
neptune
warezclient
normal
neptune
neptune
neptune
smurf
normal
normal
neptune
normal
normal
normal
neptune
normal
normal
normal
normal
ipsweep
normal
normal
neptune
teardrop
neptune
normal
normal
satan
neptune
normal
normal
normal
neptune
neptune
normal
normal
normal
neptune
ipsweep
normal
normal
normal
nmap
normal
neptune
normal
normal
normal
neptune
normal
normal
normal
portsweep
normal
neptune
pod
normal
normal
neptune
normal
normal
normal
neptune
neptune
neptune
ipsweep
normal
neptune
neptune
normal
portsweep
neptune
portsweep
normal
portsweep
normal
normal
normal
neptune
normal
normal
back
neptune
normal
ipsweep
normal
normal
neptune
normal
neptune
normal
normal
neptune
neptune
normal
normal
normal
neptune
normal
normal
normal
neptune
neptune
neptune
satan
smurf
normal
satan
smurf
normal
normal
normal
normal
normal
smurf
smurf
ipsweep
normal
normal
normal
normal
normal
normal
neptune
normal
normal
neptune
normal
normal
neptune
neptune
normal
satan
neptune
normal
normal
neptune
neptune
normal
normal
normal
normal
normal
neptune
normal
teardrop
normal
normal
neptune
neptune
normal
normal
normal
teardrop
neptune
neptune
ipsweep
normal
normal
neptune
satan
warezclient
nmap
normal
neptune
normal
normal
neptune
normal
normal
normal
neptune
normal
neptune
neptune
normal
normal
neptune
neptune
normal
normal
normal
normal
normal
neptune
neptune
normal
normal
normal
neptune
normal
normal
neptune
satan
neptune
normal
nmap
satan
normal
normal
neptune
normal
normal
satan
neptune
neptune
normal
normal
normal
normal
normal
ipsweep
normal
normal
neptune
normal
back
normal
normal
neptune
normal
smurf
neptune
neptune
teardrop
normal
neptune
normal
neptune
normal
normal
normal
satan
normal
normal
normal
neptune
normal
neptune
normal
neptune
normal
normal
normal
ipsweep
normal
back
normal
back
neptune
normal
normal
normal
normal
normal
neptune
neptune
neptune
normal
normal
neptune
neptune
neptune
normal
normal
satan
normal
normal
neptune
normal
normal
normal
normal
normal
neptune
normal
normal
normal
normal
neptune
neptune
normal
neptune
normal
neptune
neptune
neptune
neptune
neptune
ipsweep
normal
neptune
normal
neptune
nmap
neptune
normal
normal
ipsweep
normal
normal
neptune
normal
neptune
normal
normal
portsweep
normal
smurf
normal
normal
ftp_write
warezclient
normal
neptune
neptune
neptune
neptune
normal
portsweep
normal
normal
normal
normal
normal
normal
neptune
normal
neptune
normal
normal
normal
normal
smurf
neptune
normal
back
neptune
nmap
normal
ipsweep
normal
neptune
normal
normal
smurf
normal
normal
normal
normal
ipsweep
neptune
neptune
normal
ipsweep
normal
normal
normal
teardrop
neptune
normal
normal
normal
normal
normal
normal
normal
normal
back
normal
normal
normal
normal
neptune
normal
ipsweep
normal
normal
normal
normal
normal
normal
neptune
normal
portsweep
normal
normal
normal
satan
neptune
normal
neptune
normal
normal
normal
portsweep
normal
normal
normal
normal
neptune
neptune
smurf
normal
neptune
normal
neptune
ipsweep
neptune
back
normal
normal
satan
normal
neptune
neptune
normal
neptune
normal
ipsweep
neptune
normal
normal
normal
neptune
normal
normal
normal
normal
normal
normal
neptune
neptune
neptune
neptune
normal
normal
portsweep
neptune
normal
normal
normal
normal
normal
neptune
normal
normal
normal
neptune
normal
smurf
neptune
neptune
normal
normal
neptune
ipsweep
smurf
normal
normal
normal
normal
normal
normal
normal
normal
normal
normal
neptune
normal
normal
neptune
neptune
neptune
nmap
ipsweep
portsweep
back
normal
normal
normal
normal
neptune
normal
neptune
neptune
normal
neptune
normal
neptune
neptune
normal
normal
normal
satan
neptune
neptune
portsweep
normal
neptune
normal
normal
normal
normal
ipsweep
normal
normal
normal
normal
normal
normal
normal
neptune
normal
normal
neptune
neptune
normal
neptune
normal
normal
neptune
normal
neptune
normal
normal
neptune
neptune
normal
neptune
normal
normal
neptune
neptune
normal
normal
normal
normal
normal
neptune
normal
normal
neptune
normal
normal
neptune
neptune
neptune
warezmaster
neptune
normal
portsweep
normal
neptune
normal
neptune
back
neptune
neptune
smurf
neptune
neptune
normal
normal
normal
smurf
normal
neptune
normal
normal
neptune
normal
satan
neptune
neptune
normal
normal
normal
normal
normal
neptune
neptune
neptune
warezclient
normal
neptune
normal
normal
normal
normal
ipsweep
neptune
neptune
neptune
normal
normal
neptune
normal
neptune
normal
normal
ipsweep
neptune
neptune
neptune
normal
normal
normal
neptune
normal
satan
neptune
neptune
neptune
neptune
normal
ipsweep
normal
satan
neptune
neptune
normal
normal
normal
normal
normal
normal
normal
neptune
portsweep
nmap
neptune
portsweep
normal
normal
normal
normal
portsweep
satan
neptune
normal
normal
neptune
normal
normal
teardrop
neptune
neptune
neptune
neptune
neptune
normal
neptune
ipsweep
normal
normal
normal
satan
normal
neptune
satan
teardrop
normal
normal
normal
normal
normal
neptune
neptune
normal
neptune
neptune
ipsweep
neptune
neptune
satan
normal
normal
normal
neptune
neptune
normal
satan
normal
neptune
normal
normal
normal
normal
normal
ipsweep
normal
teardrop
ipsweep
neptune
normal
normal
normal
normal
portsweep
normal
neptune
normal
ipsweep
neptune
neptune
neptune
portsweep
neptune
neptune
normal
normal
normal
normal
neptune
normal
neptune
normal
normal
normal
smurf
nmap
neptune
ipsweep
normal
normal
normal
normal
normal
normal
normal
neptune
neptune
nmap
smurf
normal
neptune
normal
neptune
neptune
normal
neptune
neptune
neptune
neptune
portsweep
normal
normal
normal
neptune
neptune
normal
portsweep
normal
normal
neptune
normal
normal
neptune
neptune
neptune
neptune
normal
neptune
normal
normal
normal
normal
normal
neptune
normal
neptune
neptune
normal
neptune
normal
normal
neptune
normal
normal
neptune
neptune
normal
neptune
pod
normal
normal
neptune
normal
neptune
normal
neptune
neptune
normal
neptune
smurf
normal
neptune
normal
normal
normal
normal
normal
normal
neptune
neptune
smurf
satan
neptune
neptune
neptune
neptune
normal
normal
neptune
neptune
normal
normal
neptune
normal
normal
ipsweep
normal
nmap
normal
normal
normal
normal
portsweep
normal
normal
ipsweep
normal
normal
neptune
neptune
neptune
neptune
portsweep
normal
normal
smurf
neptune
portsweep
neptune
normal
portsweep
normal
neptune
normal
neptune
neptune
neptune
neptune
normal
normal
normal
normal
normal
normal
normal
satan
normal
smurf
normal
neptune
normal
neptune
neptune
normal
back
normal
neptune
neptune
ipsweep
normal
normal
portsweep
normal
normal
normal
neptune
neptune
normal
normal
normal
neptune
neptune
neptune
normal
portsweep
normal
normal
normal
neptune
neptune
normal
neptune
normal
warezclient
portsweep
normal
ipsweep
neptune
normal
normal
neptune
neptune
normal
normal
normal
neptune
neptune
neptune
normal
neptune
normal
normal
neptune
ipsweep
neptune
normal
normal
ipsweep
neptune
normal
normal
ipsweep
portsweep
neptune
normal
neptune
normal
neptune
satan
neptune
neptune
neptune
normal
normal
neptune
normal
normal
normal
neptune
normal
normal
neptune
normal
normal
smurf
neptune
normal
normal
normal
portsweep
ipsweep
neptune
neptune
normal
normal
normal
normal
normal
normal
normal
smurf
neptune
neptune
normal
normal
neptune
neptune
neptune
normal
back
normal
neptune
normal
neptune
neptune
neptune
neptune
neptune
normal
neptune
neptune
satan
neptune
neptune
normal
normal
normal
neptune
teardrop
normal
neptune
neptune
neptune
normal
neptune
normal
normal
ipsweep
portsweep
normal
normal
normal
neptune
normal
neptune
normal
normal
normal
normal
ipsweep
normal
normal
normal
neptune
normal
portsweep
normal
neptune
neptune
normal
normal
neptune
smurf
normal
neptune
normal
neptune
normal
warezclient
neptune
normal
normal
back
normal
neptune
normal
portsweep
normal
neptune
warezclient
normal
normal
neptune
normal
normal
normal
ipsweep
normal
normal
normal
normal
normal
neptune
normal
neptune
neptune
neptune
neptune
normal
normal
smurf
normal
normal
normal
neptune
normal
neptune
normal
neptune
normal
normal
normal
normal
neptune
normal
satan
normal
normal
normal
satan
normal
neptune
normal
normal
normal
normal
normal
normal
normal
normal
satan
normal
normal
normal
normal
portsweep
satan
normal
normal
normal
normal
normal
normal
normal
neptune
neptune
normal
ipsweep
neptune
neptune
teardrop
neptune
normal
neptune
neptune
neptune
normal
smurf
neptune
normal
neptune
normal
normal
neptune
neptune
normal
smurf
satan
normal
normal
normal
neptune
normal
normal
normal
normal
neptune
neptune
neptune
neptune
normal
nmap
normal
neptune
neptune
normal
neptune
normal
normal
ipsweep
neptune
neptune
neptune
normal
neptune
normal
normal
normal
neptune
neptune
normal
neptune
neptune
satan
normal
normal
neptune
satan
neptune
normal
neptune
neptune
neptune
normal
normal
normal
neptune
neptune
satan
normal
portsweep
neptune
neptune
normal
neptune
normal
neptune
normal
nmap
neptune
normal
normal
ipsweep
normal
neptune
normal
normal
smurf
neptune
normal
normal
normal
portsweep
neptune
satan
neptune
neptune
neptune
neptune
normal
back
ipsweep
neptune
satan
neptune
satan
normal
neptune
normal
normal
normal
normal
normal
neptune
normal
normal
normal
normal
ipsweep
neptune
normal
normal
normal
normal
back
smurf
neptune
normal
neptune
nmap
normal
neptune
neptune
normal
normal
normal
neptune
neptune
neptune
normal
neptune
normal
normal
neptune
normal
portsweep
normal
smurf
normal
normal
neptune
neptune
neptune
neptune
neptune
neptune
normal
normal
normal
neptune
neptune
normal
neptune
normal
satan
neptune
neptune
normal
smurf
neptune
normal
normal
normal
neptune
normal
neptune
normal
normal
normal
ipsweep
neptune
normal
neptune
normal
neptune
neptune
neptune
normal
normal
normal
normal
normal
normal
normal
neptune
normal
portsweep
neptune
normal
portsweep
normal
ipsweep
smurf
neptune
normal
neptune
normal
nmap
portsweep
portsweep
smurf
normal
guess_passwd
ipsweep
neptune
neptune
normal
normal
normal
satan
nmap
satan
normal
normal
satan
nmap
normal
normal
normal
normal
normal
neptune
normal
normal
satan
neptune
normal
normal
neptune
normal
neptune
neptune
normal
normal
normal
normal
normal
normal
neptune
normal
ipsweep
neptune
normal
normal
normal
neptune
neptune
normal
normal
normal
smurf
normal
smurf
normal
normal
warezclient
normal
neptune
normal
normal
normal
neptune
normal
neptune
nmap
normal
normal
normal
normal
normal
neptune
normal
normal
normal
normal
neptune
neptune
normal
normal
smurf
ipsweep
normal
normal
neptune
normal
neptune
satan
neptune
normal
ipsweep
normal
neptune
neptune
normal
normal
normal
portsweep
neptune
normal
normal
neptune
normal
normal
smurf
neptune
normal
ipsweep
normal
neptune
normal
normal
neptune
normal
neptune
neptune
normal
normal
portsweep
neptune
neptune
ipsweep
normal
neptune
normal
ipsweep
normal
ipsweep
normal
neptune
neptune
neptune
neptune
normal
normal
neptune
nmap
normal
normal
neptune
normal
satan
normal
normal
normal
normal
normal
satan
normal
normal
normal
back
neptune
normal
normal
neptune
normal
neptune
normal
neptune
satan
normal
normal
neptune
neptune
normal
neptune
ipsweep
neptune
neptune
normal
neptune
normal
normal
neptune
normal
normal
normal
neptune
normal
neptune
normal
normal
normal
normal
neptune
normal
normal
normal
neptune
normal
neptune
neptune
normal
normal
nmap
neptune
normal
normal
portsweep
normal
neptune
normal
normal
normal
normal
normal
normal
neptune
normal
normal
normal
normal
normal
normal
nmap
neptune
neptune
neptune
normal
neptune
normal
normal
neptune
normal
normal
neptune
neptune
neptune
normal
neptune
neptune
normal
neptune
normal
normal
neptune
normal
normal
normal
neptune
normal
normal
guess_passwd
smurf
neptune
ipsweep
portsweep
normal
portsweep
normal
satan
normal
normal
neptune
normal
neptune
normal
normal
normal
portsweep
neptune
smurf
neptune
neptune
normal
normal
satan
neptune
normal
normal
neptune
neptune
normal
normal
neptune
neptune
nmap
normal
neptune
normal
neptune
neptune
neptune
normal
normal
neptune
ipsweep
normal
normal
normal
neptune
neptune
neptune
neptune
neptune
guess_passwd
normal
normal
normal
normal
neptune
neptune
satan
neptune
neptune
normal
neptune
neptune
normal
normal
normal
neptune
normal
nmap
normal
normal
normal
normal
neptune
neptune
normal
neptune
normal
normal
normal
portsweep
normal
teardrop
satan
neptune
normal
normal
normal
normal
normal
neptune
normal
normal
ipsweep
normal
neptune
neptune
normal
normal
normal
warezclient
warezclient
neptune
normal
neptune
normal
normal
back
normal
normal
nmap
neptune
normal
nmap
normal
neptune
satan
neptune
normal
neptune
portsweep
neptune
normal
normal
normal
normal
neptune
neptune
normal
neptune
normal
normal
neptune
ipsweep
normal
normal
normal
normal
normal
nmap
neptune
normal
normal
normal
neptune
neptune
neptune
normal
neptune
normal
normal
normal
normal
normal
neptune
neptune
normal
portsweep
normal
normal
neptune
normal
neptune
normal
normal
neptune
normal
normal
normal
normal
portsweep
neptune
normal
normal
normal
portsweep
normal
neptune
normal
normal
normal
normal
neptune
normal
normal
normal
satan
neptune
normal
normal
normal
normal
normal
normal
portsweep
normal
neptune
neptune
normal
normal
neptune
neptune
normal
normal
neptune
normal
neptune
normal
normal
normal
normal
normal
normal
normal
normal
smurf
ipsweep
neptune
neptune
normal
back
normal
normal
normal
normal
neptune
back
normal
normal
normal
normal
normal
neptune
neptune
normal
normal
normal
neptune
normal
normal
normal
neptune
normal
neptune
normal
normal
normal
normal
normal
ipsweep
normal
normal
neptune
neptune
teardrop
teardrop
normal
normal
normal
neptune
neptune
normal
neptune
normal
warezclient
teardrop
normal
neptune
normal
neptune
portsweep
neptune
neptune
neptune
neptune
normal
neptune
normal
ipsweep
normal
normal
normal
normal
normal
normal
neptune
neptune
ipsweep
neptune
normal
neptune
normal
smurf
normal
neptune
normal
smurf
normal
neptune
neptune
neptune
normal
neptune
satan
normal
normal
neptune
normal
neptune
neptune
satan
normal
neptune
smurf
satan
normal
normal
normal
normal
normal
ipsweep
normal
neptune
neptune
normal
satan
ipsweep
normal
normal
normal
normal
neptune
normal
neptune
neptune
normal
normal
normal
ipsweep
normal
normal
neptune
neptune
neptune
neptune
normal
neptune
smurf
neptune
neptune
normal
normal
normal
normal
normal
normal
neptune
neptune
normal
ipsweep
neptune
portsweep
normal
neptune
normal
normal
normal
teardrop
neptune
normal
satan
neptune
ipsweep
normal
neptune
normal
normal
normal
neptune
normal
neptune
normal
normal
normal
neptune
neptune
neptune
neptune
neptune
normal
normal
normal
normal
neptune
neptune
normal
normal
normal
normal
neptune
neptune
normal
normal
neptune
normal
neptune
neptune
neptune
neptune
portsweep
neptune
neptune
satan
normal
normal
neptune
neptune
normal
neptune
neptune
normal
neptune
normal
neptune
ipsweep
normal
neptune
normal
neptune
neptune
neptune
back
normal
normal
neptune
normal
neptune
neptune
nmap
neptune
neptune
normal
normal
normal
normal
normal
neptune
normal
normal
normal
normal
normal
normal
normal
normal
normal
normal
neptune
normal
normal
normal
neptune
neptune
normal
neptune
normal
normal
neptune
normal
normal
neptune
neptune
normal
smurf
normal
normal
normal
neptune
smurf
normal
normal
nmap
normal
neptune
normal
normal
normal
normal
normal
neptune
neptune
portsweep
smurf
normal
normal
normal
neptune
normal
smurf
smurf
normal
normal
normal
neptune
neptune
normal
back
normal
back
normal
normal
normal
normal
normal
portsweep
neptune
normal
normal
normal
normal
normal
neptune
normal
normal
normal
normal
neptune
neptune
normal
neptune
neptune
normal
normal
normal
normal
normal
satan
normal
neptune
neptune
normal
neptune
neptune
normal
neptune
normal
neptune
normal
normal
normal
normal
normal
normal
neptune
smurf
normal
neptune
neptune
nmap
satan
neptune
normal
normal
neptune
normal
neptune
normal
normal
neptune
normal
neptune
normal
neptune
normal
neptune
neptune
normal
neptune
neptune
neptune
normal
normal
normal
normal
neptune
normal
neptune
normal
normal
neptune
normal
neptune
normal
ipsweep
neptune
neptune
normal
normal
normal
normal
ipsweep
neptune
neptune
normal
neptune
neptune
neptune
normal
normal
normal
normal
normal
normal
neptune
neptune
normal
normal
normal
neptune
smurf
normal
neptune
neptune
neptune
normal
normal
normal
satan
ipsweep
normal
neptune
normal
neptune
normal
neptune
normal
portsweep
neptune
normal
smurf
normal
portsweep
normal
ipsweep
normal
portsweep
neptune
normal
neptune
neptune
normal
normal
neptune
back
satan
normal
normal
nmap
normal
normal
normal
nmap
neptune
neptune
neptune
satan
normal
normal
back
neptune
normal
portsweep
normal
neptune
smurf
satan
neptune
normal
nmap
normal
neptune
normal
normal
normal
normal
normal
normal
normal
normal
neptune
neptune
normal
ipsweep
normal
neptune
normal
neptune
normal
normal
neptune
normal
normal
normal
satan
normal
portsweep
nmap
neptune
normal
normal
neptune
neptune
smurf
normal
neptune
normal
normal
normal
normal
neptune
neptune
normal
neptune
neptune
normal
normal
normal
normal
neptune
neptune
teardrop
neptune
neptune
neptune
normal
neptune
normal
normal
normal
normal
neptune
neptune
normal
normal
normal
smurf
normal
normal
normal
normal
neptune
normal
normal
normal
normal
neptune
normal
neptune
normal
normal
neptune
neptune
normal
neptune
normal
ipsweep
normal
normal
normal
neptune
normal
neptune
neptune
normal
neptune
ipsweep
normal
neptune
neptune
normal
normal
normal
normal
normal
normal
normal
neptune
normal
neptune
neptune
normal
normal
neptune
normal
smurf
neptune
neptune
normal
normal
normal
normal
neptune
normal
neptune
normal
neptune
normal
normal
normal
back
portsweep
neptune
neptune
normal
normal
neptune
neptune
normal
normal
normal
normal
neptune
neptune
neptune
neptune
neptune
neptune
normal
normal
neptune
neptune
normal
neptune
normal
neptune
normal
neptune
normal
normal
normal
neptune
neptune
back
neptune
ipsweep
normal
normal
normal
normal
neptune
normal
normal
neptune
normal
neptune
normal
neptune
normal
neptune
smurf
neptune
back
normal
normal
normal
normal
normal
normal
normal
normal
normal
normal
normal
normal
normal
normal
normal
normal
neptune
ipsweep
neptune
normal
teardrop
normal
normal
neptune
normal
normal
normal
normal
neptune
normal
normal
normal
normal
normal
neptune
normal
neptune
normal
neptune
normal
normal
neptune
normal
